0.000000e+00
1.302770e-44
6.258589e-38
-1.404716e-36
2.207597e-32
1.751902e-26
1.299583e-08
2.638210e-08
6.784028e-08
1.438051e-07
2.141755e-07
4.632267e-07
1.166289e-06
2.034156e-06
3.171261e-06
5.658400e-06
1.099602e-05
1.649240e-05
2.422506e-05
3.323518e-05
6.375521e-05
8.348157e-05
1.144997e-04
1.827520e-04
2.461793e-04
3.695739e-04
7.199053e-04
8.824196e-04
1.057484e-03
1.583521e-03
2.020439e-03
2.298319e-03
3.202203e-03
4.352367e-03
4.321716e-03
4.291064e-03
4.965661e-03
5.492163e-03
7.665667e-03
8.565318e-03
9.054716e-03
9.207060e-03
9.319673e-03
1.165109e-02
1.320241e-02
1.424386e-02
1.283771e-02
1.596222e-02
1.925316e-02
1.678085e-02
2.045676e-02
2.306449e-02
2.311616e-02
2.726681e-02
3.081579e-02
2.623229e-02
2.546678e-02
3.098854e-02
3.542196e-02
3.545321e-02
2.987554e-02
3.215017e-02
3.417309e-02
3.947337e-02
4.036768e-02
3.881760e-02
3.438009e-02
3.678124e-02
4.314667e-02
4.186447e-02
4.178498e-02
4.159948e-02
3.698057e-02
4.170963e-02
4.463483e-02
4.543407e-02
4.526003e-02
4.131649e-02
4.166593e-02
4.295884e-02
4.617844e-02
4.589107e-02
4.428488e-02
4.424824e-02
4.602542e-02
4.688728e-02
4.735479e-02
4.735528e-02
4.627078e-02
4.555495e-02
4.550320e-02
4.549745e-02
4.671995e-02
4.762914e-02
4.751328e-02
4.652279e-02
4.708133e-02
4.797528e-02
4.800477e-02
4.787134e-02
4.777875e-02
4.683187e-02
4.739957e-02
4.794248e-02
4.807094e-02
4.798714e-02
4.823489e-02
4.829801e-02
4.840431e-02
4.844963e-02
4.846154e-02
4.863060e-02
4.901410e-02
4.887571e-02
4.887515e-02
4.873620e-02
