0.000000e+00
-1.304064e-37
-4.098379e-31
-1.664003e-29
2.717216e-25
1.029308e-07
1.749576e-07
3.264565e-07
7.607305e-07
1.414628e-06
2.112656e-06
3.972986e-06
8.675033e-06
1.389051e-05
2.113356e-05
3.353932e-05
5.872056e-05
8.462652e-05
1.173981e-04
1.550703e-04
2.614364e-04
3.316258e-04
4.261668e-04
6.367965e-04
8.049285e-04
1.138492e-03
1.920269e-03
2.295359e-03
2.626354e-03
3.622483e-03
4.361555e-03
4.909277e-03
6.288812e-03
7.849895e-03
7.894964e-03
7.940033e-03
8.931438e-03
9.509150e-03
1.236178e-02
1.348327e-02
1.401188e-02
1.418945e-02
1.442831e-02
1.691353e-02
1.851787e-02
1.957578e-02
1.845411e-02
2.141913e-02
2.447310e-02
2.247986e-02
2.568179e-02
2.784302e-02
2.814564e-02
3.149360e-02
3.419581e-02
3.093359e-02
3.029200e-02
3.452580e-02
3.777229e-02
3.791130e-02
3.396242e-02
3.560175e-02
3.701683e-02
4.081916e-02
4.157412e-02
4.061118e-02
3.748269e-02
3.921631e-02
4.361882e-02
4.289900e-02
4.283193e-02
4.267544e-02
3.954501e-02
4.272841e-02
4.474278e-02
4.535097e-02
4.526796e-02
4.270441e-02
4.292654e-02
4.374658e-02
4.598878e-02
4.581676e-02
4.480930e-02
4.469303e-02
4.588081e-02
4.653237e-02
4.684980e-02
4.685180e-02
4.614567e-02
4.573217e-02
4.565093e-02
4.564190e-02
4.647342e-02
4.708735e-02
4.698146e-02
4.641380e-02
4.673143e-02
4.736684e-02
4.740067e-02
4.729232e-02
4.725126e-02
4.665829e-02
4.701291e-02
4.736771e-02
4.750199e-02
4.747320e-02
4.759601e-02
4.767308e-02
4.779273e-02
4.785280e-02
4.787098e-02
4.807618e-02
4.853832e-02
4.845495e-02
4.845432e-02
4.834884e-02
