0.000000e+00
-1.657272e-83
-3.976517e-77
-1.372611e-75
7.499234e-72
6.634843e-66
-5.612868e-60
5.774958e-55
-2.360385e-49
-3.319326e-43
7.787650e-38
-1.171928e-31
-6.497690e-26
3.220104e-08
6.446967e-08
1.476467e-07
3.923196e-07
7.235178e-07
1.272513e-06
2.035071e-06
5.140377e-06
7.674713e-06
1.197554e-05
2.388234e-05
3.604733e-05
6.515741e-05
1.633624e-04
2.202567e-04
2.794812e-04
4.892069e-04
6.795688e-04
8.212554e-04
1.279434e-03
1.909981e-03
1.910977e-03
1.911972e-03
2.345720e-03
2.643263e-03
4.171857e-03
4.839313e-03
5.187046e-03
5.300352e-03
5.425930e-03
7.229896e-03
8.491450e-03
9.376859e-03
8.327346e-03
1.096692e-02
1.390897e-02
1.180429e-02
1.509781e-02
1.748075e-02
1.772092e-02
2.180458e-02
2.530972e-02
2.089169e-02
2.009411e-02
2.562433e-02
3.025208e-02
3.035546e-02
2.465766e-02
2.694294e-02
2.899199e-02
3.473099e-02
3.582928e-02
3.422408e-02
2.944425e-02
3.203509e-02
3.902832e-02
3.773451e-02
3.762555e-02
3.737128e-02
3.235655e-02
3.748667e-02
4.082044e-02
4.178635e-02
4.161072e-02
3.723836e-02
3.761338e-02
3.900225e-02
4.276044e-02
4.245222e-02
4.065181e-02
4.051756e-02
4.255503e-02
4.363343e-02
4.418029e-02
4.417911e-02
4.293232e-02
4.216546e-02
4.203468e-02
4.202016e-02
4.346367e-02
4.455974e-02
4.438116e-02
4.331731e-02
4.390571e-02
4.498331e-02
4.503510e-02
4.485878e-02
4.476476e-02
4.369114e-02
4.433308e-02
4.494274e-02
4.513430e-02
4.504673e-02
4.529337e-02
4.536518e-02
4.551323e-02
4.557538e-02
4.558742e-02
4.575956e-02
4.615790e-02
4.604403e-02
4.604239e-02
4.594179e-02
