0.000000e+00
9.868833e-84
-2.751935e-77
4.733700e-76
-8.414530e-72
8.310940e-66
-1.710114e-60
1.570789e-55
-2.509058e-49
-2.879668e-43
3.173835e-37
-3.298155e-32
-9.372930e-26
2.688866e-08
5.426044e-08
1.255340e-07
3.374330e-07
6.266498e-07
1.109382e-06
1.783698e-06
4.554625e-06
6.830524e-06
1.071472e-05
2.153286e-05
3.265272e-05
5.940929e-05
1.504765e-04
2.035303e-04
2.589455e-04
4.559271e-04
6.356019e-04
7.695802e-04
1.204621e-03
1.806057e-03
1.806845e-03
1.807633e-03
2.222239e-03
2.507578e-03
3.975908e-03
4.618694e-03
4.954233e-03
5.063532e-03
5.184400e-03
6.928305e-03
8.150418e-03
9.009081e-03
7.990228e-03
1.055307e-02
1.341475e-02
1.136542e-02
1.457252e-02
1.689759e-02
1.713067e-02
2.112164e-02
2.455218e-02
2.022718e-02
1.944801e-02
2.485932e-02
2.939601e-02
2.949684e-02
2.391138e-02
2.615043e-02
2.815966e-02
3.379206e-02
3.487008e-02
3.329262e-02
2.860142e-02
3.114363e-02
3.801395e-02
3.674081e-02
3.663380e-02
3.638412e-02
3.145820e-02
3.649781e-02
3.977558e-02
4.072543e-02
4.055254e-02
3.625238e-02
3.662121e-02
3.798699e-02
4.168321e-02
4.137965e-02
3.960804e-02
3.947678e-02
4.148139e-02
4.254200e-02
4.308036e-02
4.307920e-02
4.185194e-02
4.109696e-02
4.096884e-02
4.095460e-02
4.237495e-02
4.345355e-02
4.327808e-02
4.223035e-02
4.281005e-02
4.387058e-02
4.392149e-02
4.374820e-02
4.365544e-02
4.259833e-02
4.323036e-02
4.383040e-02
4.401835e-02
4.393193e-02
4.417473e-02
4.424518e-02
4.439044e-02
4.445139e-02
4.446317e-02
4.463076e-02
4.501930e-02
4.490843e-02
4.490682e-02
4.480871e-02
