0.000000e+00
-1.911835e-83
4.554230e-77
2.763574e-76
2.128615e-71
-3.574747e-66
-4.618644e-62
5.738317e-55
-3.274137e-50
-1.299704e-43
1.184678e-37
-1.171928e-31
4.967930e-26
5.681009e-08
1.107427e-07
2.453462e-07
6.273416e-07
1.129874e-06
1.943874e-06
3.052963e-06
7.436191e-06
1.093308e-05
1.676091e-05
3.254158e-05
4.835309e-05
8.541880e-05
2.067515e-04
2.755593e-04
3.464724e-04
5.939305e-04
8.146954e-04
9.774070e-04
1.497170e-03
2.200966e-03
2.202206e-03
2.203446e-03
2.682187e-03
3.008771e-03
4.666746e-03
5.383725e-03
5.755172e-03
5.876204e-03
6.010337e-03
7.921305e-03
9.245284e-03
1.017126e-02
9.076554e-03
1.182328e-02
1.486226e-02
1.269639e-02
1.608334e-02
1.851678e-02
1.875851e-02
2.289449e-02
2.642695e-02
2.197855e-02
2.117149e-02
2.674566e-02
3.136722e-02
3.147261e-02
2.577453e-02
2.806907e-02
3.011724e-02
3.582359e-02
3.690339e-02
3.531469e-02
3.056309e-02
3.314282e-02
4.007261e-02
3.879014e-02
3.868378e-02
3.843559e-02
3.346837e-02
3.855285e-02
4.182518e-02
4.278286e-02
4.261354e-02
3.830090e-02
3.867028e-02
4.003853e-02
4.374072e-02
4.343906e-02
4.166799e-02
4.154193e-02
4.353740e-02
4.459906e-02
4.512789e-02
4.513422e-02
4.390910e-02
4.316027e-02
4.302468e-02
4.300962e-02
4.443317e-02
4.550632e-02
4.533475e-02
4.429559e-02
4.486904e-02
4.592590e-02
4.596600e-02
4.580102e-02
4.571242e-02
4.465375e-02
4.528041e-02
4.588255e-02
4.607215e-02
4.597920e-02
4.622426e-02
4.629983e-02
4.644585e-02
4.650853e-02
4.652077e-02
4.669659e-02
4.710315e-02
4.698655e-02
4.698488e-02
4.688230e-02
