0.000000e+00
1.847987e-56
4.891159e-49
-1.694319e-46
-8.477856e-43
-1.138760e-38
-1.444447e-31
1.279848e-26
8.192772e-08
1.803987e-07
2.823212e-07
6.112278e-07
1.566409e-06
2.750985e-06
4.445164e-06
7.841914e-06
1.535906e-05
2.343619e-05
3.458214e-05
4.782446e-05
9.042491e-05
1.193054e-04
1.617239e-04
2.601908e-04
3.457701e-04
5.196016e-04
9.801078e-04
1.204075e-03
1.419006e-03
2.092699e-03
2.623777e-03
2.990958e-03
4.057250e-03
5.342654e-03
5.346600e-03
5.350546e-03
6.159482e-03
6.682284e-03
9.136483e-03
1.012341e-02
1.061540e-02
1.077569e-02
1.095314e-02
1.332924e-02
1.487824e-02
1.592431e-02
1.468875e-02
1.770008e-02
2.083743e-02
1.864295e-02
2.203843e-02
2.434976e-02
2.457169e-02
2.826247e-02
3.128905e-02
2.748541e-02
2.676575e-02
3.155747e-02
3.529255e-02
3.537911e-02
3.075637e-02
3.264844e-02
3.430081e-02
3.873890e-02
3.955283e-02
3.835377e-02
3.466669e-02
3.667887e-02
4.188377e-02
4.095107e-02
4.087318e-02
4.069141e-02
3.693840e-02
4.077180e-02
4.315920e-02
4.383862e-02
4.371984e-02
4.058935e-02
4.085921e-02
4.186318e-02
4.451425e-02
4.429884e-02
4.304669e-02
4.295410e-02
4.437808e-02
4.511906e-02
4.549284e-02
4.549842e-02
4.464047e-02
4.410649e-02
4.402057e-02
4.401103e-02
4.500982e-02
4.574619e-02
4.563270e-02
4.490962e-02
4.530308e-02
4.603820e-02
4.607230e-02
4.595144e-02
4.589594e-02
4.515564e-02
4.559179e-02
4.602117e-02
4.615701e-02
4.610585e-02
4.626805e-02
4.634224e-02
4.645199e-02
4.650853e-02
4.652077e-02
4.669659e-02
4.710315e-02
4.698655e-02
4.698488e-02
4.688230e-02
