0.000000e+00
-7.438675e-39
-1.444447e-32
-8.011869e-31
-8.885729e-26
4.764049e-08
8.337523e-08
1.610260e-07
3.925028e-07
7.551635e-07
1.149056e-06
2.238869e-06
5.098646e-06
8.371146e-06
1.299366e-05
2.115528e-05
3.813400e-05
5.593611e-05
7.889599e-05
1.056350e-04
1.830475e-04
2.348359e-04
3.057906e-04
4.658089e-04
5.959262e-04
8.569035e-04
1.483508e-03
1.787508e-03
2.059392e-03
2.884059e-03
3.504177e-03
3.963564e-03
5.139222e-03
6.485981e-03
6.521943e-03
6.557906e-03
7.415654e-03
7.922962e-03
1.042126e-02
1.141039e-02
1.188006e-02
1.203743e-02
1.224593e-02
1.446385e-02
1.590212e-02
1.685330e-02
1.583405e-02
1.851160e-02
2.127994e-02
1.946094e-02
2.237547e-02
2.435178e-02
2.461924e-02
2.769378e-02
3.018429e-02
2.716855e-02
2.658035e-02
3.048251e-02
3.348759e-02
3.361193e-02
2.995251e-02
3.146928e-02
3.278196e-02
3.631063e-02
3.700819e-02
3.610890e-02
3.320243e-02
3.481060e-02
3.890860e-02
3.823194e-02
3.816983e-02
3.802490e-02
3.510449e-02
3.807601e-02
3.995332e-02
4.051876e-02
4.044009e-02
3.804430e-02
3.825179e-02
3.901842e-02
4.110920e-02
4.094771e-02
4.000424e-02
3.989962e-02
4.100949e-02
4.161528e-02
4.191191e-02
4.191321e-02
4.125287e-02
4.086412e-02
4.079007e-02
4.078185e-02
4.155830e-02
4.213164e-02
4.203310e-02
4.149993e-02
4.179914e-02
4.239209e-02
4.242298e-02
4.232358e-02
4.228367e-02
4.172760e-02
4.205985e-02
4.239110e-02
4.251333e-02
4.248553e-02
4.260051e-02
4.267135e-02
4.278069e-02
4.283496e-02
4.285172e-02
4.303462e-02
4.344744e-02
4.337515e-02
4.337462e-02
4.328020e-02
