3.279509e-07
5.289117e-07
9.885558e-07
1.379799e-06
2.292752e-06
4.193625e-06
6.113592e-06
9.497679e-06
1.731707e-05
2.699589e-05
3.598266e-05
5.629292e-05
9.800566e-05
1.369136e-04
1.847011e-04
2.562177e-04
3.813188e-04
4.946804e-04
6.242010e-04
7.607163e-04
1.101343e-03
1.304042e-03
1.556755e-03
2.068687e-03
2.441838e-03
3.118938e-03
4.514856e-03
5.121603e-03
5.633009e-03
7.070524e-03
8.058412e-03
8.757820e-03
1.042533e-02
1.218367e-02
1.223111e-02
1.227856e-02
1.333526e-02
1.393666e-02
1.673849e-02
1.779028e-02
1.827679e-02
1.843964e-02
1.865429e-02
2.084238e-02
2.220630e-02
2.308027e-02
2.214591e-02
2.456192e-02
2.694762e-02
2.540466e-02
2.786824e-02
2.947759e-02
2.969258e-02
3.208762e-02
3.397560e-02
3.169616e-02
3.124700e-02
3.420266e-02
3.638083e-02
3.647603e-02
3.381094e-02
3.492901e-02
3.587855e-02
3.837632e-02
3.885507e-02
3.823896e-02
3.619096e-02
3.732882e-02
4.014248e-02
3.969941e-02
3.965807e-02
3.956161e-02
3.753815e-02
3.959144e-02
4.085924e-02
4.123319e-02
4.117895e-02
3.957399e-02
3.971487e-02
4.023559e-02
4.162101e-02
4.151590e-02
4.089487e-02
4.082826e-02
4.156576e-02
4.195320e-02
4.215942e-02
4.216406e-02
4.172595e-02
4.146665e-02
4.142363e-02
4.141885e-02
4.193509e-02
4.229674e-02
4.224367e-02
4.189131e-02
4.208131e-02
4.247004e-02
4.249217e-02
4.242494e-02
4.240601e-02
4.203808e-02
4.226508e-02
4.248736e-02
4.256504e-02
4.255132e-02
4.262773e-02
4.270234e-02
4.278463e-02
4.283496e-02
4.285172e-02
4.303462e-02
4.344744e-02
4.337515e-02
4.337462e-02
4.328020e-02
