3.733917e-05
4.943684e-05
7.204121e-05
8.625933e-05
1.194369e-04
1.714077e-04
2.145243e-04
2.786487e-04
3.974463e-04
5.218494e-04
6.140795e-04
8.074711e-04
1.128984e-03
1.379781e-03
1.640512e-03
2.006054e-03
2.548852e-03
2.966106e-03
3.407505e-03
3.825907e-03
4.793573e-03
5.293110e-03
5.888000e-03
6.967925e-03
7.703855e-03
8.889592e-03
1.111932e-02
1.195254e-02
1.266234e-02
1.451845e-02
1.570977e-02
1.644594e-02
1.828190e-02
2.010267e-02
2.010893e-02
2.011518e-02
2.111750e-02
2.171532e-02
2.416597e-02
2.503495e-02
2.544479e-02
2.557763e-02
2.571934e-02
2.749438e-02
2.853122e-02
2.920301e-02
2.842305e-02
3.023903e-02
3.196070e-02
3.079615e-02
3.256470e-02
3.366953e-02
3.376524e-02
3.534092e-02
3.656640e-02
3.504260e-02
3.474799e-02
3.666445e-02
3.804278e-02
3.806938e-02
3.636532e-02
3.708168e-02
3.768937e-02
3.920325e-02
3.945764e-02
3.909659e-02
3.781554e-02
3.851140e-02
4.019523e-02
3.990899e-02
3.988568e-02
3.983129e-02
3.860608e-02
3.985224e-02
4.058009e-02
4.077915e-02
4.074771e-02
3.979801e-02
3.988333e-02
4.019799e-02
4.096745e-02
4.090288e-02
4.054732e-02
4.052033e-02
4.095079e-02
4.115764e-02
4.127518e-02
4.127298e-02
4.102017e-02
4.086085e-02
4.084575e-02
4.084408e-02
4.113234e-02
4.132494e-02
4.130606e-02
4.109328e-02
4.120017e-02
4.140919e-02
4.141933e-02
4.139637e-02
4.137487e-02
4.116708e-02
4.128902e-02
4.142188e-02
4.147045e-02
4.147089e-02
4.151312e-02
4.158391e-02
4.162685e-02
4.167137e-02
4.168261e-02
4.183942e-02
4.220250e-02
4.209930e-02
4.209775e-02
4.200575e-02
