0.000000e+00
-3.201137e-84
-1.450606e-78
-8.317710e-76
-8.445482e-73
2.642809e-67
-2.278936e-60
1.057813e-55
-5.053196e-50
1.888250e-43
8.503967e-38
-3.832601e-32
-2.547074e-26
2.161232e-08
4.403288e-08
1.031359e-07
2.811375e-07
5.265422e-07
9.396004e-07
1.520561e-06
3.934254e-06
5.932158e-06
9.365394e-06
1.899788e-05
2.897188e-05
5.313325e-05
1.362565e-04
1.850115e-04
2.361458e-04
4.187555e-04
5.863156e-04
7.115444e-04
1.120203e-03
1.688297e-03
1.688861e-03
1.689425e-03
2.082070e-03
2.353358e-03
3.752238e-03
4.366540e-03
4.687966e-03
4.792629e-03
4.908064e-03
6.582385e-03
7.758700e-03
8.586308e-03
7.603116e-03
1.007675e-02
1.284487e-02
1.086004e-02
1.396646e-02
1.622402e-02
1.644892e-02
2.033176e-02
2.367531e-02
1.945883e-02
1.870111e-02
2.397365e-02
2.840395e-02
2.850186e-02
2.304771e-02
2.523261e-02
2.719530e-02
3.270319e-02
3.375758e-02
3.221260e-02
2.762484e-02
3.011029e-02
3.683687e-02
3.558795e-02
3.548327e-02
3.523899e-02
3.041677e-02
3.535069e-02
3.856314e-02
3.949459e-02
3.932457e-02
3.510852e-02
3.547020e-02
3.680915e-02
4.043254e-02
4.013438e-02
3.839694e-02
3.826896e-02
4.023504e-02
4.127507e-02
4.180332e-02
4.180201e-02
4.059786e-02
3.985687e-02
3.973161e-02
3.971770e-02
4.111121e-02
4.216918e-02
4.199733e-02
4.096870e-02
4.153828e-02
4.257866e-02
4.262858e-02
4.245869e-02
4.236731e-02
4.132996e-02
4.194980e-02
4.253897e-02
4.272262e-02
4.263772e-02
4.287607e-02
4.294467e-02
4.308703e-02
4.314617e-02
4.315758e-02
4.332018e-02
4.369735e-02
4.358979e-02
4.358823e-02
4.349285e-02
