0.000000e+00
1.526170e-84
2.078921e-78
-4.431434e-76
-9.086631e-73
-1.373565e-66
-7.906390e-61
-2.932882e-55
1.699711e-50
-1.446841e-43
1.054271e-37
1.625003e-32
-2.023270e-26
1.229806e-08
2.568571e-08
6.211445e-08
1.755749e-07
3.361294e-07
6.123018e-07
1.007710e-06
2.698005e-06
4.125568e-06
6.622585e-06
1.376375e-05
2.129929e-05
3.987690e-05
1.055969e-04
1.448302e-04
1.864124e-04
3.367219e-04
4.767937e-04
5.823770e-04
9.301904e-04
1.421070e-03
1.421171e-03
1.421272e-03
1.762895e-03
2.001259e-03
3.237297e-03
3.784496e-03
4.072595e-03
4.166323e-03
4.269037e-03
5.778496e-03
6.845894e-03
7.599797e-03
6.701227e-03
8.962183e-03
1.150728e-02
9.676466e-03
1.254332e-02
1.463743e-02
1.484193e-02
1.846478e-02
2.159974e-02
1.764497e-02
1.693878e-02
2.187733e-02
2.605160e-02
2.614269e-02
2.100339e-02
2.305917e-02
2.490975e-02
3.011753e-02
3.111548e-02
2.964824e-02
2.531085e-02
2.765919e-02
3.403914e-02
3.284748e-02
3.274870e-02
3.251821e-02
2.794725e-02
3.262497e-02
3.567981e-02
3.656597e-02
3.640396e-02
3.239082e-02
3.273543e-02
3.400949e-02
3.746178e-02
3.717903e-02
3.551582e-02
3.539700e-02
3.727023e-02
3.826115e-02
3.876539e-02
3.876428e-02
3.761517e-02
3.690622e-02
3.678850e-02
3.677543e-02
3.810400e-02
3.911375e-02
3.895052e-02
3.796658e-02
3.851142e-02
3.950452e-02
3.955209e-02
3.939024e-02
3.930263e-02
3.831155e-02
3.890401e-02
3.946584e-02
3.963970e-02
3.955807e-02
3.978538e-02
3.985033e-02
3.998432e-02
4.004008e-02
4.005094e-02
4.020112e-02
4.054966e-02
4.045085e-02
4.044937e-02
4.036047e-02
