0.000000e+00
-2.351404e-55
5.011434e-49
5.786001e-47
-1.421617e-42
-2.325275e-37
-1.714078e-32
-3.246320e-26
5.709213e-08
1.281965e-07
2.032241e-07
4.499105e-07
1.184635e-06
2.114693e-06
3.465530e-06
6.214020e-06
1.241054e-05
1.917343e-05
2.861505e-05
3.994556e-05
7.695751e-05
1.023759e-04
1.400373e-04
2.285310e-04
3.062735e-04
4.659384e-04
8.956392e-04
1.107377e-03
1.311546e-03
1.956782e-03
2.469924e-03
2.827823e-03
3.872054e-03
5.141890e-03
5.145893e-03
5.149896e-03
5.955465e-03
6.477387e-03
8.946611e-03
9.945800e-03
1.044485e-02
1.060739e-02
1.078690e-02
1.321039e-02
1.479786e-02
1.587252e-02
1.460686e-02
1.770771e-02
2.095592e-02
1.868162e-02
2.221158e-02
2.461441e-02
2.485155e-02
2.872215e-02
3.190755e-02
2.790198e-02
2.715192e-02
3.218734e-02
3.614251e-02
3.623413e-02
3.134040e-02
3.334395e-02
3.509179e-02
3.979501e-02
4.066339e-02
3.938835e-02
3.547449e-02
3.761494e-02
4.314817e-02
4.215762e-02
4.207331e-02
4.187660e-02
3.788875e-02
4.196469e-02
4.450757e-02
4.524121e-02
4.511073e-02
4.176981e-02
4.205935e-02
4.313213e-02
4.596153e-02
4.573156e-02
4.439087e-02
4.429474e-02
4.581015e-02
4.661723e-02
4.700136e-02
4.701306e-02
4.609009e-02
4.552507e-02
4.543551e-02
4.542557e-02
4.649017e-02
4.728295e-02
4.716126e-02
4.638204e-02
4.680968e-02
4.759067e-02
4.763271e-02
4.750970e-02
4.743866e-02
4.664923e-02
4.711389e-02
4.757386e-02
4.771961e-02
4.766700e-02
4.784323e-02
4.791472e-02
4.803191e-02
4.809063e-02
4.810319e-02
4.828510e-02
4.870525e-02
4.858393e-02
4.858221e-02
4.847606e-02
