6.334103e-07
9.979144e-07
1.807804e-06
2.471371e-06
4.019783e-06
7.132674e-06
1.020650e-05
1.551590e-05
2.749251e-05
4.192266e-05
5.521334e-05
8.444723e-05
1.431254e-04
1.967678e-04
2.620711e-04
3.576212e-04
5.224627e-04
6.701563e-04
8.366883e-04
1.010870e-03
1.438019e-03
1.690360e-03
2.000937e-03
2.626496e-03
3.076387e-03
3.888232e-03
5.534667e-03
6.246431e-03
6.839686e-03
8.501190e-03
9.631763e-03
1.043489e-02
1.232500e-02
1.430183e-02
1.435932e-02
1.441682e-02
1.560451e-02
1.627136e-02
1.939517e-02
2.056284e-02
2.109921e-02
2.127928e-02
2.152064e-02
2.392789e-02
2.542491e-02
2.638237e-02
2.536918e-02
2.800661e-02
3.060541e-02
2.893505e-02
3.161009e-02
3.335248e-02
3.359263e-02
3.617948e-02
3.821320e-02
3.576662e-02
3.527892e-02
3.846309e-02
4.080362e-02
4.090893e-02
3.805013e-02
3.925101e-02
4.026829e-02
4.294848e-02
4.346441e-02
4.280748e-02
4.061298e-02
4.183335e-02
4.484539e-02
4.437595e-02
4.433146e-02
4.422763e-02
4.206242e-02
4.425843e-02
4.561489e-02
4.601700e-02
4.595978e-02
4.424621e-02
4.439664e-02
4.495220e-02
4.643494e-02
4.632330e-02
4.566148e-02
4.558800e-02
4.637631e-02
4.679152e-02
4.701176e-02
4.701699e-02
4.654936e-02
4.627418e-02
4.622683e-02
4.622157e-02
4.677365e-02
4.716068e-02
4.710307e-02
4.672896e-02
4.692993e-02
4.734583e-02
4.737001e-02
4.729684e-02
4.727790e-02
4.688580e-02
4.712844e-02
4.736646e-02
4.745162e-02
4.743785e-02
4.752022e-02
4.760135e-02
4.769148e-02
4.774700e-02
4.776516e-02
4.796990e-02
4.843109e-02
4.834787e-02
4.834724e-02
4.824213e-02
