4.986744e-09
9.460241e-09
2.183386e-08
3.554614e-08
6.754333e-08
1.520140e-07
2.518202e-07
4.550554e-07
1.013682e-06
1.834887e-06
2.669639e-06
4.876624e-06
1.023405e-05
1.599054e-05
2.368908e-05
3.677131e-05
6.242954e-05
8.793091e-05
1.196776e-04
1.553545e-04
2.545564e-04
3.179065e-04
4.027782e-04
5.860026e-04
7.308469e-04
1.009222e-03
1.648613e-03
1.943964e-03
2.207080e-03
2.978459e-03
3.542350e-03
3.946533e-03
4.973329e-03
6.118790e-03
6.143636e-03
6.168482e-03
6.873987e-03
7.296330e-03
9.285681e-03
1.005854e-02
1.042600e-02
1.054802e-02
1.070133e-02
1.239795e-02
1.347927e-02
1.418665e-02
1.341238e-02
1.539258e-02
1.740422e-02
1.607524e-02
1.818089e-02
1.959154e-02
1.976325e-02
2.191472e-02
2.363851e-02
2.153624e-02
2.113150e-02
2.383677e-02
2.587811e-02
2.595602e-02
2.345495e-02
2.449601e-02
2.538829e-02
2.775971e-02
2.821179e-02
2.761179e-02
2.565426e-02
2.674113e-02
2.946409e-02
2.901140e-02
2.897025e-02
2.887422e-02
2.692658e-02
2.891316e-02
3.014566e-02
3.051106e-02
3.045640e-02
2.887994e-02
2.901597e-02
2.952421e-02
3.088736e-02
3.078281e-02
3.016405e-02
3.009859e-02
3.083445e-02
3.121470e-02
3.140425e-02
3.140944e-02
3.097886e-02
3.072399e-02
3.067831e-02
3.067324e-02
3.118390e-02
3.154535e-02
3.148819e-02
3.114195e-02
3.132882e-02
3.171223e-02
3.173330e-02
3.167493e-02
3.164573e-02
3.127973e-02
3.150197e-02
3.171495e-02
3.178912e-02
3.177156e-02
3.184829e-02
3.190713e-02
3.197829e-02
3.201808e-02
3.203090e-02
3.216467e-02
3.246934e-02
3.241634e-02
3.241581e-02
3.234345e-02
