0.000000e+00
-5.031086e-73
-7.522734e-67
4.404682e-65
7.793962e-62
3.783593e-56
1.497166e-49
1.359697e-44
2.215531e-39
-1.216345e-32
2.202500e-27
3.891249e-09
1.433893e-08
3.140663e-08
5.875575e-08
1.325347e-07
3.368964e-07
5.949429e-07
1.019379e-06
1.586614e-06
3.939832e-06
5.739824e-06
8.930760e-06
1.716431e-05
2.591720e-05
4.566498e-05
1.147173e-04
1.523492e-04
1.953642e-04
3.401149e-04
4.759043e-04
5.687880e-04
8.977654e-04
1.369333e-03
1.356642e-03
1.343952e-03
1.643208e-03
1.887031e-03
2.990927e-03
3.479334e-03
3.755982e-03
3.842330e-03
3.908075e-03
5.314555e-03
6.311125e-03
7.008060e-03
6.075076e-03
8.221304e-03
1.062540e-02
8.791615e-03
1.155414e-02
1.364078e-02
1.369099e-02
1.723304e-02
2.040507e-02
1.631021e-02
1.565453e-02
2.056230e-02
2.478464e-02
2.481199e-02
1.954869e-02
2.164139e-02
2.356978e-02
2.884480e-02
2.977238e-02
2.818634e-02
2.376862e-02
2.614395e-02
3.269027e-02
3.133498e-02
3.124872e-02
3.104743e-02
2.633124e-02
3.117718e-02
3.429266e-02
3.516190e-02
3.497223e-02
3.076261e-02
3.113226e-02
3.249573e-02
3.598661e-02
3.567323e-02
3.391709e-02
3.387169e-02
3.581157e-02
3.677569e-02
3.729334e-02
3.729613e-02
3.608237e-02
3.530870e-02
3.524436e-02
3.523722e-02
3.658671e-02
3.760711e-02
3.747251e-02
3.637516e-02
3.699677e-02
3.799336e-02
3.803243e-02
3.788868e-02
3.777602e-02
3.673262e-02
3.735764e-02
3.794917e-02
3.808803e-02
3.799966e-02
3.826763e-02
3.831723e-02
3.843032e-02
3.847127e-02
3.848117e-02
3.861379e-02
3.891670e-02
3.880928e-02
3.880877e-02
3.869759e-02
