0.000000e+00
-9.830763e-50
4.011217e-44
1.027993e-41
1.844975e-37
-1.076836e-31
4.806372e-26
1.253555e-08
3.545178e-08
7.784121e-08
1.182033e-07
2.652662e-07
6.985263e-07
1.251332e-06
1.992975e-06
3.655577e-06
7.332758e-06
1.121232e-05
1.677411e-05
2.335962e-05
4.621303e-05
6.129281e-05
8.534446e-05
1.392850e-04
1.902507e-04
2.911916e-04
5.851142e-04
7.242633e-04
8.752079e-04
1.335860e-03
1.723534e-03
1.972623e-03
2.791449e-03
3.849539e-03
3.821458e-03
3.793378e-03
4.420202e-03
4.912355e-03
6.968473e-03
7.824518e-03
8.295635e-03
8.442363e-03
8.551453e-03
1.080603e-02
1.231883e-02
1.334070e-02
1.196324e-02
1.504078e-02
1.830637e-02
1.584582e-02
1.950399e-02
2.212876e-02
2.218040e-02
2.638995e-02
3.001126e-02
2.533428e-02
2.455985e-02
3.018779e-02
3.475892e-02
3.479134e-02
2.905244e-02
3.137408e-02
3.345935e-02
3.895618e-02
3.987750e-02
3.827050e-02
3.367400e-02
3.616239e-02
4.278123e-02
4.144173e-02
4.135936e-02
4.116717e-02
3.636497e-02
4.128181e-02
4.434877e-02
4.517626e-02
4.500037e-02
4.086908e-02
4.123297e-02
4.258445e-02
4.595995e-02
4.566034e-02
4.397663e-02
4.392879e-02
4.579376e-02
4.670276e-02
4.719888e-02
4.720407e-02
4.605322e-02
4.530794e-02
4.525255e-02
4.524640e-02
4.652566e-02
4.749376e-02
4.736191e-02
4.632482e-02
4.691551e-02
4.785414e-02
4.788566e-02
4.774719e-02
4.764095e-02
4.664784e-02
4.725399e-02
4.781115e-02
4.794820e-02
4.786465e-02
4.812616e-02
4.817930e-02
4.829697e-02
4.834281e-02
4.835472e-02
4.852339e-02
4.890601e-02
4.876807e-02
4.876751e-02
4.862880e-02
