0.000000e+00
-3.277306e-79
5.505039e-73
-5.933946e-72
-9.157103e-68
-8.310521e-62
2.162622e-56
1.313935e-50
1.373929e-45
1.060700e-38
-1.345142e-33
-1.221157e-27
1.297189e-09
3.226378e-09
6.683018e-09
1.717800e-08
5.071947e-08
9.811026e-08
1.831365e-07
3.058142e-07
8.764572e-07
1.354747e-06
2.261925e-06
4.821811e-06
7.750231e-06
1.492604e-05
4.312308e-05
5.988357e-05
7.966433e-05
1.505210e-04
2.215592e-04
2.720232e-04
4.595971e-04
7.464408e-04
7.385588e-04
7.306768e-04
9.206397e-04
1.079267e-03
1.832563e-03
2.178352e-03
2.378284e-03
2.440798e-03
2.489311e-03
3.541939e-03
4.314880e-03
4.865831e-03
4.129945e-03
5.851869e-03
7.845222e-03
6.311583e-03
8.638160e-03
1.045307e-02
1.050072e-02
1.369020e-02
1.660894e-02
1.283929e-02
1.224825e-02
1.676025e-02
2.078035e-02
2.081212e-02
1.581389e-02
1.777896e-02
1.961354e-02
2.475797e-02
2.567271e-02
2.410640e-02
1.980442e-02
2.211014e-02
2.861631e-02
2.725030e-02
2.716253e-02
2.695771e-02
2.228869e-02
2.708071e-02
3.024316e-02
3.112931e-02
3.094131e-02
2.667475e-02
2.704795e-02
2.842113e-02
3.198391e-02
3.166145e-02
2.986475e-02
2.981740e-02
3.179601e-02
3.279991e-02
3.333100e-02
3.333206e-02
3.208381e-02
3.128145e-02
3.121853e-02
3.121154e-02
3.260527e-02
3.365899e-02
3.352091e-02
3.238923e-02
3.302692e-02
3.406277e-02
3.410447e-02
3.395655e-02
3.383667e-02
3.274646e-02
3.339858e-02
3.401552e-02
3.415528e-02
3.406193e-02
3.434038e-02
3.438600e-02
3.450108e-02
3.453969e-02
3.454880e-02
3.466694e-02
3.493771e-02
3.484209e-02
3.484159e-02
3.474122e-02
