0.000000e+00
3.512004e-44
-2.105329e-38
-1.348880e-36
5.461215e-32
-1.553740e-26
7.158524e-09
1.557475e-08
4.437897e-08
9.585205e-08
1.558950e-07
3.430501e-07
9.037983e-07
1.618774e-06
2.698109e-06
4.797915e-06
9.575491e-06
1.495744e-05
2.236699e-05
3.142038e-05
5.993703e-05
8.006307e-05
1.092046e-04
1.782860e-04
2.378994e-04
3.630015e-04
6.892132e-04
8.551856e-04
1.009496e-03
1.493016e-03
1.873535e-03
2.158696e-03
2.923162e-03
3.837197e-03
3.857288e-03
3.877379e-03
4.469923e-03
4.834318e-03
6.640358e-03
7.373555e-03
7.729465e-03
7.848077e-03
8.000392e-03
9.712976e-03
1.084296e-02
1.159771e-02
1.076913e-02
1.292545e-02
1.519169e-02
1.367757e-02
1.609442e-02
1.776634e-02
1.797650e-02
2.062126e-02
2.278628e-02
2.014325e-02
1.963674e-02
2.303623e-02
2.569789e-02
2.580212e-02
2.255346e-02
2.389054e-02
2.506115e-02
2.821843e-02
2.883649e-02
2.802277e-02
2.541187e-02
2.685105e-02
3.056008e-02
2.993931e-02
2.988118e-02
2.974553e-02
2.709963e-02
2.979523e-02
3.151327e-02
3.202262e-02
3.195329e-02
2.975212e-02
2.994029e-02
3.064168e-02
3.255557e-02
3.240824e-02
3.153260e-02
3.144461e-02
3.247672e-02
3.302390e-02
3.328932e-02
3.330223e-02
3.268363e-02
3.232052e-02
3.225536e-02
3.224812e-02
3.296146e-02
3.349276e-02
3.340590e-02
3.291170e-02
3.318761e-02
3.372582e-02
3.376010e-02
3.366806e-02
3.362086e-02
3.311325e-02
3.342234e-02
3.372529e-02
3.383173e-02
3.379757e-02
3.390704e-02
3.396896e-02
3.406172e-02
3.410668e-02
3.412022e-02
3.426360e-02
3.458943e-02
3.453273e-02
3.453218e-02
3.445558e-02
