1.350784e-09
2.555670e-09
6.134818e-09
1.029669e-08
2.000829e-08
4.728115e-08
8.035642e-08
1.485367e-07
3.374850e-07
6.506668e-07
9.196598e-07
1.797346e-06
4.007540e-06
6.492846e-06
9.539852e-06
1.575586e-05
2.799893e-05
3.975908e-05
5.543084e-05
7.283310e-05
1.277665e-04
1.611906e-04
2.114758e-04
3.160096e-04
4.083161e-04
5.783122e-04
1.023865e-03
1.217958e-03
1.421727e-03
2.006719e-03
2.468515e-03
2.754445e-03
3.647437e-03
4.725890e-03
4.698397e-03
4.670904e-03
5.282049e-03
5.749743e-03
7.602668e-03
8.343715e-03
8.741537e-03
8.865437e-03
8.957549e-03
1.078787e-02
1.196630e-02
1.274644e-02
1.169224e-02
1.399535e-02
1.634225e-02
1.459683e-02
1.717683e-02
1.895312e-02
1.898879e-02
2.171907e-02
2.400076e-02
2.105993e-02
2.055497e-02
2.410989e-02
2.686265e-02
2.688280e-02
2.341271e-02
2.483529e-02
2.609515e-02
2.931209e-02
2.984441e-02
2.892239e-02
2.622568e-02
2.769583e-02
3.147017e-02
3.072786e-02
3.067997e-02
3.056823e-02
2.781614e-02
3.063262e-02
3.234440e-02
3.279787e-02
3.269834e-02
3.040860e-02
3.061163e-02
3.136403e-02
3.322499e-02
3.306348e-02
3.213765e-02
3.211961e-02
3.313768e-02
3.362906e-02
3.390332e-02
3.389902e-02
3.327284e-02
3.287191e-02
3.283925e-02
3.283562e-02
3.353760e-02
3.405369e-02
3.398404e-02
3.342136e-02
3.374035e-02
3.424089e-02
3.425853e-02
3.419254e-02
3.413591e-02
3.359532e-02
3.391797e-02
3.422537e-02
3.429812e-02
3.426045e-02
3.439106e-02
3.444755e-02
3.450736e-02
3.453969e-02
3.454880e-02
3.466694e-02
3.493771e-02
3.484209e-02
3.484159e-02
3.474122e-02
