0.000000e+00
1.500413e-27
5.091520e-09
8.888470e-09
1.774854e-08
4.353266e-08
7.606672e-08
1.464929e-07
3.553029e-07
6.833584e-07
1.033953e-06
2.012791e-06
4.568086e-06
7.481945e-06
1.155056e-05
1.878438e-05
3.372425e-05
4.925054e-05
6.925815e-05
9.240271e-05
1.595928e-04
2.040652e-04
2.652259e-04
4.017122e-04
5.128938e-04
7.335399e-04
1.262605e-03
1.515974e-03
1.744411e-03
2.431115e-03
2.946023e-03
3.322234e-03
4.292269e-03
5.402000e-03
5.426622e-03
5.451243e-03
6.148556e-03
6.568743e-03
8.589009e-03
9.384959e-03
9.766474e-03
9.893402e-03
1.005471e-02
1.184189e-02
1.299508e-02
1.375658e-02
1.292590e-02
1.506940e-02
1.727347e-02
1.581080e-02
1.813501e-02
1.970520e-02
1.990573e-02
2.233428e-02
2.429418e-02
2.190530e-02
2.144285e-02
2.452556e-02
2.688302e-02
2.697122e-02
2.409320e-02
2.528237e-02
2.632238e-02
2.907839e-02
2.961890e-02
2.890636e-02
2.663175e-02
2.789376e-02
3.108516e-02
3.055778e-02
3.051005e-02
3.039869e-02
2.811357e-02
3.043947e-02
3.189190e-02
3.232543e-02
3.226717e-02
3.039991e-02
3.056247e-02
3.116106e-02
3.278074e-02
3.265481e-02
3.191683e-02
3.184189e-02
3.271023e-02
3.316411e-02
3.339503e-02
3.340018e-02
3.289195e-02
3.258006e-02
3.252915e-02
3.252349e-02
3.313286e-02
3.356521e-02
3.349165e-02
3.307676e-02
3.330649e-02
3.375928e-02
3.378132e-02
3.371152e-02
3.367527e-02
3.324415e-02
3.350611e-02
3.376215e-02
3.385125e-02
3.382853e-02
3.391918e-02
3.397962e-02
3.406311e-02
3.410668e-02
3.412022e-02
3.426360e-02
3.458943e-02
3.453273e-02
3.453218e-02
3.445558e-02
