0.000000e+00
-1.059187e-50
-9.601084e-45
-5.605194e-43
4.735268e-39
6.823510e-33
-3.247740e-27
8.284520e-10
2.786968e-09
7.000856e-09
1.145534e-08
2.963515e-08
9.240106e-08
1.830799e-07
3.160412e-07
6.426736e-07
1.450503e-06
2.382331e-06
3.811479e-06
5.607865e-06
1.240593e-05
1.723177e-05
2.532800e-05
4.476070e-05
6.419159e-05
1.051674e-04
2.352722e-04
3.011589e-04
3.744121e-04
6.081777e-04
8.153892e-04
9.523450e-04
1.417985e-03
2.048950e-03
2.032113e-03
2.015276e-03
2.401205e-03
2.708960e-03
4.040885e-03
4.611922e-03
4.930163e-03
5.029252e-03
5.102697e-03
6.662581e-03
7.734552e-03
8.469420e-03
7.481654e-03
9.713400e-03
1.213800e-02
1.030242e-02
1.304865e-02
1.505748e-02
1.510201e-02
1.840003e-02
2.128125e-02
1.756141e-02
1.695424e-02
2.142334e-02
2.513735e-02
2.516647e-02
2.051719e-02
2.238641e-02
2.408175e-02
2.861552e-02
2.939034e-02
2.805514e-02
2.425746e-02
2.630902e-02
3.182780e-02
3.070706e-02
3.063611e-02
3.047055e-02
2.647438e-02
3.057313e-02
3.316188e-02
3.386577e-02
3.371522e-02
3.022680e-02
3.053496e-02
3.167146e-02
3.453613e-02
3.428338e-02
3.284771e-02
3.281057e-02
3.438898e-02
3.517539e-02
3.559818e-02
3.559308e-02
3.461300e-02
3.397737e-02
3.392801e-02
3.392253e-02
3.501609e-02
3.584807e-02
3.574037e-02
3.485476e-02
3.535378e-02
3.615560e-02
3.618508e-02
3.607089e-02
3.598303e-02
3.512782e-02
3.564557e-02
3.612186e-02
3.623705e-02
3.616609e-02
3.638357e-02
3.642327e-02
3.652421e-02
3.656110e-02
3.657061e-02
3.669618e-02
3.698350e-02
3.688184e-02
3.688134e-02
3.677545e-02
