6.019165e-06
8.558181e-06
1.361320e-05
1.713493e-05
2.535275e-05
3.960637e-05
5.232598e-05
7.234080e-05
1.126075e-04
1.567082e-04
1.936616e-04
2.694516e-04
4.054771e-04
5.188651e-04
6.465654e-04
8.229659e-04
1.102462e-03
1.334496e-03
1.583096e-03
1.830131e-03
2.401698e-03
2.717937e-03
3.093693e-03
3.807457e-03
4.299288e-03
5.137629e-03
6.732037e-03
7.375722e-03
7.907998e-03
9.331644e-03
1.026304e-02
1.089977e-02
1.237066e-02
1.385198e-02
1.388713e-02
1.392228e-02
1.477474e-02
1.526034e-02
1.740777e-02
1.819118e-02
1.855080e-02
1.867016e-02
1.881969e-02
2.039002e-02
2.134086e-02
2.193945e-02
2.129054e-02
2.293105e-02
2.451525e-02
2.349319e-02
2.510629e-02
2.614253e-02
2.626740e-02
2.775888e-02
2.892440e-02
2.751903e-02
2.723673e-02
2.905196e-02
3.036351e-02
3.041418e-02
2.881309e-02
2.948781e-02
3.006330e-02
3.152394e-02
3.180096e-02
3.144032e-02
3.023034e-02
3.090714e-02
3.253924e-02
3.228175e-02
3.225828e-02
3.220351e-02
3.103212e-02
3.222496e-02
3.294805e-02
3.315681e-02
3.312947e-02
3.221256e-02
3.229306e-02
3.259327e-02
3.337054e-02
3.331135e-02
3.296816e-02
3.293262e-02
3.335131e-02
3.356176e-02
3.368423e-02
3.368186e-02
3.343746e-02
3.329612e-02
3.327494e-02
3.327259e-02
3.355962e-02
3.375209e-02
3.372310e-02
3.352620e-02
3.363131e-02
3.385460e-02
3.387246e-02
3.383494e-02
3.382057e-02
3.361366e-02
3.373675e-02
3.387225e-02
3.391996e-02
3.391703e-02
3.395805e-02
3.402014e-02
3.406783e-02
3.410668e-02
3.412022e-02
3.426360e-02
3.458943e-02
3.453273e-02
3.453218e-02
3.445558e-02
