0.000000e+00
-3.552595e-56
1.622034e-49
3.832745e-48
1.589598e-43
-3.149958e-38
-9.629650e-34
3.534097e-28
9.074099e-09
2.232893e-08
3.725780e-08
9.121676e-08
2.704523e-07
5.180576e-07
8.969569e-07
1.729317e-06
3.746920e-06
6.077587e-06
9.497694e-06
1.376460e-05
2.862828e-05
3.927827e-05
5.574855e-05
9.591006e-05
1.328420e-04
2.113725e-04
4.362917e-04
5.510609e-04
6.650249e-04
1.033361e-03
1.337028e-03
1.549872e-03
2.192287e-03
2.998784e-03
2.998766e-03
2.998749e-03
3.514972e-03
3.859979e-03
5.495603e-03
6.168955e-03
6.511158e-03
6.622216e-03
6.741777e-03
8.419944e-03
9.534416e-03
1.029382e-02
9.385074e-03
1.159605e-02
1.393622e-02
1.228072e-02
1.484051e-02
1.661465e-02
1.677313e-02
1.964504e-02
2.203288e-02
1.902395e-02
1.846666e-02
2.223732e-02
2.522616e-02
2.529125e-02
2.159105e-02
2.309865e-02
2.442530e-02
2.801050e-02
2.866789e-02
2.768623e-02
2.470475e-02
2.632796e-02
3.057268e-02
2.979846e-02
2.973551e-02
2.958861e-02
2.653031e-02
2.965661e-02
3.161732e-02
3.217464e-02
3.207526e-02
2.949668e-02
2.971917e-02
3.054617e-02
3.272763e-02
3.254779e-02
3.151069e-02
3.143994e-02
3.261666e-02
3.322610e-02
3.353628e-02
3.354078e-02
3.282848e-02
3.238376e-02
3.231610e-02
3.230859e-02
3.313417e-02
3.374414e-02
3.365138e-02
3.304686e-02
3.337777e-02
3.398650e-02
3.401517e-02
3.391606e-02
3.386742e-02
3.325240e-02
3.361516e-02
3.396939e-02
3.407696e-02
3.403262e-02
3.416626e-02
3.422516e-02
3.431153e-02
3.435513e-02
3.436472e-02
3.449209e-02
3.478934e-02
3.470571e-02
3.470439e-02
3.462726e-02
