0.000000e+00
-2.165342e-85
8.771109e-79
-1.646270e-77
-2.564597e-73
-3.535337e-68
-1.407623e-61
9.175214e-57
2.492666e-51
-1.784466e-44
-6.164458e-39
-2.940052e-33
-6.642209e-28
9.838815e-10
2.283408e-09
6.337406e-09
2.098347e-08
4.422263e-08
8.820711e-08
1.563738e-07
4.875785e-07
7.934777e-07
1.372722e-06
3.179978e-06
5.254196e-06
1.079150e-05
3.301095e-05
4.736509e-05
6.330037e-05
1.241829e-04
1.849587e-04
2.318502e-04
3.961962e-04
6.433888e-04
6.424945e-04
6.416002e-04
8.188498e-04
9.482186e-04
1.635759e-03
1.951103e-03
2.121644e-03
2.176885e-03
2.235513e-03
3.152992e-03
3.820472e-03
4.299335e-03
3.721477e-03
5.180817e-03
6.865437e-03
5.636865e-03
7.562214e-03
9.010511e-03
9.139777e-03
1.169910e-02
1.395913e-02
1.109981e-02
1.060326e-02
1.415171e-02
1.722614e-02
1.728748e-02
1.350473e-02
1.500842e-02
1.637750e-02
2.027212e-02
2.101464e-02
1.989532e-02
1.665293e-02
1.840679e-02
2.324902e-02
2.231680e-02
2.224358e-02
2.207274e-02
1.861331e-02
2.215770e-02
2.449046e-02
2.517489e-02
2.504937e-02
2.196251e-02
2.222713e-02
2.320308e-02
2.585722e-02
2.563397e-02
2.436405e-02
2.426212e-02
2.570749e-02
2.647331e-02
2.686356e-02
2.686758e-02
2.597330e-02
2.542227e-02
2.533191e-02
2.532187e-02
2.635219e-02
2.713088e-02
2.701478e-02
2.624352e-02
2.667232e-02
2.744069e-02
2.747073e-02
2.735240e-02
2.729906e-02
2.654734e-02
2.696538e-02
2.740613e-02
2.753612e-02
2.746585e-02
2.764384e-02
2.772022e-02
2.779350e-02
2.783471e-02
2.784274e-02
2.794216e-02
2.818112e-02
2.811353e-02
2.811238e-02
2.804465e-02
