0.000000e+00
1.096877e-33
1.011320e-27
3.112387e-10
1.037505e-09
3.001977e-09
5.792958e-09
1.259063e-08
3.553393e-08
7.783712e-08
1.233358e-07
2.766419e-07
7.371242e-07
1.325036e-06
2.171572e-06
3.927736e-06
7.885170e-06
1.219029e-05
1.822519e-05
2.545510e-05
4.924935e-05
6.545541e-05
8.969135e-05
1.459819e-04
1.957915e-04
2.969826e-04
5.698204e-04
7.021779e-04
8.318002e-04
1.234981e-03
1.555791e-03
1.774997e-03
2.421200e-03
3.204972e-03
3.203664e-03
3.202357e-03
3.689256e-03
4.013354e-03
5.495314e-03
6.092021e-03
6.393008e-03
6.490431e-03
6.593261e-03
8.035741e-03
8.974930e-03
9.607308e-03
8.844562e-03
1.067057e-02
1.256707e-02
1.122823e-02
1.327436e-02
1.468597e-02
1.480184e-02
1.701825e-02
1.884623e-02
1.654466e-02
1.611724e-02
1.899423e-02
2.123185e-02
2.127954e-02
1.849227e-02
1.964002e-02
2.063630e-02
2.327357e-02
2.374898e-02
2.303390e-02
2.083514e-02
2.203654e-02
2.513105e-02
2.456847e-02
2.452289e-02
2.441653e-02
2.218006e-02
2.446705e-02
2.588235e-02
2.627871e-02
2.620580e-02
2.434801e-02
2.451120e-02
2.511297e-02
2.666499e-02
2.653495e-02
2.579706e-02
2.575094e-02
2.659627e-02
2.702102e-02
2.724878e-02
2.724446e-02
2.673774e-02
2.642194e-02
2.637622e-02
2.637114e-02
2.696862e-02
2.739470e-02
2.732611e-02
2.688653e-02
2.712812e-02
2.756034e-02
2.758647e-02
2.751352e-02
2.747583e-02
2.703859e-02
2.729386e-02
2.754950e-02
2.762415e-02
2.759901e-02
2.768826e-02
2.774389e-02
2.779929e-02
2.783471e-02
2.784274e-02
2.794216e-02
2.818112e-02
2.811353e-02
2.811238e-02
2.804465e-02
