0.000000e+00
-1.000414e-73
-4.056944e-67
2.097556e-65
-1.613487e-61
7.814116e-56
7.717608e-50
-6.355107e-45
7.559209e-39
-4.772695e-33
-1.798603e-28
3.577737e-09
1.375286e-08
3.090185e-08
6.233728e-08
1.392486e-07
3.633913e-07
6.715669e-07
1.172184e-06
1.872954e-06
4.600144e-06
6.853171e-06
1.057537e-05
2.083065e-05
3.105458e-05
5.571868e-05
1.353717e-04
1.821827e-04
2.292541e-04
3.928090e-04
5.381612e-04
6.531172e-04
9.945907e-04
1.451162e-03
1.459804e-03
1.468446e-03
1.786668e-03
1.994313e-03
3.093157e-03
3.571084e-03
3.812697e-03
3.893074e-03
3.995182e-03
5.228502e-03
6.091453e-03
6.685815e-03
6.022919e-03
7.776368e-03
9.715337e-03
8.387513e-03
1.052010e-02
1.206933e-02
1.226410e-02
1.485389e-02
1.705620e-02
1.435160e-02
1.385824e-02
1.731317e-02
2.016452e-02
2.026814e-02
1.679377e-02
1.820093e-02
1.945887e-02
2.297256e-02
2.367599e-02
2.273693e-02
1.982854e-02
2.142206e-02
2.567287e-02
2.493315e-02
2.486743e-02
2.471407e-02
2.168195e-02
2.477003e-02
2.678490e-02
2.740112e-02
2.731113e-02
2.470232e-02
2.492552e-02
2.575253e-02
2.804419e-02
2.786202e-02
2.680068e-02
2.669278e-02
2.793219e-02
2.859009e-02
2.891677e-02
2.893204e-02
2.818552e-02
2.773344e-02
2.765673e-02
2.764821e-02
2.851984e-02
2.917473e-02
2.905500e-02
2.845197e-02
2.879408e-02
2.944837e-02
2.948297e-02
2.937149e-02
2.932037e-02
2.869227e-02
2.907290e-02
2.943685e-02
2.955840e-02
2.951063e-02
2.965385e-02
2.970912e-02
2.981186e-02
2.985490e-02
2.986694e-02
2.999076e-02
3.027333e-02
3.022399e-02
3.022346e-02
3.015533e-02
