2.406694e-08
4.202288e-08
8.837704e-08
1.343186e-07
2.415217e-07
4.967803e-07
7.763035e-07
1.309632e-06
2.645311e-06
4.529639e-06
6.200044e-06
1.071815e-05
2.083358e-05
3.100889e-05
4.340020e-05
6.483896e-05
1.040146e-04
1.398472e-04
1.837219e-04
2.304856e-04
3.603574e-04
4.370793e-04
5.405358e-04
7.513665e-04
9.168023e-04
1.214318e-03
1.887733e-03
2.173309e-03
2.436912e-03
3.185716e-03
3.722567e-03
4.068342e-03
5.014094e-03
6.054296e-03
6.052927e-03
6.051558e-03
6.655496e-03
7.042355e-03
8.690395e-03
9.315842e-03
9.621750e-03
9.720469e-03
9.822312e-03
1.121159e-02
1.207035e-02
1.263300e-02
1.195436e-02
1.353948e-02
1.510903e-02
1.401785e-02
1.567700e-02
1.675641e-02
1.684193e-02
1.847119e-02
1.976646e-02
1.813765e-02
1.782413e-02
1.986819e-02
2.137958e-02
2.141109e-02
1.952471e-02
2.030907e-02
2.098410e-02
2.271848e-02
2.301929e-02
2.255883e-02
2.111710e-02
2.190952e-02
2.388201e-02
2.352852e-02
2.350234e-02
2.344125e-02
2.200652e-02
2.347112e-02
2.434852e-02
2.458733e-02
2.454075e-02
2.339346e-02
2.349451e-02
2.387293e-02
2.481967e-02
2.473922e-02
2.429331e-02
2.426659e-02
2.478321e-02
2.503723e-02
2.517425e-02
2.517101e-02
2.486417e-02
2.467539e-02
2.464830e-02
2.464529e-02
2.500488e-02
2.525298e-02
2.522179e-02
2.495591e-02
2.509993e-02
2.535636e-02
2.537218e-02
2.533613e-02
2.531176e-02
2.504277e-02
2.520090e-02
2.535725e-02
2.540162e-02
2.538664e-02
2.544097e-02
2.549014e-02
2.552894e-02
2.555922e-02
2.556675e-02
2.565803e-02
2.587364e-02
2.581171e-02
2.581062e-02
2.575093e-02
