0.000000e+00
2.371995e-79
-4.753347e-74
1.193864e-72
1.999494e-67
6.844405e-62
8.722178e-56
5.105398e-51
-4.773173e-45
4.729528e-39
-1.324077e-33
6.184669e-28
1.266496e-09
3.249025e-09
7.155911e-09
1.858091e-08
5.690557e-08
1.142836e-07
2.178947e-07
3.720600e-07
1.075390e-06
1.695482e-06
2.825245e-06
6.190382e-06
9.896993e-06
1.937792e-05
5.506434e-05
7.715408e-05
1.011614e-04
1.900881e-04
2.757781e-04
3.407742e-04
5.621962e-04
8.842269e-04
8.834422e-04
8.826576e-04
1.108984e-03
1.271261e-03
2.117389e-03
2.497750e-03
2.701049e-03
2.766983e-03
2.837607e-03
3.913761e-03
4.684447e-03
5.231528e-03
4.572385e-03
6.226848e-03
8.107163e-03
6.743026e-03
8.876270e-03
1.045631e-02
1.059988e-02
1.335113e-02
1.575241e-02
1.271656e-02
1.218180e-02
1.596197e-02
1.918038e-02
1.925041e-02
1.528187e-02
1.686481e-02
1.829545e-02
2.234058e-02
2.310630e-02
2.196024e-02
1.859155e-02
2.041423e-02
2.539352e-02
2.444549e-02
2.437121e-02
2.419788e-02
2.063082e-02
2.427949e-02
2.666750e-02
2.736343e-02
2.723889e-02
2.408631e-02
2.435755e-02
2.535749e-02
2.805561e-02
2.782949e-02
2.652857e-02
2.643940e-02
2.791597e-02
2.868620e-02
2.907692e-02
2.908504e-02
2.817841e-02
2.761735e-02
2.753009e-02
2.752039e-02
2.855975e-02
2.935258e-02
2.923194e-02
2.845178e-02
2.888275e-02
2.966222e-02
2.969626e-02
2.957269e-02
2.950364e-02
2.871941e-02
2.918102e-02
2.962814e-02
2.976469e-02
2.969285e-02
2.987088e-02
2.992575e-02
3.002887e-02
3.007126e-02
3.007989e-02
3.018977e-02
3.044791e-02
3.037530e-02
3.037412e-02
3.030558e-02
