0.000000e+00
9.370337e-52
1.617514e-45
-1.001053e-43
-1.578423e-39
-2.268234e-34
4.062634e-29
1.724068e-10
6.403879e-10
1.736230e-09
2.965603e-09
8.324960e-09
2.861460e-08
6.009337e-08
1.086894e-07
2.345942e-07
5.667954e-07
9.702431e-07
1.613730e-06
2.450868e-06
5.782636e-06
8.247875e-06
1.250800e-05
2.314010e-05
3.412164e-05
5.812042e-05
1.381889e-04
1.802954e-04
2.277341e-04
3.831827e-04
5.248013e-04
6.199493e-04
9.496050e-04
1.407900e-03
1.395680e-03
1.383459e-03
1.668697e-03
1.898029e-03
2.910513e-03
3.350414e-03
3.596436e-03
3.673271e-03
3.732145e-03
4.959235e-03
5.813152e-03
6.402879e-03
5.611884e-03
7.411535e-03
9.389455e-03
7.888830e-03
1.014037e-02
1.180538e-02
1.184444e-02
1.460917e-02
1.704223e-02
1.390180e-02
1.339213e-02
1.716402e-02
2.033308e-02
2.035846e-02
1.639650e-02
1.798407e-02
1.942996e-02
2.332589e-02
2.399638e-02
2.284403e-02
1.958207e-02
2.134196e-02
2.610966e-02
2.513788e-02
2.507617e-02
2.493219e-02
2.148397e-02
2.502143e-02
2.726982e-02
2.788333e-02
2.775229e-02
2.472302e-02
2.499026e-02
2.597526e-02
2.846852e-02
2.824769e-02
2.699763e-02
2.696523e-02
2.834071e-02
2.902696e-02
2.939640e-02
2.939229e-02
2.853654e-02
2.798244e-02
2.793900e-02
2.793417e-02
2.888876e-02
2.961502e-02
2.952068e-02
2.874776e-02
2.918349e-02
2.988494e-02
2.991139e-02
2.981126e-02
2.973400e-02
2.898712e-02
2.943865e-02
2.985424e-02
2.995382e-02
2.989136e-02
3.007890e-02
3.011437e-02
3.020099e-02
3.023241e-02
3.024066e-02
3.034274e-02
3.057789e-02
3.049482e-02
3.049434e-02
3.040564e-02
