0.000000e+00
2.324515e-62
-3.154322e-56
6.831178e-55
1.023168e-51
-5.276765e-45
-6.198896e-39
1.862735e-33
-7.758447e-28
1.218020e-09
2.295996e-09
6.574528e-09
2.384767e-08
5.176300e-08
1.012913e-07
2.188197e-07
5.485364e-07
9.877380e-07
1.684194e-06
2.638666e-06
6.244197e-06
9.147810e-06
1.386013e-05
2.652199e-05
3.890253e-05
6.806344e-05
1.593867e-04
2.117343e-04
2.639445e-04
4.422224e-04
5.978285e-04
7.191401e-04
1.075552e-03
1.544912e-03
1.553127e-03
1.561341e-03
1.883304e-03
2.092931e-03
3.182374e-03
3.650990e-03
3.886949e-03
3.965223e-03
4.062945e-03
5.255663e-03
6.081341e-03
6.646643e-03
6.012695e-03
7.672708e-03
9.493800e-03
8.247240e-03
1.024129e-02
1.167567e-02
1.185103e-02
1.422709e-02
1.623672e-02
1.376443e-02
1.331238e-02
1.646294e-02
1.903919e-02
1.914020e-02
1.598852e-02
1.726507e-02
1.839883e-02
2.155669e-02
2.217223e-02
2.133599e-02
1.872518e-02
2.016082e-02
2.394715e-02
2.328864e-02
2.322998e-02
2.309309e-02
2.038918e-02
2.314166e-02
2.493627e-02
2.547622e-02
2.539606e-02
2.308177e-02
2.327932e-02
2.401175e-02
2.603886e-02
2.587937e-02
2.494383e-02
2.484982e-02
2.593240e-02
2.651982e-02
2.681525e-02
2.681831e-02
2.615552e-02
2.576661e-02
2.569871e-02
2.569117e-02
2.645688e-02
2.703186e-02
2.693176e-02
2.639441e-02
2.672151e-02
2.725289e-02
2.723105e-02
2.720855e-02
2.716166e-02
2.661119e-02
2.694725e-02
2.726114e-02
2.736951e-02
2.733283e-02
2.744990e-02
2.749981e-02
2.759445e-02
2.763519e-02
2.764653e-02
2.776155e-02
2.802089e-02
2.797364e-02
2.797298e-02
2.792627e-02
