8.992946e-06
1.212401e-05
1.847362e-05
2.266345e-05
3.244029e-05
4.890755e-05
6.302114e-05
8.416882e-05
1.243089e-04
1.712211e-04
2.018739e-04
2.783167e-04
4.084837e-04
5.146656e-04
6.182155e-04
7.863552e-04
1.035034e-03
1.223641e-03
1.434203e-03
1.633763e-03
2.136110e-03
2.385915e-03
2.713027e-03
3.280021e-03
3.705176e-03
4.364130e-03
5.716867e-03
6.198121e-03
6.667608e-03
7.838913e-03
8.632340e-03
9.083204e-03
1.034091e-02
1.164867e-02
1.161572e-02
1.158276e-02
1.225336e-02
1.273810e-02
1.444779e-02
1.507697e-02
1.539535e-02
1.549440e-02
1.556713e-02
1.691511e-02
1.770910e-02
1.823028e-02
1.753643e-02
1.897261e-02
2.032115e-02
1.934313e-02
2.076857e-02
2.167296e-02
2.169164e-02
2.297415e-02
2.399476e-02
2.269007e-02
2.245064e-02
2.403073e-02
2.517404e-02
2.517556e-02
2.373881e-02
2.433467e-02
2.485636e-02
2.610398e-02
2.627170e-02
2.595858e-02
2.491195e-02
2.548578e-02
2.689082e-02
2.662193e-02
2.660433e-02
2.656326e-02
2.553486e-02
2.658941e-02
2.719691e-02
2.735068e-02
2.731570e-02
2.650507e-02
2.657791e-02
2.684904e-02
2.748702e-02
2.742776e-02
2.710834e-02
2.710950e-02
2.745999e-02
2.762656e-02
2.771628e-02
2.769511e-02
2.750443e-02
2.737124e-02
2.736057e-02
2.735939e-02
2.759890e-02
2.775527e-02
2.774305e-02
2.754978e-02
2.765216e-02
2.782216e-02
2.783124e-02
2.780912e-02
2.778977e-02
2.760093e-02
2.771373e-02
2.782141e-02
2.785176e-02
2.784600e-02
2.787790e-02
2.792703e-02
2.795786e-02
2.798242e-02
2.799008e-02
2.808534e-02
2.830036e-02
2.821975e-02
2.821877e-02
2.813661e-02
