0.000000e+00
5.581020e-63
-8.961142e-59
5.426071e-55
7.384035e-51
6.021204e-47
9.484885e-40
-6.375881e-35
-2.159507e-28
2.221605e-10
4.215030e-10
1.321208e-09
5.341263e-09
1.238076e-08
2.508072e-08
5.910247e-08
1.618886e-07
3.034186e-07
5.432144e-07
8.806315e-07
2.301180e-06
3.472625e-06
5.510864e-06
1.118928e-05
1.713466e-05
3.142557e-05
8.100214e-05
1.097625e-04
1.404013e-04
2.485376e-04
3.479630e-04
4.209344e-04
6.616384e-04
9.959759e-04
9.945810e-04
9.931863e-04
1.219457e-03
1.380194e-03
2.181115e-03
2.530687e-03
2.716061e-03
2.775948e-03
2.838247e-03
3.787909e-03
4.450808e-03
4.913807e-03
4.350918e-03
5.735585e-03
7.268478e-03
6.160802e-03
7.880731e-03
9.124485e-03
9.229644e-03
1.133324e-02
1.314317e-02
1.085358e-02
1.044671e-02
1.329302e-02
1.565123e-02
1.569669e-02
1.277989e-02
1.395585e-02
1.500509e-02
1.791183e-02
1.845481e-02
1.763393e-02
1.521161e-02
1.652319e-02
2.005286e-02
1.938421e-02
1.933290e-02
1.921318e-02
1.667937e-02
1.927059e-02
2.093630e-02
2.141347e-02
2.132340e-02
1.912678e-02
1.931759e-02
2.002219e-02
2.188428e-02
2.172685e-02
2.082776e-02
2.077727e-02
2.178917e-02
2.231579e-02
2.258512e-02
2.259159e-02
2.196637e-02
2.157767e-02
2.152363e-02
2.151763e-02
2.223266e-02
2.276808e-02
2.268458e-02
2.215209e-02
2.244908e-02
2.297689e-02
2.300370e-02
2.291514e-02
2.287009e-02
2.233290e-02
2.264902e-02
2.295672e-02
2.304330e-02
2.300320e-02
2.311976e-02
2.316203e-02
2.323234e-02
2.326456e-02
2.327154e-02
2.335315e-02
2.354684e-02
2.349009e-02
2.348909e-02
2.343361e-02
