6.281255e-08
1.003722e-07
1.927881e-07
2.745907e-07
4.654745e-07
8.856703e-07
1.317725e-06
2.083990e-06
3.855928e-06
6.340679e-06
8.224644e-06
1.361381e-05
2.488132e-05
3.575884e-05
4.774056e-05
6.957408e-05
1.070758e-04
1.392396e-04
1.785543e-04
2.189872e-04
3.330632e-04
3.960496e-04
4.843821e-04
6.523081e-04
7.888016e-04
1.019681e-03
1.553384e-03
1.763730e-03
1.975450e-03
2.542094e-03
2.955247e-03
3.199567e-03
3.919276e-03
4.720749e-03
4.701379e-03
4.682009e-03
5.113108e-03
5.431838e-03
6.623091e-03
7.076907e-03
7.313501e-03
7.387095e-03
7.441046e-03
8.479575e-03
9.116617e-03
9.528178e-03
8.974557e-03
1.016369e-02
1.132086e-02
1.047333e-02
1.171969e-02
1.253652e-02
1.255208e-02
1.375386e-02
1.472319e-02
1.347475e-02
1.325346e-02
1.476702e-02
1.588800e-02
1.589872e-02
1.447975e-02
1.506725e-02
1.557869e-02
1.684479e-02
1.704719e-02
1.669176e-02
1.563015e-02
1.621299e-02
1.765584e-02
1.737984e-02
1.736140e-02
1.731836e-02
1.625973e-02
1.734214e-02
1.798013e-02
1.814553e-02
1.810956e-02
1.725587e-02
1.733199e-02
1.761623e-02
1.829380e-02
1.823315e-02
1.790034e-02
1.789469e-02
1.826753e-02
1.844528e-02
1.854426e-02
1.854360e-02
1.831442e-02
1.816839e-02
1.815791e-02
1.815674e-02
1.840841e-02
1.858572e-02
1.856505e-02
1.836334e-02
1.847341e-02
1.865722e-02
1.866648e-02
1.864382e-02
1.861885e-02
1.842412e-02
1.853949e-02
1.865246e-02
1.867779e-02
1.866781e-02
1.870725e-02
1.873981e-02
1.876556e-02
1.878301e-02
1.878862e-02
1.884637e-02
1.898306e-02
1.893068e-02
1.893027e-02
1.887123e-02
