0.000000e+00
1.357569e-65
3.828710e-58
-1.808159e-56
9.486161e-53
7.817302e-47
-2.636683e-41
3.673420e-36
-9.999428e-31
5.036487e-12
9.409431e-12
3.188407e-11
1.454477e-10
3.711907e-10
7.979649e-10
2.172956e-09
7.001458e-09
1.440367e-08
2.859898e-08
5.038507e-08
1.620434e-07
2.632898e-07
4.668389e-07
1.090649e-06
1.851040e-06
3.859257e-06
1.261758e-05
1.823211e-05
2.503690e-05
5.079854e-05
7.805747e-05
9.806771e-05
1.753394e-04
2.994714e-04
2.960947e-04
2.927180e-04
3.777644e-04
4.497748e-04
8.049894e-04
9.720480e-04
1.069818e-03
1.100432e-03
1.124539e-03
1.651209e-03
2.045343e-03
2.330442e-03
1.951836e-03
2.847988e-03
3.903283e-03
3.089230e-03
4.329411e-03
5.309653e-03
5.338506e-03
7.086720e-03
8.699435e-03
6.618297e-03
6.293414e-03
8.784233e-03
1.102909e-02
1.104592e-02
8.261369e-03
9.352386e-03
1.037330e-02
1.326238e-02
1.377758e-02
1.289732e-02
1.048596e-02
1.177632e-02
1.543834e-02
1.466774e-02
1.461916e-02
1.450578e-02
1.187621e-02
1.457558e-02
1.636101e-02
1.686051e-02
1.675484e-02
1.434651e-02
1.455759e-02
1.533146e-02
1.734435e-02
1.716137e-02
1.614550e-02
1.612075e-02
1.723733e-02
1.780233e-02
1.810743e-02
1.810790e-02
1.740119e-02
1.694825e-02
1.691039e-02
1.690618e-02
1.769387e-02
1.829399e-02
1.821142e-02
1.757387e-02
1.793457e-02
1.851906e-02
1.854490e-02
1.845804e-02
1.839617e-02
1.777778e-02
1.814637e-02
1.849167e-02
1.856727e-02
1.851496e-02
1.866580e-02
1.869625e-02
1.876049e-02
1.878301e-02
1.878862e-02
1.884637e-02
1.898306e-02
1.893068e-02
1.893027e-02
1.887123e-02
