8.473133e-07
1.261236e-06
2.158022e-06
2.847034e-06
4.454821e-06
7.500922e-06
1.035944e-05
1.509148e-05
2.508680e-05
3.717545e-05
4.665250e-05
6.940263e-05
1.124219e-04
1.500288e-04
1.913374e-04
2.561012e-04
3.607519e-04
4.469274e-04
5.445846e-04
6.416385e-04
8.868036e-04
1.019550e-03
1.188414e-03
1.506579e-03
1.739754e-03
2.128852e-03
2.927303e-03
3.237780e-03
3.517522e-03
4.264568e-03
4.769542e-03
5.081392e-03
5.903335e-03
6.757755e-03
6.754499e-03
6.751243e-03
7.224160e-03
7.525025e-03
8.736766e-03
9.180217e-03
9.395323e-03
9.464332e-03
9.532276e-03
1.047377e-02
1.103522e-02
1.139948e-02
1.095852e-02
1.196652e-02
1.293409e-02
1.226373e-02
1.327554e-02
1.391801e-02
1.396154e-02
1.489353e-02
1.562745e-02
1.470521e-02
1.452976e-02
1.567846e-02
1.651430e-02
1.652769e-02
1.548793e-02
1.592243e-02
1.629411e-02
1.722213e-02
1.737800e-02
1.713146e-02
1.635993e-02
1.678586e-02
1.782865e-02
1.764524e-02
1.763082e-02
1.759716e-02
1.683742e-02
1.761244e-02
1.806773e-02
1.818814e-02
1.816670e-02
1.756927e-02
1.762265e-02
1.782058e-02
1.830091e-02
1.825896e-02
1.803320e-02
1.802053e-02
1.828921e-02
1.841562e-02
1.848903e-02
1.848784e-02
1.832809e-02
1.822689e-02
1.821811e-02
1.821714e-02
1.839796e-02
1.851807e-02
1.850531e-02
1.836981e-02
1.843996e-02
1.857064e-02
1.857819e-02
1.856292e-02
1.854712e-02
1.841432e-02
1.849215e-02
1.857159e-02
1.859480e-02
1.859166e-02
1.861280e-02
1.865224e-02
1.867264e-02
1.869437e-02
1.870021e-02
1.876219e-02
1.891144e-02
1.886426e-02
1.886338e-02
1.881613e-02
