0.000000e+00
1.002462e-34
-3.510431e-28
3.796175e-11
1.265443e-10
3.763939e-10
7.495684e-10
1.711235e-09
5.276902e-09
1.223441e-08
2.070166e-08
4.979075e-08
1.469976e-07
2.827009e-07
4.982849e-07
9.583380e-07
2.093305e-06
3.449920e-06
5.435338e-06
7.964839e-06
1.662938e-05
2.302264e-05
3.281814e-05
5.702710e-05
7.919504e-05
1.274477e-04
2.640190e-04
3.359176e-04
4.058611e-04
6.308895e-04
8.161931e-04
9.540837e-04
1.345415e-03
1.832929e-03
1.839392e-03
1.845855e-03
2.163466e-03
2.369459e-03
3.377074e-03
3.794973e-03
4.003470e-03
4.072145e-03
4.154086e-03
5.168179e-03
5.848228e-03
6.305313e-03
5.782688e-03
7.109556e-03
8.517687e-03
7.552625e-03
9.074383e-03
1.014174e-02
1.025824e-02
1.196378e-02
1.337975e-02
1.163256e-02
1.130979e-02
1.352871e-02
1.528775e-02
1.534913e-02
1.318858e-02
1.407339e-02
1.485279e-02
1.695709e-02
1.736128e-02
1.680069e-02
1.505688e-02
1.601624e-02
1.850225e-02
1.806924e-02
1.803202e-02
1.794517e-02
1.616654e-02
1.798050e-02
1.913240e-02
1.947349e-02
1.942142e-02
1.792983e-02
1.805850e-02
1.853473e-02
1.982001e-02
1.971648e-02
1.911923e-02
1.906637e-02
1.976194e-02
2.012108e-02
2.030515e-02
2.030909e-02
1.989596e-02
1.964488e-02
1.960618e-02
1.960189e-02
2.008665e-02
2.043831e-02
2.038249e-02
2.003773e-02
2.022938e-02
2.059230e-02
2.061162e-02
2.055348e-02
2.052256e-02
2.017185e-02
2.038306e-02
2.058807e-02
2.065031e-02
2.062868e-02
2.069920e-02
2.074077e-02
2.079986e-02
2.082836e-02
2.083718e-02
2.091824e-02
2.110598e-02
2.106957e-02
2.106910e-02
2.101740e-02
