4.579319e-11
9.057875e-11
2.338220e-10
4.254402e-10
8.725755e-10
2.316809e-09
4.259928e-09
8.717228e-09
2.284939e-08
4.927404e-08
7.433934e-08
1.646578e-07
4.284699e-07
7.625984e-07
1.209610e-06
2.203211e-06
4.386325e-06
6.675724e-06
9.934135e-06
1.377092e-05
2.693866e-05
3.555184e-05
4.915907e-05
7.936970e-05
1.075463e-04
1.626639e-04
3.193728e-04
3.922120e-04
4.703891e-04
7.048327e-04
8.984522e-04
1.021820e-03
1.418514e-03
1.917884e-03
1.905252e-03
1.892621e-03
2.184075e-03
2.409465e-03
3.332577e-03
3.710225e-03
3.914993e-03
3.978822e-03
4.026731e-03
4.988554e-03
5.619780e-03
6.041587e-03
5.474682e-03
6.730857e-03
8.033539e-03
7.061001e-03
8.506611e-03
9.516330e-03
9.538379e-03
1.111692e-02
1.244773e-02
1.073219e-02
1.044025e-02
1.251470e-02
1.414744e-02
1.416377e-02
1.210595e-02
1.294541e-02
1.368924e-02
1.561793e-02
1.593792e-02
1.538533e-02
1.376746e-02
1.464578e-02
1.692521e-02
1.647541e-02
1.644618e-02
1.637796e-02
1.472059e-02
1.642073e-02
1.745701e-02
1.773578e-02
1.767362e-02
1.627915e-02
1.640258e-02
1.686275e-02
1.798858e-02
1.788755e-02
1.732740e-02
1.731831e-02
1.793819e-02
1.824107e-02
1.841022e-02
1.840461e-02
1.802125e-02
1.777721e-02
1.775830e-02
1.775621e-02
1.818294e-02
1.849303e-02
1.845521e-02
1.810997e-02
1.830274e-02
1.861403e-02
1.862751e-02
1.858231e-02
1.854710e-02
1.821665e-02
1.841500e-02
1.860179e-02
1.864063e-02
1.861756e-02
1.869274e-02
1.872872e-02
1.876383e-02
1.878301e-02
1.878862e-02
1.884637e-02
1.898306e-02
1.893068e-02
1.893027e-02
1.887123e-02
