0.000000e+00
-1.542620e-80
3.335288e-74
2.597760e-73
-9.236793e-70
-2.981608e-63
2.675897e-57
-2.081572e-52
-1.967155e-47
8.078654e-40
-2.174194e-34
1.187236e-28
7.058821e-11
1.782192e-10
4.067839e-10
1.077018e-09
3.573233e-09
7.805597e-09
1.607887e-08
2.968804e-08
9.920494e-08
1.692505e-07
3.071658e-07
7.768036e-07
1.344879e-06
3.011682e-06
1.034456e-05
1.558980e-05
2.148813e-05
4.528258e-05
7.039760e-05
9.163805e-05
1.653414e-04
2.817010e-04
2.828807e-04
2.840603e-04
3.726789e-04
4.366350e-04
8.036382e-04
9.789405e-04
1.073582e-03
1.104766e-03
1.142050e-03
1.665482e-03
2.060934e-03
2.345858e-03
2.016454e-03
2.895796e-03
3.939864e-03
3.194555e-03
4.393859e-03
5.324828e-03
5.430947e-03
7.107816e-03
8.609570e-03
6.742870e-03
6.422055e-03
8.771862e-03
1.085536e-02
1.092176e-02
8.382407e-03
9.387729e-03
1.031407e-02
1.300098e-02
1.354426e-02
1.278779e-02
1.055480e-02
1.176387e-02
1.514378e-02
1.451944e-02
1.446685e-02
1.434413e-02
1.193894e-02
1.439543e-02
1.605845e-02
1.656236e-02
1.648307e-02
1.431282e-02
1.449696e-02
1.517660e-02
1.708636e-02
1.692954e-02
1.602189e-02
1.594765e-02
1.698633e-02
1.754818e-02
1.782928e-02
1.783599e-02
1.719319e-02
1.680434e-02
1.674005e-02
1.673291e-02
1.747723e-02
1.803668e-02
1.794314e-02
1.740739e-02
1.770531e-02
1.827214e-02
1.830240e-02
1.820457e-02
1.815832e-02
1.761073e-02
1.793936e-02
1.825032e-02
1.834964e-02
1.830531e-02
1.842598e-02
1.846593e-02
1.854315e-02
1.857305e-02
1.858104e-02
1.865120e-02
1.881459e-02
1.878079e-02
1.878032e-02
1.873248e-02
