0.000000e+00
5.034311e-82
2.815391e-75
-8.401265e-74
1.994513e-69
-5.893187e-64
-3.503558e-58
-2.369501e-53
5.277107e-47
-4.174748e-41
-2.336883e-35
-2.436841e-29
1.143388e-11
3.157174e-11
7.293385e-11
2.194759e-10
8.062079e-10
1.809949e-09
3.918226e-09
7.433883e-09
2.801417e-08
4.871945e-08
9.386082e-08
2.486321e-07
4.545870e-07
1.058587e-06
4.118494e-06
6.302846e-06
9.058054e-06
2.037345e-05
3.339509e-05
4.343306e-05
8.473555e-05
1.569142e-04
1.548839e-04
1.528535e-04
2.050427e-04
2.506691e-04
4.907034e-04
6.090769e-04
6.801840e-04
7.024814e-04
7.203086e-04
1.121473e-03
1.435903e-03
1.668685e-03
1.360320e-03
2.108589e-03
3.027522e-03
2.310759e-03
3.412920e-03
4.321928e-03
4.350556e-03
6.045893e-03
7.657884e-03
5.577842e-03
5.261787e-03
7.745893e-03
1.008811e-02
1.010797e-02
7.213332e-03
8.330834e-03
9.397564e-03
1.250602e-02
1.307689e-02
1.210826e-02
9.514268e-03
1.089556e-02
1.493606e-02
1.407070e-02
1.401495e-02
1.388487e-02
1.100016e-02
1.396285e-02
1.598265e-02
1.655757e-02
1.643578e-02
1.371090e-02
1.394802e-02
1.481632e-02
1.711582e-02
1.690443e-02
1.574048e-02
1.570906e-02
1.699335e-02
1.765062e-02
1.800107e-02
1.800205e-02
1.718210e-02
1.665912e-02
1.661631e-02
1.661155e-02
1.752357e-02
1.821806e-02
1.812521e-02
1.738250e-02
1.780116e-02
1.848606e-02
1.851491e-02
1.841539e-02
1.833608e-02
1.761798e-02
1.804626e-02
1.845085e-02
1.854103e-02
1.847761e-02
1.865601e-02
1.868640e-02
1.875935e-02
1.878301e-02
1.878862e-02
1.884637e-02
1.898306e-02
1.893068e-02
1.893027e-02
1.887123e-02
