0.000000e+00
-1.394784e-53
-2.117685e-46
-1.136365e-44
4.372051e-41
-3.785092e-36
-2.323442e-29
1.038925e-11
3.907492e-11
1.091569e-10
1.927637e-10
5.835262e-10
2.271395e-09
5.206088e-09
1.018302e-08
2.440501e-08
6.712802e-08
1.248131e-07
2.247401e-07
3.647535e-07
9.878768e-07
1.492975e-06
2.425935e-06
4.973705e-06
7.804861e-06
1.452362e-05
3.967117e-05
5.409096e-05
7.083458e-05
1.292000e-04
1.858460e-04
2.253782e-04
3.684787e-04
5.794506e-04
5.738403e-04
5.682301e-04
7.048997e-04
8.168192e-04
1.334248e-03
1.565845e-03
1.697952e-03
1.739252e-03
1.771250e-03
2.448450e-03
2.933358e-03
3.273481e-03
2.819831e-03
3.870075e-03
5.053325e-03
4.150779e-03
5.512124e-03
6.544197e-03
6.571036e-03
8.326588e-03
9.894936e-03
7.871472e-03
7.546421e-03
9.976572e-03
1.206539e-02
1.208194e-02
9.477129e-03
1.051273e-02
1.146349e-02
1.406786e-02
1.452156e-02
1.374340e-02
1.156756e-02
1.273748e-02
1.596121e-02
1.529682e-02
1.525510e-02
1.515774e-02
1.283219e-02
1.521606e-02
1.675181e-02
1.717359e-02
1.708428e-02
1.501658e-02
1.519760e-02
1.586711e-02
1.757584e-02
1.742153e-02
1.656636e-02
1.654239e-02
1.749156e-02
1.795918e-02
1.821517e-02
1.821755e-02
1.762528e-02
1.724458e-02
1.721449e-02
1.721114e-02
1.786919e-02
1.836718e-02
1.829866e-02
1.776616e-02
1.806908e-02
1.855624e-02
1.857514e-02
1.850281e-02
1.844672e-02
1.793409e-02
1.824442e-02
1.852986e-02
1.859626e-02
1.855149e-02
1.867763e-02
1.870656e-02
1.876189e-02
1.878301e-02
1.878862e-02
1.884637e-02
1.898306e-02
1.893068e-02
1.893027e-02
1.887123e-02
