0.000000e+00
3.849930e-53
-3.469035e-46
1.477932e-44
-1.886036e-40
1.471719e-35
4.215475e-30
2.067860e-11
8.130348e-11
2.329932e-10
4.140537e-10
1.260242e-09
4.843902e-09
1.093256e-08
2.101980e-08
4.913154e-08
1.305269e-07
2.370553e-07
4.170459e-07
6.635196e-07
1.722215e-06
2.555709e-06
4.062569e-06
8.056610e-06
1.238992e-05
2.239335e-05
5.840632e-05
7.846460e-05
1.015099e-04
1.801608e-04
2.548528e-04
3.063163e-04
4.897044e-04
7.544888e-04
7.474661e-04
7.404434e-04
9.095940e-04
1.047169e-03
1.673034e-03
1.950001e-03
2.107071e-03
2.156151e-03
2.193982e-03
2.990293e-03
3.554676e-03
3.948168e-03
3.422639e-03
4.632589e-03
5.982941e-03
4.955238e-03
6.502060e-03
7.664582e-03
7.693816e-03
9.652586e-03
1.139190e-02
9.147727e-03
8.785535e-03
1.148183e-02
1.377854e-02
1.379655e-02
1.092969e-02
1.207277e-02
1.311855e-02
1.596551e-02
1.645879e-02
1.561123e-02
1.323230e-02
1.451288e-02
1.802160e-02
1.730068e-02
1.725555e-02
1.715024e-02
1.461702e-02
1.721346e-02
1.887761e-02
1.933345e-02
1.923694e-02
1.699645e-02
1.719281e-02
1.791948e-02
1.976795e-02
1.960149e-02
1.867704e-02
1.865115e-02
1.967700e-02
2.018157e-02
2.045768e-02
2.046034e-02
1.982146e-02
1.941030e-02
1.937809e-02
1.937452e-02
2.008463e-02
2.062191e-02
2.054812e-02
1.997359e-02
2.030056e-02
2.082557e-02
2.084560e-02
2.076780e-02
2.070758e-02
2.015489e-02
2.048990e-02
2.079795e-02
2.087019e-02
2.082221e-02
2.095952e-02
2.099056e-02
2.105104e-02
2.107424e-02
2.108039e-02
2.114718e-02
2.130399e-02
2.124584e-02
2.124542e-02
2.118060e-02
