0.000000e+00
1.316323e-63
3.131421e-57
-1.825683e-55
-1.465583e-51
-1.323296e-45
-1.689630e-39
1.049481e-34
7.738232e-29
1.263601e-10
2.506095e-10
7.929493e-10
3.297032e-09
7.813950e-09
1.648713e-08
3.921577e-08
1.103325e-07
2.136230e-07
3.900471e-07
6.469455e-07
1.719069e-06
2.644845e-06
4.244424e-06
8.851987e-06
1.367091e-05
2.576399e-05
6.769324e-05
9.330147e-05
1.198664e-04
2.149040e-04
3.027474e-04
3.725859e-04
5.887165e-04
8.887140e-04
8.929810e-04
8.972479e-04
1.108890e-03
1.251584e-03
2.010580e-03
2.347127e-03
2.520396e-03
2.577706e-03
2.647948e-03
3.545672e-03
4.182904e-03
4.624683e-03
4.122290e-03
5.441581e-03
6.920168e-03
5.892596e-03
7.535792e-03
8.743747e-03
8.885703e-03
1.093484e-02
1.269488e-02
1.052009e-02
1.012796e-02
1.288900e-02
1.519683e-02
1.527537e-02
1.245546e-02
1.359549e-02
1.461483e-02
1.747890e-02
1.804819e-02
1.727236e-02
1.489423e-02
1.619181e-02
1.968431e-02
1.906295e-02
1.901029e-02
1.888742e-02
1.639421e-02
1.893355e-02
2.059839e-02
2.110286e-02
2.102613e-02
1.886338e-02
1.904780e-02
1.973172e-02
2.162292e-02
2.147102e-02
2.058893e-02
2.050926e-02
2.152727e-02
2.207717e-02
2.234934e-02
2.235268e-02
2.173229e-02
2.135874e-02
2.129859e-02
2.129190e-02
2.201299e-02
2.255194e-02
2.246291e-02
2.195123e-02
2.223479e-02
2.278134e-02
2.280911e-02
2.272227e-02
2.267387e-02
2.214931e-02
2.246439e-02
2.276682e-02
2.286479e-02
2.282574e-02
2.293976e-02
2.298753e-02
2.306946e-02
2.310324e-02
2.311290e-02
2.320489e-02
2.341700e-02
2.337767e-02
2.337719e-02
2.332152e-02
