0.000000e+00
-7.000678e-81
-1.550192e-74
3.863476e-73
-6.746481e-70
7.596454e-64
-6.521720e-58
1.807509e-52
-4.917887e-47
1.119245e-40
-1.436924e-34
2.553937e-29
4.551748e-11
1.085213e-10
2.365746e-10
5.878593e-10
1.833303e-09
3.890601e-09
7.848143e-09
1.433365e-08
4.766923e-08
8.175393e-08
1.499568e-07
3.893823e-07
6.868612e-07
1.590104e-06
5.801450e-06
8.932669e-06
1.252998e-05
2.752374e-05
4.393566e-05
5.801374e-05
1.085841e-04
1.914256e-04
1.920984e-04
1.927712e-04
2.571151e-04
3.045775e-04
5.822965e-04
7.176714e-04
7.918586e-04
8.162489e-04
8.449929e-04
1.262867e-03
1.584118e-03
1.818022e-03
1.545450e-03
2.274637e-03
3.154171e-03
2.520398e-03
3.540463e-03
4.344890e-03
4.433852e-03
5.906621e-03
7.241434e-03
5.577817e-03
5.295733e-03
7.382486e-03
9.262521e-03
9.320214e-03
7.028575e-03
7.930928e-03
8.767944e-03
1.121688e-02
1.171294e-02
1.101532e-02
8.978884e-03
1.007868e-02
1.318561e-02
1.260378e-02
1.255548e-02
1.244279e-02
1.023284e-02
1.249080e-02
1.403053e-02
1.449697e-02
1.442218e-02
1.240781e-02
1.257871e-02
1.320880e-02
1.498078e-02
1.483372e-02
1.398745e-02
1.392095e-02
1.488752e-02
1.540959e-02
1.567222e-02
1.567815e-02
1.507720e-02
1.471303e-02
1.465436e-02
1.464784e-02
1.534145e-02
1.586399e-02
1.577720e-02
1.527379e-02
1.555396e-02
1.608289e-02
1.611101e-02
1.602013e-02
1.597585e-02
1.546257e-02
1.577021e-02
1.606101e-02
1.615185e-02
1.610962e-02
1.622243e-02
1.625887e-02
1.632927e-02
1.635612e-02
1.636329e-02
1.642268e-02
1.656192e-02
1.653052e-02
1.653007e-02
1.648589e-02
