0.000000e+00
1.925187e-81
-3.001069e-75
-1.026668e-73
-5.437935e-69
-1.293771e-64
1.196064e-57
1.606856e-52
-4.203724e-47
-1.566764e-40
3.192643e-35
2.965624e-29
1.763968e-11
4.019552e-11
8.188506e-11
1.899791e-10
5.242848e-10
1.001112e-09
1.824957e-09
3.028437e-09
8.420482e-09
1.326377e-08
2.221379e-08
5.128738e-08
8.567178e-08
1.864960e-07
6.840655e-07
1.070583e-06
1.543344e-06
3.722981e-06
6.415117e-06
8.725355e-06
1.864913e-05
3.775170e-05
3.751613e-05
3.728057e-05
5.304995e-05
6.615962e-05
1.481261e-04
1.914504e-04
2.172532e-04
2.255447e-04
2.338175e-04
3.922297e-04
5.236069e-04
6.247763e-04
4.989327e-04
8.299348e-04
1.258928e-03
9.295620e-04
1.452593e-03
1.895584e-03
1.929641e-03
2.809966e-03
3.657535e-03
2.575647e-03
2.405566e-03
3.723339e-03
5.007813e-03
5.029699e-03
3.456740e-03
4.056886e-03
4.632812e-03
6.385223e-03
6.732868e-03
6.193297e-03
4.732788e-03
5.507943e-03
7.820037e-03
7.343420e-03
7.308563e-03
7.227225e-03
5.582797e-03
7.268371e-03
8.449243e-03
8.798090e-03
8.729956e-03
7.155040e-03
7.289802e-03
7.782108e-03
9.144880e-03
9.022650e-03
8.348001e-03
8.313863e-03
9.070409e-03
9.469114e-03
9.677560e-03
9.679809e-03
9.195854e-03
8.898851e-03
8.857698e-03
8.853127e-03
9.398188e-03
9.817422e-03
9.752766e-03
9.328347e-03
9.564706e-03
9.980366e-03
9.999382e-03
9.932506e-03
9.889957e-03
9.470750e-03
9.715777e-03
9.955097e-03
1.001651e-02
9.976544e-03
1.007167e-02
1.009491e-02
1.014210e-02
1.015903e-02
1.016262e-02
1.018718e-02
1.025081e-02
1.021865e-02
1.021800e-02
1.018480e-02
