0.000000e+00
8.892555e-77
2.914797e-71
9.182459e-69
-1.235907e-64
-6.611954e-59
-8.605245e-54
5.586078e-48
4.175869e-43
-5.777555e-36
5.004336e-30
2.389218e-12
9.490969e-12
2.187418e-11
4.338301e-11
1.042245e-10
2.925559e-10
5.567423e-10
1.027951e-09
1.717571e-09
5.058528e-09
8.052752e-09
1.405081e-08
3.358850e-08
5.861718e-08
1.326691e-07
5.334172e-07
8.445881e-07
1.250344e-06
3.091399e-06
5.435439e-06
7.361927e-06
1.607057e-05
3.328052e-05
3.278412e-05
3.228771e-05
4.582861e-05
5.815959e-05
1.304767e-04
1.687484e-04
1.926192e-04
2.001211e-04
2.062541e-04
3.512588e-04
4.727361e-04
5.663582e-04
4.432439e-04
7.538295e-04
1.159232e-03
8.381113e-04
1.338358e-03
1.775301e-03
1.791076e-03
2.659358e-03
3.517290e-03
2.410229e-03
2.247015e-03
3.566015e-03
4.884108e-03
4.895973e-03
3.275720e-03
3.889233e-03
4.487684e-03
6.303512e-03
6.646605e-03
6.067090e-03
4.556170e-03
5.353844e-03
7.779334e-03
7.250045e-03
7.215693e-03
7.135534e-03
5.411896e-03
7.183724e-03
8.430548e-03
8.789087e-03
8.712695e-03
7.029899e-03
7.175753e-03
7.706524e-03
9.137391e-03
9.002209e-03
8.275572e-03
8.256640e-03
9.061419e-03
9.475349e-03
9.699799e-03
9.699945e-03
9.180120e-03
8.850229e-03
8.821823e-03
8.818667e-03
9.393586e-03
9.837260e-03
9.776439e-03
9.303609e-03
9.570854e-03
1.000554e-02
1.002432e-02
9.961393e-03
9.910611e-03
9.454485e-03
9.724996e-03
9.980004e-03
1.003659e-02
9.994335e-03
1.010241e-02
1.012416e-02
1.016862e-02
1.018279e-02
1.018627e-02
1.020923e-02
1.026790e-02
1.023465e-02
1.023427e-02
1.019588e-02
