0.000000e+00
-2.108046e-59
4.584026e-53
7.762502e-51
8.599888e-47
-2.665830e-41
-1.771470e-35
-3.620748e-31
4.682631e-12
1.325069e-11
2.331932e-11
7.010267e-11
2.782124e-10
6.559522e-10
1.330485e-09
3.374584e-09
1.012812e-08
2.005151e-08
3.849791e-08
6.611842e-08
2.028523e-07
3.237979e-07
5.625014e-07
1.278252e-06
2.135407e-06
4.355995e-06
1.378099e-05
1.971127e-05
2.684303e-05
5.347774e-05
8.123964e-05
1.014584e-04
1.786138e-04
3.007122e-04
2.974033e-04
2.940943e-04
3.769583e-04
4.465742e-04
7.863629e-04
9.446072e-04
1.036829e-03
1.065701e-03
1.088410e-03
1.580154e-03
1.944986e-03
2.206899e-03
1.858988e-03
2.679915e-03
3.637765e-03
2.900454e-03
4.021264e-03
4.898767e-03
4.923745e-03
6.471755e-03
7.888368e-03
6.061088e-03
5.773136e-03
7.963450e-03
9.913904e-03
9.930160e-03
7.506639e-03
8.459258e-03
9.347575e-03
1.183847e-02
1.228270e-02
1.152751e-02
9.445195e-03
1.055825e-02
1.369898e-02
1.304316e-02
1.300164e-02
1.290474e-02
1.064684e-02
1.296234e-02
1.448341e-02
1.490724e-02
1.481915e-02
1.276781e-02
1.294693e-02
1.360683e-02
1.531377e-02
1.515772e-02
1.429990e-02
1.427732e-02
1.522883e-02
1.570456e-02
1.596273e-02
1.596125e-02
1.536328e-02
1.498247e-02
1.494812e-02
1.494430e-02
1.561160e-02
1.611536e-02
1.604880e-02
1.550679e-02
1.581348e-02
1.630795e-02
1.632920e-02
1.625774e-02
1.620019e-02
1.568014e-02
1.599037e-02
1.628305e-02
1.634786e-02
1.630053e-02
1.642810e-02
1.645487e-02
1.651010e-02
1.652973e-02
1.653481e-02
1.658360e-02
1.670032e-02
1.665341e-02
1.665301e-02
1.659959e-02
