1.979994e-09
3.175678e-09
6.189378e-09
9.077399e-09
1.581651e-08
3.211231e-08
5.028073e-08
8.569117e-08
1.785806e-07
3.248737e-07
4.488637e-07
8.418235e-07
1.814351e-06
2.894309e-06
4.218377e-06
6.892556e-06
1.215752e-05
1.721181e-05
2.393785e-05
3.139854e-05
5.488752e-05
6.917930e-05
9.059469e-05
1.350882e-04
1.741467e-04
2.458798e-04
4.319941e-04
5.124857e-04
5.963485e-04
8.359185e-04
1.022767e-03
1.137912e-03
1.493688e-03
1.916786e-03
1.906445e-03
1.896105e-03
2.134502e-03
2.313776e-03
3.020717e-03
3.300384e-03
3.448771e-03
3.495019e-03
3.529675e-03
4.204741e-03
4.634138e-03
4.915589e-03
4.537097e-03
5.363777e-03
6.195797e-03
5.581270e-03
6.488492e-03
7.103175e-03
7.116619e-03
8.047791e-03
8.815837e-03
7.827288e-03
7.661393e-03
8.849518e-03
9.765259e-03
9.773884e-03
8.620218e-03
9.093786e-03
9.509809e-03
1.056225e-02
1.073549e-02
1.043735e-02
9.551738e-03
1.003361e-02
1.125508e-02
1.101939e-02
1.100360e-02
1.096677e-02
1.007319e-02
1.098878e-02
1.153307e-02
1.167796e-02
1.164619e-02
1.091283e-02
1.097761e-02
1.122037e-02
1.180609e-02
1.175250e-02
1.146261e-02
1.145899e-02
1.178164e-02
1.193620e-02
1.202206e-02
1.202021e-02
1.182062e-02
1.169555e-02
1.168686e-02
1.168590e-02
1.190510e-02
1.206007e-02
1.204022e-02
1.186370e-02
1.196152e-02
1.212177e-02
1.213106e-02
1.210934e-02
1.208596e-02
1.191670e-02
1.201831e-02
1.211294e-02
1.213477e-02
1.212219e-02
1.215359e-02
1.218064e-02
1.219956e-02
1.221174e-02
1.221575e-02
1.224709e-02
1.232467e-02
1.228740e-02
1.228701e-02
1.224402e-02
