2.668654e-05
3.614362e-05
5.382561e-05
6.520576e-05
9.176099e-05
1.345051e-04
1.708839e-04
2.258190e-04
3.310662e-04
4.395170e-04
5.296766e-04
7.026730e-04
9.992336e-04
1.236209e-03
1.499465e-03
1.843858e-03
2.374770e-03
2.806775e-03
3.255695e-03
3.695267e-03
4.672335e-03
5.206924e-03
5.822939e-03
6.981540e-03
7.755016e-03
9.063113e-03
1.145841e-02
1.241872e-02
1.318940e-02
1.523852e-02
1.655192e-02
1.746150e-02
1.950195e-02
2.149661e-02
2.155697e-02
2.161733e-02
2.277613e-02
2.341174e-02
2.628002e-02
2.731610e-02
2.778377e-02
2.794022e-02
2.814577e-02
3.017969e-02
3.140457e-02
3.217345e-02
3.136675e-02
3.345412e-02
3.546223e-02
3.419025e-02
3.621891e-02
3.751351e-02
3.768655e-02
3.954215e-02
4.098425e-02
3.926203e-02
3.890978e-02
4.115421e-02
4.276811e-02
4.283711e-02
4.087659e-02
4.170448e-02
4.240927e-02
4.420087e-02
4.454657e-02
4.411194e-02
4.263178e-02
4.346347e-02
4.545577e-02
4.515068e-02
4.512175e-02
4.505423e-02
4.362725e-02
4.507842e-02
4.596198e-02
4.622056e-02
4.618930e-02
4.507785e-02
4.517550e-02
4.553875e-02
4.648897e-02
4.641884e-02
4.600550e-02
4.595643e-02
4.646602e-02
4.672555e-02
4.687634e-02
4.687309e-02
4.657706e-02
4.640882e-02
4.638118e-02
4.637811e-02
4.672779e-02
4.696201e-02
4.692604e-02
4.669025e-02
4.681470e-02
4.708941e-02
4.711151e-02
4.706406e-02
4.704938e-02
4.679905e-02
4.694799e-02
4.711707e-02
4.718096e-02
4.718023e-02
4.723340e-02
4.731321e-02
4.737772e-02
4.742980e-02
4.744788e-02
4.765122e-02
4.810942e-02
4.802693e-02
4.802629e-02
4.792187e-02
