5.250987e-10
8.640338e-10
1.738508e-09
2.607614e-09
4.635646e-09
9.714126e-09
1.553119e-08
2.721895e-08
5.919763e-08
1.116612e-07
1.578707e-07
3.100656e-07
7.115173e-07
1.182278e-06
1.783811e-06
3.051237e-06
5.689140e-06
8.341044e-06
1.199185e-05
1.617603e-05
2.996832e-05
3.871169e-05
5.217653e-05
8.125240e-05
1.076227e-04
1.578156e-04
2.947848e-04
3.564866e-04
4.217478e-04
6.133613e-04
7.674899e-04
8.642272e-04
1.169266e-03
1.543502e-03
1.534218e-03
1.524933e-03
1.739665e-03
1.903184e-03
2.562260e-03
2.826854e-03
2.968618e-03
3.012888e-03
3.046783e-03
3.703989e-03
4.127715e-03
4.408751e-03
4.031688e-03
4.861681e-03
5.709745e-03
5.079859e-03
6.012473e-03
6.651531e-03
6.665939e-03
7.650053e-03
8.472333e-03
7.414384e-03
7.231109e-03
8.509558e-03
9.499279e-03
9.507396e-03
8.260597e-03
8.772337e-03
9.221949e-03
1.037270e-02
1.056493e-02
1.023721e-02
9.267219e-03
9.794628e-03
1.114442e-02
1.088077e-02
1.086346e-02
1.082307e-02
9.838401e-03
1.084510e-02
1.145189e-02
1.161430e-02
1.157796e-02
1.076257e-02
1.083398e-02
1.110275e-02
1.175892e-02
1.170003e-02
1.137568e-02
1.136932e-02
1.173194e-02
1.190412e-02
1.200224e-02
1.200085e-02
1.177784e-02
1.163508e-02
1.162449e-02
1.162331e-02
1.187114e-02
1.204668e-02
1.202473e-02
1.182541e-02
1.193557e-02
1.211358e-02
1.212321e-02
1.210054e-02
1.207775e-02
1.188229e-02
1.199706e-02
1.210700e-02
1.212955e-02
1.211685e-02
1.215207e-02
1.217890e-02
1.219908e-02
1.221174e-02
1.221575e-02
1.224709e-02
1.232467e-02
1.228740e-02
1.228701e-02
1.224402e-02
