7.980771e-10
1.358821e-09
2.876462e-09
4.482625e-09
8.230557e-09
1.812071e-08
2.978273e-08
5.358763e-08
1.193780e-07
2.280683e-07
3.228382e-07
6.334434e-07
1.433160e-06
2.349544e-06
3.494124e-06
5.857165e-06
1.061897e-05
1.527642e-05
2.155588e-05
2.861256e-05
5.120918e-05
6.516342e-05
8.628225e-05
1.307465e-04
1.702605e-04
2.437096e-04
4.377423e-04
5.229079e-04
6.121515e-04
8.693225e-04
1.072385e-03
1.198365e-03
1.590386e-03
2.062476e-03
2.050761e-03
2.039046e-03
2.306517e-03
2.509258e-03
3.314106e-03
3.634016e-03
3.804568e-03
3.857812e-03
3.898447e-03
4.681003e-03
5.181089e-03
5.511030e-03
5.067973e-03
6.038754e-03
7.022210e-03
6.293485e-03
7.369687e-03
8.103047e-03
8.119071e-03
9.237191e-03
1.016677e-02
8.971225e-03
8.763584e-03
1.020865e-02
1.131850e-02
1.132740e-02
9.928577e-03
1.050417e-02
1.100864e-02
1.229243e-02
1.250496e-02
1.214015e-02
1.105941e-02
1.164807e-02
1.314763e-02
1.285565e-02
1.283662e-02
1.279220e-02
1.169771e-02
1.281669e-02
1.348789e-02
1.366748e-02
1.362729e-02
1.272554e-02
1.280468e-02
1.310250e-02
1.382753e-02
1.376277e-02
1.340474e-02
1.339781e-02
1.379804e-02
1.398802e-02
1.409619e-02
1.409459e-02
1.384910e-02
1.369161e-02
1.368023e-02
1.367897e-02
1.395204e-02
1.414571e-02
1.412181e-02
1.390191e-02
1.402342e-02
1.421949e-02
1.422986e-02
1.420535e-02
1.418050e-02
1.396511e-02
1.409185e-02
1.421367e-02
1.423948e-02
1.422585e-02
1.426580e-02
1.429559e-02
1.431872e-02
1.433322e-02
1.433780e-02
1.437774e-02
1.447477e-02
1.443296e-02
1.443256e-02
1.438445e-02
