1.133230e-07
1.687278e-07
2.913774e-07
3.914819e-07
6.250727e-07
1.098075e-06
1.565768e-06
2.385916e-06
4.250317e-06
6.673048e-06
8.670530e-06
1.381036e-05
2.443697e-05
3.445580e-05
4.600092e-05
6.534310e-05
9.879044e-05
1.278167e-04
1.623332e-04
1.979283e-04
2.936768e-04
3.477386e-04
4.195089e-04
5.598622e-04
6.677634e-04
8.540420e-04
1.261570e-03
1.426101e-03
1.579281e-03
1.998421e-03
2.292715e-03
2.475748e-03
2.975926e-03
3.514617e-03
3.510677e-03
3.506738e-03
3.808284e-03
4.006257e-03
4.808682e-03
5.108001e-03
5.255790e-03
5.302956e-03
5.347412e-03
6.003895e-03
6.401370e-03
6.660477e-03
6.340049e-03
7.066938e-03
7.770494e-03
7.276926e-03
8.023506e-03
8.503673e-03
8.532302e-03
9.239191e-03
9.801364e-03
9.090571e-03
8.956963e-03
9.837313e-03
1.048503e-02
1.049430e-02
9.685802e-03
1.002202e-02
1.031043e-02
1.103696e-02
1.115889e-02
1.096338e-02
1.035802e-02
1.068987e-02
1.151239e-02
1.136468e-02
1.135321e-02
1.132646e-02
1.072671e-02
1.133873e-02
1.169957e-02
1.179457e-02
1.177675e-02
1.130037e-02
1.134250e-02
1.149985e-02
1.188134e-02
1.184724e-02
1.166586e-02
1.165719e-02
1.187100e-02
1.197057e-02
1.202889e-02
1.202787e-02
1.189963e-02
1.181815e-02
1.181133e-02
1.181057e-02
1.195484e-02
1.205015e-02
1.203943e-02
1.193023e-02
1.198729e-02
1.209109e-02
1.209743e-02
1.208476e-02
1.207110e-02
1.196387e-02
1.202640e-02
1.208832e-02
1.210368e-02
1.209966e-02
1.211420e-02
1.214363e-02
1.215699e-02
1.217167e-02
1.217582e-02
1.220926e-02
1.229346e-02
1.225814e-02
1.225743e-02
1.222121e-02
