0.000000e+00
1.104585e-58
3.409472e-52
-1.284180e-50
-1.111870e-46
1.065435e-40
-1.101673e-34
-2.123761e-29
2.464554e-11
6.022732e-11
1.058264e-10
2.645003e-10
8.504755e-10
1.755821e-09
3.376380e-09
7.245368e-09
1.888218e-08
3.561780e-08
6.437224e-08
1.069989e-07
2.949640e-07
4.651153e-07
7.746585e-07
1.730583e-06
2.801552e-06
5.684343e-06
1.703060e-05
2.450415e-05
3.268810e-05
6.386927e-05
9.496012e-05
1.201066e-04
2.044756e-04
3.309131e-04
3.317443e-04
3.325755e-04
4.245157e-04
4.902351e-04
8.481968e-04
1.013337e-03
1.101707e-03
1.130630e-03
1.163696e-03
1.636179e-03
1.982327e-03
2.227799e-03
1.939772e-03
2.687641e-03
3.550577e-03
2.934459e-03
3.913840e-03
4.655540e-03
4.731507e-03
6.025965e-03
7.166550e-03
5.743590e-03
5.495625e-03
7.280124e-03
8.815985e-03
8.861945e-03
6.980391e-03
7.731861e-03
8.415064e-03
1.035625e-02
1.073798e-02
1.019455e-02
8.580651e-03
9.454649e-03
1.185813e-02
1.141330e-02
1.137699e-02
1.129226e-02
9.578317e-03
1.132811e-02
1.248825e-02
1.283485e-02
1.277921e-02
1.125987e-02
1.139059e-02
1.187153e-02
1.318724e-02
1.307793e-02
1.245339e-02
1.240483e-02
1.312328e-02
1.350142e-02
1.369376e-02
1.369906e-02
1.325782e-02
1.298894e-02
1.294478e-02
1.293987e-02
1.345069e-02
1.383244e-02
1.376933e-02
1.339987e-02
1.360668e-02
1.398791e-02
1.400795e-02
1.394615e-02
1.391232e-02
1.353709e-02
1.376126e-02
1.397603e-02
1.403958e-02
1.401064e-02
1.408738e-02
1.412177e-02
1.417409e-02
1.419602e-02
1.420231e-02
1.425126e-02
1.436688e-02
1.433761e-02
1.433716e-02
1.429650e-02
