2.170166e-08
3.589501e-08
7.102518e-08
1.043157e-07
1.819980e-07
3.612629e-07
5.542338e-07
9.182294e-07
1.819390e-06
3.085830e-06
4.192287e-06
7.204656e-06
1.393025e-05
2.068852e-05
2.884170e-05
4.309197e-05
6.905622e-05
9.269270e-05
1.217264e-04
1.525668e-04
2.387723e-04
2.893900e-04
3.580130e-04
4.970121e-04
6.066608e-04
8.024270e-04
1.247680e-03
1.434431e-03
1.609268e-03
2.100951e-03
2.454272e-03
2.679516e-03
3.299900e-03
3.983196e-03
3.979945e-03
3.976693e-03
4.367153e-03
4.623626e-03
5.691880e-03
6.097221e-03
6.297549e-03
6.361764e-03
6.424559e-03
7.325554e-03
7.881220e-03
8.244383e-03
7.799940e-03
8.824154e-03
9.832854e-03
9.124884e-03
1.019790e-02
1.089382e-02
1.094054e-02
1.198252e-02
1.281446e-02
1.176640e-02
1.156444e-02
1.287390e-02
1.384258e-02
1.386060e-02
1.265143e-02
1.315228e-02
1.358469e-02
1.468637e-02
1.487681e-02
1.458066e-02
1.366370e-02
1.416643e-02
1.541888e-02
1.519369e-02
1.517673e-02
1.513715e-02
1.422501e-02
1.515643e-02
1.571271e-02
1.586204e-02
1.582968e-02
1.510282e-02
1.516734e-02
1.540687e-02
1.600161e-02
1.595061e-02
1.566852e-02
1.565376e-02
1.598030e-02
1.613958e-02
1.622680e-02
1.622643e-02
1.603060e-02
1.591002e-02
1.589430e-02
1.589255e-02
1.611566e-02
1.626979e-02
1.624805e-02
1.608259e-02
1.617078e-02
1.633650e-02
1.634517e-02
1.632305e-02
1.630568e-02
1.613364e-02
1.623439e-02
1.633338e-02
1.635850e-02
1.635105e-02
1.637694e-02
1.641427e-02
1.643719e-02
1.645716e-02
1.646242e-02
1.651469e-02
1.664183e-02
1.659903e-02
1.659821e-02
1.655480e-02
