0.000000e+00
-1.072527e-46
1.944330e-40
-7.435805e-39
2.346287e-35
-2.235928e-29
1.663845e-11
3.551319e-11
9.933045e-11
2.139423e-10
3.433219e-10
7.711104e-10
2.117647e-09
3.912044e-09
6.693919e-09
1.270288e-08
2.797848e-08
4.671408e-08
7.586080e-08
1.149021e-07
2.718793e-07
4.003041e-07
6.250069e-07
1.279486e-06
1.994312e-06
3.828990e-06
1.106940e-05
1.567410e-05
2.087979e-05
4.078733e-05
6.096817e-05
7.630048e-05
1.318922e-04
2.174690e-04
2.165305e-04
2.155920e-04
2.762883e-04
3.225010e-04
5.637945e-04
6.752819e-04
7.369040e-04
7.566593e-04
7.759984e-04
1.108052e-03
1.351449e-03
1.525872e-03
1.307883e-03
1.844672e-03
2.464506e-03
2.004084e-03
2.718097e-03
3.259980e-03
3.296929e-03
4.249830e-03
5.098527e-03
4.016973e-03
3.833655e-03
5.159161e-03
6.308347e-03
6.326425e-03
4.905929e-03
5.468291e-03
5.983748e-03
7.435381e-03
7.704798e-03
7.283024e-03
6.070589e-03
6.722058e-03
8.522275e-03
8.169141e-03
8.142674e-03
8.080915e-03
6.789254e-03
8.112812e-03
8.977148e-03
9.223355e-03
9.175116e-03
8.024566e-03
8.123347e-03
8.490583e-03
9.460003e-03
9.374690e-03
8.900906e-03
8.877375e-03
9.412110e-03
9.684865e-03
9.828005e-03
9.829028e-03
9.498823e-03
9.290658e-03
9.264473e-03
9.261564e-03
9.638991e-03
9.918208e-03
9.876742e-03
9.586977e-03
9.747867e-03
1.002882e-02
1.004316e-02
9.997840e-03
9.966985e-03
9.680556e-03
9.849582e-03
1.001196e-02
1.005269e-02
1.002817e-02
1.008680e-02
1.011188e-02
1.014402e-02
1.015903e-02
1.016262e-02
1.018718e-02
1.025081e-02
1.021865e-02
1.021800e-02
1.018480e-02
