0.000000e+00
-5.590990e-62
4.032434e-54
-2.109305e-52
1.023669e-48
1.343845e-42
-3.647706e-37
-5.686308e-32
-2.271919e-26
7.073438e-08
1.144838e-07
2.629829e-07
7.240055e-07
1.327387e-06
2.224052e-06
4.097401e-06
8.446195e-06
1.330809e-05
2.022573e-05
2.866496e-05
5.690946e-05
7.670114e-05
1.064283e-04
1.775824e-04
2.411656e-04
3.739409e-04
7.404273e-04
9.243328e-04
1.103142e-03
1.675615e-03
2.138232e-03
2.462146e-03
3.420580e-03
4.601915e-03
4.605597e-03
4.609279e-03
5.365687e-03
5.858495e-03
8.212461e-03
9.172178e-03
9.655814e-03
9.813445e-03
9.988485e-03
1.234575e-02
1.390337e-02
1.496055e-02
1.371371e-02
1.677740e-02
2.001152e-02
1.774087e-02
2.126561e-02
2.368153e-02
2.392274e-02
2.783708e-02
3.107913e-02
2.700687e-02
2.624178e-02
3.137030e-02
3.541275e-02
3.548544e-02
3.049990e-02
3.254631e-02
3.433231e-02
3.917207e-02
4.007369e-02
3.875263e-02
3.472716e-02
3.692221e-02
4.264477e-02
4.160628e-02
4.152220e-02
4.132599e-02
3.720962e-02
4.141096e-02
4.405284e-02
4.481024e-02
4.467237e-02
4.121504e-02
4.151581e-02
4.262865e-02
4.556037e-02
4.532112e-02
4.392648e-02
4.383301e-02
4.540890e-02
4.623749e-02
4.665150e-02
4.666386e-02
4.570040e-02
4.510607e-02
4.501269e-02
4.500231e-02
4.611413e-02
4.694290e-02
4.680913e-02
4.600368e-02
4.644922e-02
4.726421e-02
4.730545e-02
4.716406e-02
4.710351e-02
4.627939e-02
4.676303e-02
4.724260e-02
4.739084e-02
4.733568e-02
4.751742e-02
4.758953e-02
4.771215e-02
4.777155e-02
4.778406e-02
4.796475e-02
4.838215e-02
4.826174e-02
4.826003e-02
4.815471e-02
