5.739697e-11
9.489644e-11
1.898761e-10
2.800536e-10
4.904801e-10
9.821239e-10
1.510914e-09
2.507922e-09
5.010226e-09
8.672656e-09
1.177219e-08
2.086277e-08
4.228221e-08
6.501968e-08
9.312519e-08
1.469715e-07
2.540052e-07
3.588883e-07
4.992041e-07
6.594652e-07
1.188929e-06
1.535986e-06
2.078083e-06
3.356867e-06
4.578830e-06
7.170099e-06
1.559529e-05
2.006686e-05
2.509082e-05
4.225846e-05
5.833713e-05
6.934743e-05
1.090559e-04
1.668140e-04
1.653487e-04
1.638833e-04
2.014034e-04
2.312406e-04
3.721934e-04
4.347367e-04
4.699279e-04
4.809396e-04
4.895516e-04
6.720262e-04
8.019048e-04
8.926889e-04
7.715404e-04
1.051777e-03
1.365840e-03
1.126156e-03
1.487279e-03
1.756845e-03
1.764270e-03
2.222316e-03
2.628349e-03
2.103807e-03
2.016678e-03
2.646800e-03
3.182465e-03
3.186780e-03
2.517559e-03
2.783095e-03
3.025301e-03
3.686928e-03
3.802737e-03
3.606320e-03
3.050493e-03
3.347398e-03
4.159089e-03
3.994707e-03
3.983431e-03
3.957116e-03
3.369080e-03
3.970372e-03
4.352428e-03
4.457016e-03
4.434036e-03
3.918507e-03
3.962973e-03
4.129422e-03
4.549753e-03
4.510137e-03
4.300197e-03
4.294897e-03
4.530613e-03
4.643505e-03
4.706897e-03
4.706149e-03
4.558703e-03
4.465867e-03
4.457233e-03
4.456274e-03
4.619224e-03
4.736784e-03
4.720411e-03
4.589317e-03
4.661116e-03
4.780809e-03
4.787384e-03
4.769522e-03
4.754225e-03
4.625465e-03
4.700046e-03
4.770440e-03
4.781552e-03
4.771147e-03
4.792618e-03
4.808646e-03
4.818634e-03
4.824329e-03
4.826292e-03
4.827032e-03
4.834565e-03
4.809852e-03
4.809493e-03
4.782444e-03
