0.000000e+00
-5.605194e-45
5.801065e-36
3.084497e-34
4.816366e-30
2.877207e-12
5.488057e-12
1.176223e-11
3.291206e-11
7.372176e-11
1.153386e-10
2.685940e-10
7.563539e-10
1.419168e-09
2.386810e-09
4.646422e-09
1.026496e-08
1.690152e-08
2.726379e-08
4.080145e-08
9.614840e-08
1.394801e-07
2.177236e-07
4.380697e-07
6.877013e-07
1.320859e-06
4.006704e-06
5.738220e-06
7.839277e-06
1.602415e-05
2.490454e-05
3.153325e-05
5.793494e-05
1.019926e-04
1.008080e-04
9.962350e-05
1.307400e-04
1.571813e-04
2.933278e-04
3.587345e-04
3.973180e-04
4.094121e-04
4.190427e-04
6.324114e-04
7.953053e-04
9.141558e-04
7.566284e-04
1.134093e-03
1.586004e-03
1.236051e-03
1.771301e-03
2.199072e-03
2.212812e-03
2.988360e-03
3.708845e-03
2.778950e-03
2.633659e-03
3.746316e-03
4.758553e-03
4.766401e-03
3.512128e-03
4.001069e-03
4.460412e-03
5.771099e-03
6.007466e-03
5.606884e-03
4.511567e-03
5.095085e-03
6.760705e-03
6.411319e-03
6.388648e-03
6.335746e-03
5.139405e-03
6.367422e-03
7.181619e-03
7.410462e-03
7.360570e-03
6.261815e-03
6.357699e-03
6.709924e-03
7.623846e-03
7.539554e-03
7.079748e-03
7.066253e-03
7.578074e-03
7.833091e-03
7.974460e-03
7.973048e-03
7.649818e-03
7.444076e-03
7.424456e-03
7.422277e-03
7.783640e-03
8.052345e-03
8.015050e-03
7.723324e-03
7.886872e-03
8.154049e-03
8.166130e-03
8.126632e-03
8.095811e-03
7.814607e-03
7.981370e-03
8.137869e-03
8.169461e-03
8.144767e-03
8.207053e-03
8.227399e-03
8.253397e-03
8.263703e-03
8.266659e-03
8.281571e-03
8.321963e-03
8.292062e-03
8.291686e-03
8.257462e-03
