3.654578e-09
5.517226e-09
9.465873e-09
1.258994e-08
1.987984e-08
3.403450e-08
4.773714e-08
7.159427e-08
1.261904e-07
1.922111e-07
2.547267e-07
3.977657e-07
7.095732e-07
1.017291e-06
1.416940e-06
2.073233e-06
3.367729e-06
4.659178e-06
6.308744e-06
8.197185e-06
1.392203e-05
1.770958e-05
2.317262e-05
3.570378e-05
4.655474e-05
6.854034e-05
1.275019e-04
1.562203e-04
1.845898e-04
2.726700e-04
3.434516e-04
3.923388e-04
5.364875e-04
7.134579e-04
7.131848e-04
7.129118e-04
8.224507e-04
8.966161e-04
1.236326e-03
1.374096e-03
1.444099e-03
1.466653e-03
1.489625e-03
1.825437e-03
2.045581e-03
2.192352e-03
2.012843e-03
2.441451e-03
2.886051e-03
2.570400e-03
3.054965e-03
3.388195e-03
3.411988e-03
3.935992e-03
4.370485e-03
3.824178e-03
3.723685e-03
4.403369e-03
4.933827e-03
4.945621e-03
4.285931e-03
4.555895e-03
4.791661e-03
5.416058e-03
5.527566e-03
5.357760e-03
4.836817e-03
5.120723e-03
5.851800e-03
5.717832e-03
5.707479e-03
5.683321e-03
5.154544e-03
5.693794e-03
6.026663e-03
6.120078e-03
6.102358e-03
5.664120e-03
5.701866e-03
5.843868e-03
6.206373e-03
6.175027e-03
6.002559e-03
5.993991e-03
6.193825e-03
6.289833e-03
6.344742e-03
6.345415e-03
6.223457e-03
6.147832e-03
6.140317e-03
6.139482e-03
6.276878e-03
6.371533e-03
6.357703e-03
6.256061e-03
6.310941e-03
6.412959e-03
6.420450e-03
6.405480e-03
6.394077e-03
6.288882e-03
6.350303e-03
6.408715e-03
6.421553e-03
6.414887e-03
6.429197e-03
6.448435e-03
6.460592e-03
6.469529e-03
6.472877e-03
6.485282e-03
6.517397e-03
6.494580e-03
6.494175e-03
6.465489e-03
