4.055053e-08
5.678650e-08
8.857199e-08
1.111613e-07
1.638727e-07
2.569302e-07
3.417106e-07
4.820088e-07
7.845740e-07
1.135956e-06
1.451345e-06
2.163957e-06
3.650641e-06
5.066588e-06
6.820388e-06
9.662425e-06
1.495538e-05
1.993402e-05
2.603684e-05
3.270510e-05
5.161104e-05
6.323961e-05
7.921956e-05
1.131308e-04
1.406396e-04
1.920547e-04
3.153210e-04
3.700608e-04
4.221651e-04
5.733338e-04
6.861570e-04
7.609979e-04
9.694344e-04
1.207567e-03
1.207274e-03
1.206981e-03
1.346901e-03
1.439437e-03
1.840589e-03
1.996204e-03
2.073570e-03
2.098443e-03
2.123355e-03
2.479933e-03
2.704483e-03
2.851408e-03
2.671567e-03
3.092343e-03
3.514170e-03
3.218228e-03
3.670061e-03
3.969394e-03
3.989617e-03
4.445281e-03
4.813596e-03
4.350964e-03
4.263837e-03
4.840001e-03
5.275050e-03
5.283875e-03
4.743639e-03
4.966278e-03
5.158682e-03
5.659325e-03
5.747419e-03
5.613191e-03
5.196344e-03
5.424319e-03
5.997039e-03
5.895104e-03
5.887071e-03
5.868325e-03
5.450852e-03
5.875226e-03
6.132079e-03
6.202383e-03
6.189025e-03
5.853185e-03
5.882487e-03
5.992419e-03
6.266621e-03
6.241851e-03
6.112290e-03
6.106820e-03
6.259637e-03
6.330779e-03
6.373022e-03
6.373881e-03
6.279638e-03
6.224291e-03
6.219147e-03
6.218576e-03
6.322965e-03
6.391067e-03
6.380566e-03
6.303354e-03
6.345351e-03
6.421903e-03
6.428592e-03
6.418237e-03
6.407284e-03
6.327866e-03
6.374392e-03
6.418622e-03
6.428003e-03
6.424488e-03
6.431504e-03
6.452247e-03
6.460976e-03
6.469529e-03
6.472877e-03
6.485282e-03
6.517397e-03
6.494580e-03
6.494175e-03
6.465489e-03
