9.955695e-17
2.798097e-16
1.049629e-15
2.667730e-15
6.443518e-15
2.382741e-14
5.380812e-14
1.424646e-13
5.330292e-13
1.381449e-12
2.578394e-12
6.979860e-12
2.417585e-11
5.124745e-11
1.004622e-10
2.121327e-10
5.307642e-10
9.680767e-10
1.665283e-09
2.646623e-09
6.434573e-09
9.650450e-09
1.492620e-08
3.036847e-08
4.596856e-08
8.619168e-08
2.279779e-07
3.197850e-07
4.144311e-07
7.868662e-07
1.156036e-06
1.467867e-06
2.548452e-06
4.327903e-06
4.354903e-06
4.381902e-06
5.862634e-06
6.911364e-06
1.439727e-05
1.844593e-05
2.082368e-05
2.160341e-05
2.250676e-05
3.892953e-05
5.413933e-05
6.666167e-05
5.147145e-05
9.600377e-05
1.625631e-04
1.096271e-04
1.970039e-04
2.839372e-04
2.921953e-04
5.032270e-04
7.348877e-04
4.398506e-04
3.979974e-04
7.541266e-04
1.177160e-03
1.185889e-03
6.756046e-04
8.569594e-04
1.045599e-03
1.705513e-03
1.851288e-03
1.629292e-03
1.079942e-03
1.364564e-03
2.333609e-03
2.118111e-03
2.102218e-03
2.065131e-03
1.387283e-03
2.081482e-03
2.630539e-03
2.802865e-03
2.770004e-03
2.033079e-03
2.094661e-03
2.316910e-03
2.977891e-03
2.915274e-03
2.581544e-03
2.563341e-03
2.939180e-03
3.144542e-03
3.254544e-03
3.255311e-03
3.003082e-03
2.850673e-03
2.830952e-03
2.828761e-03
3.107722e-03
3.325868e-03
3.290772e-03
3.068885e-03
3.192492e-03
3.413188e-03
3.424336e-03
3.387607e-03
3.364445e-03
3.140327e-03
3.271888e-03
3.396658e-03
3.426491e-03
3.405622e-03
3.452378e-03
3.465444e-03
3.488807e-03
3.495830e-03
3.497687e-03
3.494536e-03
3.488966e-03
3.462567e-03
3.462187e-03
3.435082e-03
