3.361377e-09
4.817945e-09
7.718790e-09
9.812152e-09
1.469695e-08
2.338454e-08
3.129083e-08
4.424989e-08
7.181822e-08
1.021942e-07
1.301665e-07
1.872254e-07
2.985150e-07
3.964617e-07
5.172365e-07
6.858224e-07
9.818243e-07
1.249989e-06
1.551763e-06
1.871318e-06
2.679968e-06
3.171721e-06
3.784061e-06
5.116945e-06
6.104112e-06
7.994717e-06
1.232293e-05
1.434750e-05
1.615695e-05
2.195511e-05
2.641671e-05
2.955653e-05
3.892250e-05
5.093851e-05
5.101142e-05
5.108432e-05
5.921807e-05
6.432693e-05
9.299376e-05
1.053231e-04
1.117669e-04
1.138443e-04
1.159701e-04
1.517980e-04
1.778255e-04
1.963979e-04
1.731277e-04
2.310678e-04
2.989510e-04
2.478309e-04
3.272412e-04
3.886897e-04
3.930396e-04
5.064156e-04
6.104422e-04
4.784993e-04
4.561569e-04
6.189299e-04
7.668640e-04
7.705676e-04
5.889972e-04
6.608405e-04
7.282366e-04
9.228247e-04
9.617046e-04
9.059769e-04
7.438944e-04
8.328138e-04
1.086243e-03
1.039400e-03
1.036426e-03
1.029486e-03
8.502082e-04
1.039575e-03
1.167806e-03
1.207148e-03
1.203151e-03
1.040778e-03
1.057511e-03
1.113516e-03
1.268683e-03
1.256772e-03
1.190170e-03
1.192760e-03
1.280760e-03
1.326355e-03
1.356079e-03
1.361801e-03
1.313625e-03
1.285974e-03
1.288159e-03
1.288402e-03
1.354766e-03
1.408996e-03
1.411469e-03
1.369793e-03
1.404179e-03
1.476109e-03
1.485352e-03
1.486636e-03
1.487468e-03
1.443810e-03
1.481547e-03
1.523315e-03
1.551623e-03
1.555700e-03
1.588592e-03
1.616998e-03
1.652320e-03
1.684661e-03
1.694167e-03
1.893423e-03
2.564460e-03
3.263676e-03
3.268289e-03
3.775244e-03
