2.486142e-16
6.480889e-16
2.252272e-15
5.317968e-15
1.247167e-14
4.267672e-14
9.146773e-14
2.276748e-13
7.771277e-13
1.928322e-12
3.370392e-12
8.736145e-12
2.829386e-11
5.735014e-11
1.058508e-10
2.166256e-10
5.135988e-10
8.909288e-10
1.478010e-09
2.263515e-09
5.253439e-09
7.621551e-09
1.147368e-08
2.210652e-08
3.261754e-08
5.792062e-08
1.430015e-07
1.936532e-07
2.459881e-07
4.420454e-07
6.261270e-07
7.689150e-07
1.256364e-06
1.986215e-06
1.993020e-06
1.999824e-06
2.559668e-06
2.926459e-06
5.307846e-06
6.479722e-06
7.129314e-06
7.343030e-06
7.596085e-06
1.220049e-05
1.697943e-05
2.161584e-05
1.611041e-05
2.898111e-05
3.403389e-05
2.464019e-05
4.007941e-05
5.568942e-05
5.752054e-05
1.033835e-04
1.623901e-04
8.743582e-05
7.803281e-05
1.679486e-04
3.140456e-04
3.174971e-04
1.452992e-04
1.998220e-04
2.658514e-04
5.660135e-04
6.473962e-04
5.276009e-04
2.802290e-04
4.068087e-04
9.783587e-04
8.317042e-04
8.232212e-04
8.034265e-04
4.198079e-04
8.266608e-04
1.242419e-03
1.394971e-03
1.373460e-03
8.141887e-04
8.662259e-04
1.034131e-03
1.629037e-03
1.572178e-03
1.276091e-03
1.275872e-03
1.639279e-03
1.859581e-03
1.995446e-03
2.013734e-03
1.756595e-03
1.610555e-03
1.606240e-03
1.605761e-03
1.916925e-03
2.200898e-03
2.186031e-03
1.936433e-03
2.106603e-03
2.446160e-03
2.476593e-03
2.453479e-03
2.441934e-03
2.168903e-03
2.359878e-03
2.565483e-03
2.667004e-03
2.657090e-03
2.799765e-03
2.862860e-03
2.973126e-03
3.054071e-03
3.076170e-03
3.531876e-03
4.802017e-03
5.898996e-03
5.905489e-03
6.609876e-03
