2.278864e-11
3.739844e-11
7.411008e-11
1.083784e-10
1.883426e-10
3.725119e-10
5.682960e-10
9.318869e-10
1.829710e-09
3.121112e-09
4.202509e-09
7.300354e-09
1.439048e-08
2.171573e-08
3.062236e-08
4.707161e-08
7.853113e-08
1.084012e-07
1.467500e-07
1.891924e-07
3.189297e-07
3.993058e-07
5.161473e-07
7.732961e-07
9.952146e-07
1.427951e-06
2.616278e-06
3.197724e-06
3.810605e-06
5.980353e-06
8.233251e-06
1.009041e-05
1.896919e-05
4.110935e-05
4.057760e-05
4.004586e-05
6.181966e-05
8.525814e-05
2.683123e-04
3.921910e-04
4.810091e-04
5.096328e-04
5.388549e-04
1.192072e-03
1.869327e-03
2.471297e-03
1.750121e-03
1.453364e-04
2.256003e-04
1.618701e-04
2.662742e-04
3.693568e-04
3.769020e-04
6.115066e-04
8.671018e-04
5.480731e-04
5.057518e-04
9.013088e-04
1.354390e-03
1.370183e-03
8.285208e-04
1.036753e-03
1.254158e-03
1.959141e-03
2.117800e-03
1.898807e-03
1.320326e-03
1.644855e-03
2.709889e-03
2.496254e-03
2.487203e-03
2.466082e-03
1.732846e-03
2.531562e-03
3.144728e-03
3.349930e-03
3.335543e-03
2.561794e-03
2.647870e-03
2.918577e-03
3.724449e-03
3.663689e-03
3.314823e-03
3.336856e-03
3.803219e-03
4.057962e-03
4.224391e-03
4.260484e-03
3.995942e-03
3.841717e-03
3.857107e-03
3.858817e-03
4.225315e-03
4.545006e-03
4.556899e-03
4.307269e-03
4.508731e-03
4.908360e-03
4.954268e-03
4.953742e-03
4.954122e-03
4.689712e-03
4.902912e-03
5.134361e-03
5.270559e-03
5.279143e-03
5.450246e-03
5.562564e-03
5.712600e-03
5.838411e-03
5.873974e-03
6.546522e-03
8.201882e-03
9.457087e-03
9.463767e-03
1.018873e-02
