5.081867e-13
1.028275e-12
2.560171e-12
4.467606e-12
8.918544e-12
2.193251e-11
3.847566e-11
7.515393e-11
1.882676e-10
3.668590e-10
5.714404e-10
1.142769e-09
2.736500e-09
4.647549e-09
7.526059e-09
1.275694e-08
2.457806e-08
3.792015e-08
5.606216e-08
7.841316e-08
1.494420e-07
2.011625e-07
2.763174e-07
4.674081e-07
6.367301e-07
1.018801e-06
2.147692e-06
2.790154e-06
3.426470e-06
5.753090e-06
7.913941e-06
9.624107e-06
1.547371e-05
2.469813e-05
2.473205e-05
2.476598e-05
3.188394e-05
3.706196e-05
6.930994e-05
8.538694e-05
9.454710e-05
9.751136e-05
1.006347e-04
1.563290e-04
2.017525e-04
2.362005e-04
1.935604e-04
3.062056e-04
4.514175e-04
3.401321e-04
5.167891e-04
6.664798e-04
6.780242e-04
9.770829e-04
1.266567e-03
8.975390e-04
8.387986e-04
1.288092e-03
1.729204e-03
1.737733e-03
1.197105e-03
1.401992e-03
1.599165e-03
2.203756e-03
2.324641e-03
2.138551e-03
1.632961e-03
1.900104e-03
2.700278e-03
2.536004e-03
2.523555e-03
2.494507e-03
1.924274e-03
2.507318e-03
2.917289e-03
3.038644e-03
3.015421e-03
2.467762e-03
2.514050e-03
2.684787e-03
3.156654e-03
3.113396e-03
2.879836e-03
2.867302e-03
3.131993e-03
3.268945e-03
3.342850e-03
3.343022e-03
3.173580e-03
3.068957e-03
3.056085e-03
3.054655e-03
3.244508e-03
3.385592e-03
3.363758e-03
3.216352e-03
3.297975e-03
3.442362e-03
3.450403e-03
3.426953e-03
3.410562e-03
3.262381e-03
3.349449e-03
3.430950e-03
3.448459e-03
3.435659e-03
3.462146e-03
3.475563e-03
3.490075e-03
3.495830e-03
3.497687e-03
3.494536e-03
3.488966e-03
3.462567e-03
3.462187e-03
3.435082e-03
