0.000000e+00
1.262401e-72
3.233964e-66
-1.998520e-64
1.663927e-60
-6.467953e-56
3.073679e-49
-2.215803e-44
-1.593346e-38
5.953531e-32
-1.575197e-26
1.632513e-08
5.376905e-08
1.101596e-07
1.953843e-07
4.116960e-07
9.683704e-07
1.631501e-06
2.674799e-06
4.016029e-06
9.270497e-06
1.310628e-05
1.968260e-05
3.591957e-05
5.256449e-05
8.863105e-05
2.078973e-04
2.702019e-04
3.403590e-04
5.696262e-04
7.781754e-04
9.182181e-04
1.403947e-03
2.080473e-03
2.062093e-03
2.043712e-03
2.465073e-03
2.804869e-03
4.310260e-03
4.965984e-03
5.334372e-03
5.449262e-03
5.535970e-03
7.381897e-03
8.671591e-03
9.566646e-03
8.365812e-03
1.110574e-02
1.413560e-02
1.183056e-02
1.529234e-02
1.787586e-02
1.793456e-02
2.226632e-02
2.611362e-02
2.114478e-02
2.034388e-02
2.630170e-02
3.136449e-02
3.139522e-02
2.507513e-02
2.759800e-02
2.991245e-02
3.618760e-02
3.727290e-02
3.540497e-02
3.014603e-02
3.297709e-02
4.072100e-02
3.912372e-02
3.902240e-02
3.878597e-02
3.319985e-02
3.893851e-02
4.260130e-02
4.361997e-02
4.339694e-02
3.844640e-02
3.888158e-02
4.048840e-02
4.458355e-02
4.421716e-02
4.215802e-02
4.210485e-02
4.437834e-02
4.550559e-02
4.610995e-02
4.611308e-02
4.469389e-02
4.378819e-02
4.371326e-02
4.370494e-02
4.528325e-02
4.647520e-02
4.631861e-02
4.503495e-02
4.576174e-02
4.692432e-02
4.696900e-02
4.680197e-02
4.667059e-02
4.545203e-02
4.618229e-02
4.687423e-02
4.703773e-02
4.693540e-02
4.725167e-02
4.730897e-02
4.744282e-02
4.749141e-02
4.750315e-02
4.766884e-02
4.804485e-02
4.790958e-02
4.790903e-02
4.777281e-02
