2.143669e-14
4.332349e-14
1.091436e-13
1.925380e-13
3.871363e-13
9.613121e-13
1.690259e-12
3.312867e-12
8.259787e-12
1.631045e-11
2.484750e-11
5.045195e-11
1.214742e-10
2.061134e-10
3.276107e-10
5.593052e-10
1.070645e-09
1.624714e-09
2.379655e-09
3.285206e-09
6.191688e-09
8.209716e-09
1.115570e-08
1.832011e-08
2.458006e-08
3.792138e-08
7.501680e-08
9.430811e-08
1.129571e-07
1.758440e-07
2.280425e-07
2.664828e-07
3.835359e-07
5.368342e-07
5.392774e-07
5.417205e-07
6.497090e-07
7.137681e-07
1.097256e-06
1.263185e-06
1.344862e-06
1.371997e-06
1.406188e-06
1.877657e-06
2.224501e-06
2.472270e-06
2.184257e-06
2.968218e-06
3.932861e-06
3.218005e-06
4.360486e-06
5.265066e-06
5.408431e-06
7.494315e-06
9.637273e-06
6.893294e-06
6.415674e-06
9.791463e-06
1.400796e-05
1.411056e-05
9.032107e-06
1.068776e-05
1.244081e-05
2.004712e-05
2.212705e-05
1.916063e-05
1.278110e-05
1.589632e-05
2.942510e-05
2.594071e-05
2.563603e-05
2.492504e-05
1.585691e-05
2.502124e-05
3.479120e-05
3.837842e-05
3.761969e-05
2.417545e-05
2.517378e-05
2.870006e-05
4.202921e-05
4.048845e-05
3.333666e-05
3.284648e-05
4.094259e-05
4.599521e-05
4.891794e-05
4.889592e-05
4.226565e-05
3.868249e-05
3.808010e-05
3.801319e-05
4.486351e-05
5.056610e-05
4.953400e-05
4.361667e-05
4.671923e-05
5.302391e-05
5.343344e-05
5.230596e-05
5.149994e-05
4.504448e-05
4.864287e-05
5.225069e-05
5.303824e-05
5.233900e-05
5.338520e-05
5.409969e-05
5.467390e-05
5.491609e-05
5.499680e-05
5.421971e-05
5.287340e-05
5.229535e-05
5.227243e-05
5.134679e-05
