0.000000e+00
-3.567809e-38
5.054603e-31
2.169367e-30
-1.559042e-25
5.784142e-08
1.002025e-07
1.916139e-07
4.573570e-07
8.812348e-07
1.303549e-06
2.555173e-06
5.803952e-06
9.484034e-06
1.442479e-05
2.365532e-05
4.251983e-05
6.149660e-05
8.636025e-05
1.146149e-04
1.997602e-04
2.544131e-04
3.315645e-04
5.019203e-04
6.432867e-04
9.172817e-04
1.595364e-03
1.908882e-03
2.202764e-03
3.091217e-03
3.764462e-03
4.219757e-03
5.502338e-03
6.989786e-03
6.994443e-03
6.999099e-03
7.911286e-03
8.490783e-03
1.114270e-02
1.218354e-02
1.269606e-02
1.286285e-02
1.304607e-02
1.546912e-02
1.701705e-02
1.804882e-02
1.683155e-02
1.977508e-02
2.278583e-02
2.069074e-02
2.391926e-02
2.607179e-02
2.628034e-02
2.965154e-02
3.238433e-02
2.895237e-02
2.829833e-02
3.262347e-02
3.592641e-02
3.600584e-02
3.189816e-02
3.358984e-02
3.505571e-02
3.892710e-02
3.963142e-02
3.859420e-02
3.537158e-02
3.713922e-02
4.162848e-02
4.083791e-02
4.077065e-02
4.061368e-02
3.736804e-02
4.068469e-02
4.271780e-02
4.329143e-02
4.319688e-02
4.052715e-02
4.075715e-02
4.161742e-02
4.386758e-02
4.368650e-02
4.261979e-02
4.254424e-02
4.374983e-02
4.438829e-02
4.469918e-02
4.470203e-02
4.397215e-02
4.352652e-02
4.344935e-02
4.344077e-02
4.429039e-02
4.490454e-02
4.480832e-02
4.419533e-02
4.452965e-02
4.515794e-02
4.518956e-02
4.508409e-02
4.502795e-02
4.440979e-02
4.477745e-02
4.513969e-02
4.525737e-02
4.521540e-02
4.535263e-02
4.542728e-02
4.552104e-02
4.557538e-02
4.558742e-02
4.575956e-02
4.615790e-02
4.604403e-02
4.604239e-02
4.594179e-02
