0.000000e+00
-7.392757e-38
2.776228e-31
-8.467929e-30
-2.519306e-26
6.646935e-08
1.145409e-07
2.176823e-07
5.153792e-07
9.869005e-07
1.454978e-06
2.834008e-06
6.388054e-06
1.039140e-05
1.574811e-05
2.570750e-05
4.596459e-05
6.626481e-05
9.278274e-05
1.228397e-04
2.130383e-04
2.707731e-04
3.520465e-04
5.310794e-04
6.791947e-04
9.656047e-04
1.671569e-03
1.997188e-03
2.301804e-03
3.221399e-03
3.916691e-03
4.386472e-03
5.707273e-03
7.235887e-03
7.240911e-03
7.245936e-03
8.182536e-03
8.776448e-03
1.149429e-02
1.255840e-02
1.308221e-02
1.325271e-02
1.344029e-02
1.591508e-02
1.749202e-02
1.854547e-02
1.730684e-02
2.030686e-02
2.337315e-02
2.124112e-02
2.452674e-02
2.671575e-02
2.692906e-02
3.035496e-02
3.313011e-02
2.964558e-02
2.898160e-02
3.337355e-02
3.672503e-02
3.680608e-02
3.263796e-02
3.435482e-02
3.584202e-02
3.976854e-02
4.048300e-02
3.943188e-02
3.616357e-02
3.795648e-02
4.250731e-02
4.170695e-02
4.163866e-02
4.147934e-02
3.818912e-02
4.155122e-02
4.361148e-02
4.419285e-02
4.409717e-02
4.139224e-02
4.162526e-02
4.249686e-02
4.477699e-02
4.459369e-02
4.351317e-02
4.343626e-02
4.465745e-02
4.530461e-02
4.561939e-02
4.562230e-02
4.488298e-02
4.443193e-02
4.435348e-02
4.434477e-02
4.520537e-02
4.582755e-02
4.572996e-02
4.510938e-02
4.544760e-02
4.608420e-02
4.611616e-02
4.600916e-02
4.595244e-02
4.532645e-02
4.569874e-02
4.606581e-02
4.618539e-02
4.614303e-02
4.628212e-02
4.635798e-02
4.645322e-02
4.650853e-02
4.652077e-02
4.669659e-02
4.710315e-02
4.698655e-02
4.698488e-02
4.688230e-02
