0.000000e+00
-2.171370e-60
-1.757499e-54
1.659874e-52
2.917991e-48
-5.888957e-43
-2.404253e-37
1.832041e-32
9.289626e-27
6.195764e-08
1.035783e-07
2.358725e-07
6.500887e-07
1.197006e-06
2.052557e-06
3.744375e-06
7.734126e-06
1.238046e-05
1.890121e-05
2.705064e-05
5.326693e-05
7.233915e-05
1.002601e-04
1.683596e-04
2.279941e-04
3.567767e-04
7.015010e-04
8.827218e-04
1.051052e-03
1.590892e-03
2.022874e-03
2.354854e-03
3.246414e-03
4.329400e-03
4.358345e-03
4.387290e-03
5.108148e-03
5.544463e-03
7.787872e-03
8.710794e-03
9.156379e-03
9.305938e-03
9.506183e-03
1.168658e-02
1.315063e-02
1.413099e-02
1.307637e-02
1.588725e-02
1.888113e-02
1.689638e-02
2.009863e-02
2.233137e-02
2.264511e-02
2.623609e-02
2.919680e-02
2.559954e-02
2.491423e-02
2.956246e-02
3.325061e-02
3.340672e-02
2.892268e-02
3.075947e-02
3.237095e-02
3.680452e-02
3.768620e-02
3.654485e-02
3.289237e-02
3.491213e-02
4.013306e-02
3.926839e-02
3.918672e-02
3.899613e-02
3.527511e-02
3.905556e-02
4.149462e-02
4.223974e-02
4.213786e-02
3.902013e-02
3.928579e-02
4.027122e-02
4.302396e-02
4.281550e-02
4.156568e-02
4.142312e-02
4.289108e-02
4.368366e-02
4.407511e-02
4.408306e-02
4.320047e-02
4.269462e-02
4.258930e-02
4.257760e-02
4.360826e-02
4.437868e-02
4.424142e-02
4.353916e-02
4.392759e-02
4.470638e-02
4.474882e-02
4.461698e-02
4.456392e-02
4.383293e-02
4.427625e-02
4.470016e-02
4.485724e-02
4.481701e-02
4.497127e-02
4.505390e-02
4.518758e-02
4.524750e-02
4.526484e-02
4.545872e-02
4.589576e-02
4.581812e-02
4.581752e-02
4.571790e-02
