0.000000e+00
2.548702e-08
5.933802e-08
9.327735e-08
1.724737e-07
3.702029e-07
5.942427e-07
1.036617e-06
2.191443e-06
3.863179e-06
5.415599e-06
9.665011e-06
1.958691e-05
2.989662e-05
4.291498e-05
6.568882e-05
1.088291e-04
1.495694e-04
2.003494e-04
2.556209e-04
4.121816e-04
5.077157e-04
6.373189e-04
9.102321e-04
1.126786e-03
1.528158e-03
2.459343e-03
2.868476e-03
3.244120e-03
4.341366e-03
5.139865e-03
5.668989e-03
7.116435e-03
8.734727e-03
8.740092e-03
8.745456e-03
9.710761e-03
1.031781e-02
1.301308e-02
1.404596e-02
1.455167e-02
1.471605e-02
1.489500e-02
1.722318e-02
1.868551e-02
1.964546e-02
1.851083e-02
2.122849e-02
2.395871e-02
2.207049e-02
2.497230e-02
2.687302e-02
2.704744e-02
2.996789e-02
3.230185e-02
2.937251e-02
2.880882e-02
3.250654e-02
3.527549e-02
3.534033e-02
3.189665e-02
3.332251e-02
3.455376e-02
3.775314e-02
3.832791e-02
3.747491e-02
3.481453e-02
3.627067e-02
3.995609e-02
3.930177e-02
3.925023e-02
3.912997e-02
3.647431e-02
3.917880e-02
4.083180e-02
4.129020e-02
4.121181e-02
3.905480e-02
3.924287e-02
3.994215e-02
4.174682e-02
4.159928e-02
4.074599e-02
4.069642e-02
4.166551e-02
4.216966e-02
4.241929e-02
4.242038e-02
4.184077e-02
4.148411e-02
4.142794e-02
4.142170e-02
4.208593e-02
4.257898e-02
4.250786e-02
4.201776e-02
4.228057e-02
4.278207e-02
4.280540e-02
4.272829e-02
4.268325e-02
4.218238e-02
4.247823e-02
4.277130e-02
4.287013e-02
4.284070e-02
4.295216e-02
4.302042e-02
4.309646e-02
4.314617e-02
4.315758e-02
4.332018e-02
4.369735e-02
4.358979e-02
4.358823e-02
4.349285e-02
