0.000000e+00
5.171666e-61
-1.338197e-55
-1.327492e-53
-1.627046e-49
-3.748473e-43
1.271003e-37
-4.032416e-33
-2.871454e-27
1.821596e-08
3.173783e-08
7.784936e-08
2.345649e-07
4.555754e-07
8.163792e-07
1.571682e-06
3.455621e-06
5.750135e-06
9.099097e-06
1.341468e-05
2.801473e-05
3.900348e-05
5.562977e-05
9.751758e-05
1.355012e-04
2.200184e-04
4.578240e-04
5.866954e-04
7.090088e-04
1.109751e-03
1.439936e-03
1.695840e-03
2.401260e-03
3.280782e-03
3.302600e-03
3.324419e-03
3.917449e-03
4.283641e-03
6.183789e-03
6.977673e-03
7.365314e-03
7.495256e-03
7.667937e-03
9.589151e-03
1.089301e-02
1.177084e-02
1.081883e-02
1.336236e-02
1.609788e-02
1.426930e-02
1.721992e-02
1.929903e-02
1.958845e-02
2.297611e-02
2.578584e-02
2.235881e-02
2.171040e-02
2.613719e-02
2.967638e-02
2.981881e-02
2.550741e-02
2.727562e-02
2.882573e-02
3.310898e-02
3.397289e-02
3.286400e-02
2.931769e-02
3.126780e-02
3.636798e-02
3.551071e-02
3.543277e-02
3.525089e-02
3.161163e-02
3.530805e-02
3.769592e-02
3.843143e-02
3.834227e-02
3.526262e-02
3.552354e-02
3.649299e-02
3.919904e-02
3.899306e-02
3.775666e-02
3.762222e-02
3.905974e-02
3.985176e-02
4.022965e-02
4.023317e-02
3.937516e-02
3.886345e-02
3.876631e-02
3.875552e-02
3.977313e-02
4.052787e-02
4.039803e-02
3.970514e-02
4.008491e-02
4.085672e-02
4.089614e-02
4.077177e-02
4.070968e-02
3.998812e-02
4.042522e-02
4.084665e-02
4.099905e-02
4.095019e-02
4.111032e-02
4.118486e-02
4.131458e-02
4.137060e-02
4.138651e-02
4.156286e-02
4.196151e-02
4.189106e-02
4.189043e-02
4.179939e-02
