8.161699e-08
1.381003e-07
2.776202e-07
4.082752e-07
7.131547e-07
1.400990e-06
2.128746e-06
3.478558e-06
6.742000e-06
1.114696e-05
1.503712e-05
2.508914e-05
4.685886e-05
6.811991e-05
9.380493e-05
1.366478e-04
2.135558e-04
2.829222e-04
3.663810e-04
4.544872e-04
6.933133e-04
8.336729e-04
1.018730e-03
1.395763e-03
1.685679e-03
2.205411e-03
3.357232e-03
3.845155e-03
4.286342e-03
5.544265e-03
6.433629e-03
7.013844e-03
8.569549e-03
1.026481e-02
1.026905e-02
1.027329e-02
1.126710e-02
1.188526e-02
1.457359e-02
1.558842e-02
1.607927e-02
1.623876e-02
1.641202e-02
1.864990e-02
2.002356e-02
2.092894e-02
1.986337e-02
2.240072e-02
2.491030e-02
2.315794e-02
2.583327e-02
2.754427e-02
2.770225e-02
3.029811e-02
3.236092e-02
2.977262e-02
2.927578e-02
3.253468e-02
3.494385e-02
3.500536e-02
3.199672e-02
3.324239e-02
3.431267e-02
3.707797e-02
3.756731e-02
3.684199e-02
3.454497e-02
3.580958e-02
3.895552e-02
3.840374e-02
3.835533e-02
3.824238e-02
3.597372e-02
3.829834e-02
3.969727e-02
4.009213e-02
4.002217e-02
3.819244e-02
3.835208e-02
3.894642e-02
4.047184e-02
4.035074e-02
3.962892e-02
3.958843e-02
4.040787e-02
4.082477e-02
4.103609e-02
4.104060e-02
4.052994e-02
4.024916e-02
4.020121e-02
4.019588e-02
4.076326e-02
4.117691e-02
4.111695e-02
4.069968e-02
4.092330e-02
4.133964e-02
4.136013e-02
4.129267e-02
4.125645e-02
4.084036e-02
4.108338e-02
4.134127e-02
4.142202e-02
4.139906e-02
4.148827e-02
4.156190e-02
4.162394e-02
4.167137e-02
4.168261e-02
4.183942e-02
4.220250e-02
4.209930e-02
4.209775e-02
4.200575e-02
