4.364769e-06
6.321659e-06
1.028628e-05
1.312783e-05
1.975848e-05
3.156539e-05
4.229711e-05
5.947668e-05
9.478823e-05
1.339957e-04
1.676820e-04
2.371589e-04
3.645895e-04
4.725363e-04
5.964881e-04
7.685038e-04
1.045981e-03
1.280120e-03
1.533205e-03
1.787065e-03
2.379482e-03
2.712636e-03
3.110421e-03
3.874408e-03
4.404534e-03
5.320848e-03
7.080944e-03
7.802696e-03
8.397453e-03
1.000842e-02
1.106818e-02
1.180091e-02
1.349384e-02
1.521179e-02
1.525620e-02
1.530062e-02
1.630114e-02
1.686560e-02
1.940439e-02
2.033491e-02
2.075962e-02
2.090170e-02
2.108837e-02
2.295553e-02
2.409311e-02
2.481602e-02
2.404662e-02
2.602148e-02
2.793009e-02
2.670368e-02
2.865496e-02
2.991128e-02
3.007383e-02
3.189530e-02
3.331679e-02
3.160839e-02
3.126386e-02
3.348637e-02
3.509909e-02
3.516575e-02
3.319271e-02
3.402605e-02
3.472686e-02
3.654471e-02
3.687675e-02
3.643270e-02
3.495000e-02
3.578424e-02
3.780855e-02
3.748168e-02
3.745370e-02
3.738839e-02
3.593833e-02
3.741034e-02
3.830967e-02
3.857863e-02
3.853824e-02
3.739905e-02
3.749903e-02
3.786895e-02
3.884437e-02
3.877226e-02
3.833954e-02
3.829783e-02
3.882037e-02
3.908194e-02
3.922812e-02
3.923476e-02
3.892627e-02
3.874390e-02
3.872145e-02
3.871895e-02
3.907453e-02
3.932268e-02
3.928527e-02
3.904670e-02
3.917067e-02
3.944485e-02
3.946629e-02
3.942635e-02
3.941175e-02
3.914699e-02
3.930395e-02
3.946891e-02
3.952955e-02
3.952474e-02
3.957922e-02
3.964268e-02
3.970593e-02
3.975073e-02
3.976618e-02
3.993525e-02
4.031780e-02
4.025062e-02
4.025004e-02
4.016189e-02
