6.310659e-06
9.027431e-06
1.444553e-05
1.825134e-05
2.713209e-05
4.264850e-05
5.658414e-05
7.865767e-05
1.234635e-04
1.724644e-04
2.144498e-04
2.996444e-04
4.541216e-04
5.835511e-04
7.316056e-04
9.343799e-04
1.259139e-03
1.531683e-03
1.824114e-03
2.116265e-03
2.791639e-03
3.169934e-03
3.618405e-03
4.477648e-03
5.069140e-03
6.089243e-03
8.030503e-03
8.824766e-03
9.474766e-03
1.123260e-02
1.238241e-02
1.317999e-02
1.500743e-02
1.685366e-02
1.690394e-02
1.695422e-02
1.803002e-02
1.863180e-02
2.134980e-02
2.234297e-02
2.279464e-02
2.294604e-02
2.314712e-02
2.513064e-02
2.633730e-02
2.710391e-02
2.629413e-02
2.838244e-02
3.039950e-02
2.910935e-02
3.116648e-02
3.248975e-02
3.266475e-02
3.458026e-02
3.607444e-02
3.428305e-02
3.391870e-02
3.625441e-02
3.794497e-02
3.801618e-02
3.595060e-02
3.682457e-02
3.755718e-02
3.945969e-02
3.981227e-02
3.934678e-02
3.779635e-02
3.866991e-02
4.078899e-02
4.044914e-02
4.041978e-02
4.035127e-02
3.883512e-02
4.037393e-02
4.131500e-02
4.159733e-02
4.155507e-02
4.036544e-02
4.046981e-02
4.085587e-02
4.187725e-02
4.180246e-02
4.135053e-02
4.130569e-02
4.185238e-02
4.212685e-02
4.228007e-02
4.228683e-02
4.196373e-02
4.177452e-02
4.175086e-02
4.174824e-02
4.211920e-02
4.237970e-02
4.233982e-02
4.209156e-02
4.222083e-02
4.250755e-02
4.252981e-02
4.248860e-02
4.247458e-02
4.219704e-02
4.236141e-02
4.253367e-02
4.259991e-02
4.259503e-02
4.265239e-02
4.271909e-02
4.278729e-02
4.283496e-02
4.285172e-02
4.303462e-02
4.344744e-02
4.337515e-02
4.337462e-02
4.328020e-02
