1.090213e-07
1.746650e-07
3.363992e-07
4.791532e-07
8.122651e-07
1.544037e-06
2.295547e-06
3.624229e-06
6.689029e-06
1.098924e-05
1.423565e-05
2.355044e-05
4.301928e-05
6.185927e-05
8.259286e-05
1.206056e-04
1.860228e-04
2.423232e-04
3.114582e-04
3.828014e-04
5.855720e-04
6.981068e-04
8.569918e-04
1.160815e-03
1.410109e-03
1.834467e-03
2.831283e-03
3.227839e-03
3.631058e-03
4.719289e-03
5.523006e-03
6.000352e-03
7.425317e-03
9.036710e-03
8.995323e-03
8.953935e-03
9.827299e-03
1.047150e-02
1.294044e-02
1.388743e-02
1.438428e-02
1.453877e-02
1.465157e-02
1.685737e-02
1.822929e-02
1.911318e-02
1.791479e-02
2.049766e-02
2.304072e-02
2.116695e-02
2.392059e-02
2.575282e-02
2.578069e-02
2.849531e-02
3.071132e-02
2.785788e-02
2.735944e-02
3.081112e-02
3.340123e-02
3.342201e-02
3.015049e-02
3.150749e-02
3.268744e-02
3.563034e-02
3.610758e-02
3.531188e-02
3.280303e-02
3.415539e-02
3.755786e-02
3.690097e-02
3.685803e-02
3.675783e-02
3.427413e-02
3.681258e-02
3.831573e-02
3.871959e-02
3.863219e-02
3.661115e-02
3.679076e-02
3.746147e-02
3.907922e-02
3.893335e-02
3.813854e-02
3.811916e-02
3.901346e-02
3.943545e-02
3.966743e-02
3.966511e-02
3.912403e-02
3.878468e-02
3.875385e-02
3.875042e-02
3.935222e-02
3.979790e-02
3.974112e-02
3.925341e-02
3.951901e-02
3.996018e-02
3.997938e-02
3.991666e-02
3.987253e-02
3.939847e-02
3.967477e-02
3.995291e-02
4.001017e-02
3.998221e-02
4.009421e-02
4.015815e-02
4.021876e-02
4.025395e-02
4.026422e-02
4.040338e-02
4.072085e-02
4.060797e-02
4.060744e-02
4.049134e-02
