1.617645e-06
2.336049e-06
3.909804e-06
5.076638e-06
7.799411e-06
1.290431e-05
1.760850e-05
2.514720e-05
4.060929e-05
6.006721e-05
7.355073e-05
1.091217e-04
1.749409e-04
2.324774e-04
2.914520e-04
3.919395e-04
5.501276e-04
6.763932e-04
8.229354e-04
9.667390e-04
1.347174e-03
1.545124e-03
1.812384e-03
2.294601e-03
2.669724e-03
3.274578e-03
4.586010e-03
5.075232e-03
5.559437e-03
6.809030e-03
7.686476e-03
8.192829e-03
9.650066e-03
1.121669e-02
1.117798e-02
1.113927e-02
1.196024e-02
1.256354e-02
1.474867e-02
1.556507e-02
1.598770e-02
1.611892e-02
1.621311e-02
1.803011e-02
1.912520e-02
1.982582e-02
1.887923e-02
2.089006e-02
2.281406e-02
2.140963e-02
2.346665e-02
2.479485e-02
2.481748e-02
2.673878e-02
2.827250e-02
2.629647e-02
2.594436e-02
2.834091e-02
3.008857e-02
3.010539e-02
2.788847e-02
2.881031e-02
2.960975e-02
3.156403e-02
3.187177e-02
3.132515e-02
2.968796e-02
3.059131e-02
3.279961e-02
3.237913e-02
3.235146e-02
3.228690e-02
3.066293e-02
3.232234e-02
3.329347e-02
3.354433e-02
3.348990e-02
3.219143e-02
3.230809e-02
3.274227e-02
3.377016e-02
3.367953e-02
3.317529e-02
3.316616e-02
3.372935e-02
3.400024e-02
3.414906e-02
3.414809e-02
3.380206e-02
3.358161e-02
3.356579e-02
3.356403e-02
3.394298e-02
3.421273e-02
3.418222e-02
3.387674e-02
3.404256e-02
3.432000e-02
3.433245e-02
3.429898e-02
3.426271e-02
3.396912e-02
3.414372e-02
3.431838e-02
3.436181e-02
3.434928e-02
3.441658e-02
3.446534e-02
3.451033e-02
3.453969e-02
3.454880e-02
3.466694e-02
3.493771e-02
3.484209e-02
3.484159e-02
3.474122e-02
