4.761867e-07
7.199401e-07
1.282243e-06
1.732374e-06
2.782741e-06
4.894336e-06
6.935420e-06
1.034911e-05
1.772052e-05
2.744632e-05
3.444771e-05
5.358914e-05
9.093966e-05
1.250636e-04
1.611357e-04
2.245417e-04
3.282695e-04
4.137954e-04
5.155196e-04
6.174616e-04
8.954882e-04
1.044226e-03
1.248913e-03
1.627232e-03
1.928322e-03
2.425003e-03
3.538115e-03
3.964514e-03
4.391527e-03
5.514513e-03
6.318397e-03
6.789187e-03
8.161433e-03
9.667828e-03
9.630030e-03
9.592233e-03
1.039331e-02
1.098486e-02
1.316447e-02
1.398982e-02
1.441863e-02
1.455189e-02
1.464853e-02
1.651559e-02
1.765640e-02
1.838735e-02
1.739687e-02
1.951036e-02
2.155891e-02
2.005975e-02
2.225316e-02
2.369276e-02
2.371890e-02
2.581368e-02
2.750454e-02
2.533026e-02
2.494200e-02
2.757497e-02
2.952040e-02
2.954120e-02
2.707876e-02
2.810020e-02
2.898831e-02
3.117202e-02
3.152250e-02
3.091099e-02
2.907403e-02
3.008194e-02
3.257178e-02
3.209821e-02
3.206748e-02
3.199577e-02
3.016595e-02
3.204099e-02
3.313151e-02
3.342122e-02
3.335785e-02
3.188783e-02
3.201948e-02
3.251088e-02
3.367871e-02
3.357405e-02
3.299767e-02
3.299163e-02
3.362916e-02
3.393849e-02
3.410650e-02
3.410189e-02
3.370864e-02
3.346434e-02
3.344851e-02
3.344675e-02
3.387682e-02
3.418539e-02
3.414736e-02
3.379747e-02
3.399126e-02
3.430706e-02
3.432361e-02
3.428205e-02
3.423718e-02
3.390563e-02
3.410752e-02
3.429979e-02
3.435402e-02
3.433197e-02
3.440721e-02
3.446179e-02
3.451009e-02
3.453969e-02
3.454880e-02
3.466694e-02
3.493771e-02
3.484209e-02
3.484159e-02
3.474122e-02
