0.000000e+00
-1.007840e-43
-2.171909e-38
-2.254010e-36
-2.612042e-32
2.661932e-26
1.281036e-08
2.602309e-08
6.697557e-08
1.420655e-07
2.116619e-07
4.579848e-07
1.154338e-06
2.014291e-06
3.141508e-06
5.608094e-06
1.090442e-05
1.636061e-05
2.403917e-05
3.298888e-05
6.331290e-05
8.292471e-05
1.137649e-04
1.816473e-04
2.447444e-04
3.675410e-04
7.163037e-04
8.781434e-04
1.052500e-03
1.576521e-03
2.011836e-03
2.288796e-03
3.189482e-03
4.336208e-03
4.305646e-03
4.275084e-03
4.947631e-03
5.472587e-03
7.640062e-03
8.537360e-03
9.025502e-03
9.177454e-03
9.289768e-03
1.161547e-02
1.316297e-02
1.420200e-02
1.279911e-02
1.591660e-02
1.920003e-02
1.673341e-02
2.039766e-02
2.300373e-02
2.305502e-02
2.719755e-02
3.073869e-02
2.616503e-02
2.540157e-02
3.091270e-02
3.534002e-02
3.538078e-02
2.980268e-02
3.207202e-02
3.409153e-02
3.938263e-02
4.027447e-02
3.872747e-02
3.429905e-02
3.670133e-02
4.304871e-02
4.176872e-02
4.168935e-02
4.150414e-02
3.689335e-02
4.161419e-02
4.453433e-02
4.533229e-02
4.515852e-02
4.122165e-02
4.157051e-02
4.286121e-02
4.607542e-02
4.578851e-02
4.418501e-02
4.414843e-02
4.592262e-02
4.678308e-02
4.724982e-02
4.725025e-02
4.616756e-02
4.545304e-02
4.540134e-02
4.539559e-02
4.661598e-02
4.752369e-02
4.740807e-02
4.641922e-02
4.697690e-02
4.786929e-02
4.789880e-02
4.776560e-02
4.767317e-02
4.672781e-02
4.729461e-02
4.783653e-02
4.796477e-02
4.788114e-02
4.812846e-02
4.819147e-02
4.829759e-02
4.834281e-02
4.835472e-02
4.852339e-02
4.890601e-02
4.876807e-02
4.876751e-02
4.862880e-02
