0.000000e+00
-2.185434e-72
4.044194e-66
8.115743e-65
-1.889998e-61
5.700083e-55
-1.605329e-49
-1.128483e-43
3.076489e-38
-5.120566e-32
-2.178518e-26
1.670313e-08
5.697187e-08
1.191599e-07
2.269066e-07
4.707965e-07
1.128911e-06
1.981627e-06
3.295560e-06
5.061018e-06
1.146957e-05
1.652916e-05
2.452704e-05
4.561659e-05
6.567453e-05
1.121964e-04
2.524957e-04
3.317936e-04
4.092427e-04
6.707681e-04
8.945916e-04
1.070185e-03
1.572668e-03
2.220878e-03
2.235446e-03
2.250013e-03
2.695361e-03
2.977753e-03
4.460508e-03
5.093065e-03
5.407246e-03
5.512234e-03
5.649239e-03
7.230453e-03
8.321074e-03
9.065419e-03
8.248017e-03
1.042173e-02
1.279381e-02
1.118904e-02
1.377250e-02
1.562376e-02
1.586898e-02
1.892242e-02
2.149045e-02
1.835127e-02
1.776941e-02
2.180107e-02
2.508323e-02
2.520926e-02
2.121544e-02
2.284009e-02
2.428396e-02
2.829503e-02
2.910101e-02
2.804423e-02
2.472858e-02
2.655032e-02
3.136451e-02
3.054239e-02
3.046748e-02
3.029269e-02
2.685921e-02
3.035316e-02
3.262186e-02
3.331896e-02
3.322048e-02
3.029388e-02
3.054404e-02
3.147183e-02
3.404966e-02
3.384757e-02
3.266263e-02
3.253409e-02
3.392399e-02
3.466425e-02
3.502883e-02
3.504715e-02
3.421433e-02
3.371209e-02
3.362334e-02
3.361348e-02
3.458971e-02
3.532230e-02
3.518586e-02
3.451952e-02
3.489733e-02
3.562967e-02
3.566851e-02
3.554266e-02
3.548782e-02
3.478927e-02
3.521344e-02
3.562015e-02
3.576052e-02
3.570881e-02
3.586901e-02
3.593298e-02
3.605233e-02
3.610302e-02
3.611723e-02
3.626967e-02
3.661564e-02
3.655526e-02
3.655471e-02
3.647403e-02
