0.000000e+00
1.369262e-55
7.517151e-51
-7.125591e-48
-4.602390e-44
2.346397e-38
1.751393e-32
-1.091783e-27
5.478629e-09
1.382641e-08
2.341204e-08
5.895748e-08
1.807777e-07
3.533029e-07
6.215661e-07
1.223306e-06
2.713520e-06
4.464456e-06
7.070726e-06
1.035997e-05
2.203195e-05
3.050554e-05
4.376608e-05
7.648845e-05
1.069712e-04
1.725066e-04
3.636639e-04
4.623318e-04
5.610540e-04
8.825394e-04
1.150354e-03
1.338730e-03
1.912334e-03
2.639333e-03
2.638854e-03
2.638375e-03
3.105700e-03
3.420297e-03
4.916185e-03
5.535376e-03
5.851416e-03
5.953901e-03
6.063576e-03
7.619271e-03
8.656930e-03
9.365534e-03
8.515329e-03
1.058372e-02
1.278131e-02
1.122284e-02
1.363244e-02
1.530948e-02
1.545709e-02
1.818106e-02
2.045292e-02
1.758837e-02
1.706027e-02
2.064596e-02
2.349947e-02
2.356074e-02
2.002814e-02
2.146584e-02
2.273322e-02
2.616380e-02
2.679294e-02
2.585085e-02
2.299738e-02
2.455002e-02
2.862049e-02
2.787524e-02
2.781498e-02
2.767436e-02
2.474209e-02
2.774002e-02
2.962348e-02
3.015875e-02
3.006290e-02
2.758436e-02
2.779826e-02
2.859308e-02
3.068953e-02
3.051616e-02
2.951807e-02
2.945114e-02
3.058306e-02
3.116878e-02
3.146752e-02
3.147171e-02
3.078585e-02
3.035728e-02
3.029287e-02
3.028571e-02
3.107999e-02
3.166710e-02
3.157798e-02
3.099505e-02
3.131453e-02
3.190041e-02
3.192808e-02
3.183285e-02
3.178553e-02
3.119319e-02
3.154260e-02
3.188328e-02
3.198585e-02
3.194277e-02
3.207121e-02
3.212740e-02
3.220966e-02
3.225099e-02
3.226008e-02
3.237892e-02
3.265695e-02
3.257880e-02
3.257753e-02
3.250477e-02
