0.000000e+00
-1.731550e-27
2.984624e-09
5.334632e-09
1.081830e-08
2.729614e-08
4.853329e-08
9.542271e-08
2.378032e-07
4.668506e-07
7.144168e-07
1.421027e-06
3.308852e-06
5.503039e-06
8.600223e-06
1.420704e-05
2.596666e-05
3.833545e-05
5.446101e-05
7.326912e-05
1.287049e-04
1.657219e-04
2.171491e-04
3.328454e-04
4.281252e-04
6.185762e-04
1.082037e-03
1.305606e-03
1.508751e-03
2.122601e-03
2.586715e-03
2.925845e-03
3.808650e-03
4.826189e-03
4.847581e-03
4.868974e-03
5.509716e-03
5.899024e-03
7.769681e-03
8.509838e-03
8.866170e-03
8.984543e-03
9.133624e-03
1.080755e-02
1.189076e-02
1.260733e-02
1.182125e-02
1.384354e-02
1.592815e-02
1.453954e-02
1.674324e-02
1.823622e-02
1.842324e-02
2.073847e-02
2.261156e-02
2.032485e-02
1.988418e-02
2.282974e-02
2.508869e-02
2.517158e-02
2.241203e-02
2.355128e-02
2.454863e-02
2.719389e-02
2.771145e-02
2.702506e-02
2.484070e-02
2.605154e-02
2.912011e-02
2.861005e-02
2.856427e-02
2.845745e-02
2.625977e-02
2.849724e-02
2.989516e-02
3.031162e-02
3.025486e-02
2.845540e-02
2.861202e-02
2.918904e-02
3.074797e-02
3.062621e-02
2.991422e-02
2.984346e-02
3.068003e-02
3.111663e-02
3.133919e-02
3.134405e-02
3.085362e-02
3.055226e-02
3.050376e-02
3.049838e-02
3.108533e-02
3.150216e-02
3.143157e-02
3.103026e-02
3.125269e-02
3.168876e-02
3.171007e-02
3.164292e-02
3.160742e-02
3.119128e-02
3.144401e-02
3.169056e-02
3.177529e-02
3.175282e-02
3.183998e-02
3.189764e-02
3.197686e-02
3.201808e-02
3.203090e-02
3.216467e-02
3.246934e-02
3.241634e-02
3.241581e-02
3.234345e-02
