0.000000e+00
-4.117725e-73
-1.087841e-66
-4.547487e-65
-4.530525e-61
-2.963151e-56
7.157998e-50
-5.955518e-45
5.022254e-39
-4.056490e-33
5.288524e-27
6.034375e-09
2.237677e-08
4.920201e-08
9.764413e-08
2.131386e-07
5.419840e-07
9.868864e-07
1.697514e-06
2.681493e-06
6.422176e-06
9.476485e-06
1.444603e-05
2.798478e-05
4.127865e-05
7.302886e-05
1.733809e-04
2.318462e-04
2.899698e-04
4.905524e-04
6.667104e-04
8.064011e-04
1.214982e-03
1.756434e-03
1.767767e-03
1.779101e-03
2.155914e-03
2.398335e-03
3.686951e-03
4.244444e-03
4.524146e-03
4.617480e-03
4.738261e-03
6.163904e-03
7.157683e-03
7.840385e-03
7.086571e-03
9.095012e-03
1.131183e-02
9.803508e-03
1.223441e-02
1.399121e-02
1.422293e-02
1.715981e-02
1.964640e-02
1.659910e-02
1.603758e-02
1.994474e-02
2.316067e-02
2.328310e-02
1.937211e-02
2.096176e-02
2.236927e-02
2.633002e-02
2.712785e-02
2.607666e-02
2.279778e-02
2.459650e-02
2.937606e-02
2.855032e-02
2.847604e-02
2.830273e-02
2.489839e-02
2.836451e-02
3.063915e-02
3.132916e-02
3.123192e-02
2.830189e-02
2.855209e-02
2.947757e-02
3.205450e-02
3.185325e-02
3.066342e-02
3.054078e-02
3.192109e-02
3.267547e-02
3.304375e-02
3.305205e-02
3.222490e-02
3.172472e-02
3.162389e-02
3.161269e-02
3.259601e-02
3.332972e-02
3.320439e-02
3.251971e-02
3.290236e-02
3.364259e-02
3.368175e-02
3.355484e-02
3.349950e-02
3.279626e-02
3.322351e-02
3.363208e-02
3.377118e-02
3.371993e-02
3.388116e-02
3.394224e-02
3.405713e-02
3.410668e-02
3.412022e-02
3.426360e-02
3.458943e-02
3.453273e-02
3.453218e-02
3.445558e-02
