0.000000e+00
4.367246e-09
1.108825e-08
1.870034e-08
3.646289e-08
8.555381e-08
1.450297e-07
2.697667e-07
6.202785e-07
1.165981e-06
1.692374e-06
3.228373e-06
7.080062e-06
1.132740e-05
1.687933e-05
2.711052e-05
4.744090e-05
6.739573e-05
9.313047e-05
1.218827e-04
2.069501e-04
2.603820e-04
3.350453e-04
4.961666e-04
6.282554e-04
8.787724e-04
1.485445e-03
1.758682e-03
2.015001e-03
2.774904e-03
3.342053e-03
3.719852e-03
4.777367e-03
5.986618e-03
5.987896e-03
5.989173e-03
6.715979e-03
7.183252e-03
9.261300e-03
1.006853e-02
1.046831e-02
1.059786e-02
1.073579e-02
1.259123e-02
1.376793e-02
1.454409e-02
1.361703e-02
1.582965e-02
1.807094e-02
1.650900e-02
1.890594e-02
2.049232e-02
2.062953e-02
2.308363e-02
2.506043e-02
2.257377e-02
2.210179e-02
2.522835e-02
2.759165e-02
2.764404e-02
2.470407e-02
2.591857e-02
2.697167e-02
2.971547e-02
3.020762e-02
2.947000e-02
2.718610e-02
2.843444e-02
3.161195e-02
3.104139e-02
3.099704e-02
3.089356e-02
2.860389e-02
3.093775e-02
3.236789e-02
3.276386e-02
3.269507e-02
3.082426e-02
3.098729e-02
3.159381e-02
3.315721e-02
3.302818e-02
3.228569e-02
3.224541e-02
3.308701e-02
3.352221e-02
3.373965e-02
3.374064e-02
3.323629e-02
3.292407e-02
3.287746e-02
3.287229e-02
3.344970e-02
3.387794e-02
3.381661e-02
3.338746e-02
3.361907e-02
3.405428e-02
3.407471e-02
3.400840e-02
3.396786e-02
3.353161e-02
3.378972e-02
3.404306e-02
3.412481e-02
3.409809e-02
3.419409e-02
3.425084e-02
3.431425e-02
3.435513e-02
3.436472e-02
3.449209e-02
3.478934e-02
3.470571e-02
3.470439e-02
3.462726e-02
