0.000000e+00
-9.881921e-51
-1.634483e-44
4.182876e-43
9.051536e-39
-1.047525e-32
-2.715259e-27
1.775640e-09
5.679645e-09
1.372107e-08
2.196960e-08
5.456432e-08
1.617540e-07
3.110913e-07
5.243761e-07
1.034091e-06
2.252786e-06
3.621340e-06
5.677717e-06
8.215735e-06
1.756520e-05
2.405381e-05
3.477214e-05
5.994895e-05
8.468406e-05
1.357999e-04
2.936055e-04
3.718126e-04
4.579927e-04
7.289665e-04
9.652050e-04
1.119950e-03
1.639529e-03
2.331791e-03
2.313468e-03
2.295145e-03
2.713931e-03
3.045857e-03
4.465404e-03
5.066574e-03
5.400053e-03
5.504040e-03
5.582384e-03
7.203365e-03
8.306631e-03
9.060311e-03
8.049103e-03
1.032780e-02
1.277988e-02
1.092830e-02
1.369116e-02
1.569950e-02
1.574245e-02
1.900669e-02
2.183931e-02
1.818247e-02
1.758168e-02
2.198033e-02
2.560032e-02
2.562684e-02
2.109024e-02
2.291852e-02
2.456902e-02
2.895743e-02
2.970117e-02
2.841210e-02
2.474214e-02
2.672609e-02
3.204533e-02
3.096456e-02
3.089776e-02
3.074188e-02
2.688820e-02
3.083536e-02
3.331607e-02
3.398823e-02
3.384565e-02
3.050523e-02
3.079911e-02
3.188936e-02
3.462662e-02
3.438272e-02
3.301676e-02
3.297830e-02
3.449234e-02
3.523229e-02
3.563643e-02
3.564059e-02
3.470421e-02
3.409876e-02
3.405316e-02
3.404810e-02
3.508937e-02
3.587721e-02
3.576981e-02
3.492650e-02
3.540679e-02
3.617271e-02
3.619962e-02
3.608657e-02
3.599967e-02
3.519108e-02
3.568369e-02
3.613649e-02
3.624624e-02
3.617765e-02
3.638694e-02
3.643094e-02
3.652461e-02
3.656110e-02
3.657061e-02
3.669618e-02
3.698350e-02
3.688184e-02
3.688134e-02
3.677545e-02
