0.000000e+00
-1.601333e-61
-2.227142e-55
2.369501e-53
1.745649e-49
-4.265202e-44
-6.552463e-38
3.207877e-33
-7.248054e-27
1.149698e-08
2.026007e-08
5.099201e-08
1.582624e-07
3.127758e-07
5.675251e-07
1.112859e-06
2.495905e-06
4.199749e-06
6.719468e-06
9.992216e-06
2.126354e-05
2.981529e-05
4.290130e-05
7.610528e-05
1.065900e-04
1.747957e-04
3.698682e-04
4.761052e-04
5.779292e-04
9.128840e-04
1.190947e-03
1.405588e-03
2.005075e-03
2.758197e-03
2.775095e-03
2.791994e-03
3.299182e-03
3.616509e-03
5.251011e-03
5.936176e-03
6.273202e-03
6.385708e-03
6.531627e-03
8.201889e-03
9.337507e-03
1.010620e-02
9.263918e-03
1.148787e-02
1.388560e-02
1.227326e-02
1.486400e-02
1.669393e-02
1.693535e-02
1.991451e-02
2.239760e-02
1.936361e-02
1.879580e-02
2.269147e-02
2.582218e-02
2.594633e-02
2.213239e-02
2.368867e-02
2.506186e-02
2.885394e-02
2.960391e-02
2.861206e-02
2.548242e-02
2.720761e-02
3.170963e-02
3.094738e-02
3.087763e-02
3.071488e-02
2.750452e-02
3.076958e-02
3.288278e-02
3.352466e-02
3.343330e-02
3.071896e-02
3.095063e-02
3.180948e-02
3.419633e-02
3.401231e-02
3.291891e-02
3.280328e-02
3.408112e-02
3.476699e-02
3.510850e-02
3.511503e-02
3.434352e-02
3.389680e-02
3.380913e-02
3.379939e-02
3.469711e-02
3.536880e-02
3.525130e-02
3.463070e-02
3.497506e-02
3.565298e-02
3.568983e-02
3.557607e-02
3.552721e-02
3.488537e-02
3.527384e-02
3.564401e-02
3.577578e-02
3.573800e-02
3.587327e-02
3.594230e-02
3.605370e-02
3.610302e-02
3.611723e-02
3.626967e-02
3.661564e-02
3.655526e-02
3.655471e-02
3.647403e-02
