0.000000e+00
-7.658581e-34
7.450002e-27
1.095930e-09
3.653247e-09
9.869789e-09
1.824817e-08
3.766349e-08
9.928253e-08
2.064938e-07
3.179207e-07
6.747560e-07
1.682804e-06
2.907455e-06
4.616418e-06
8.015940e-06
1.535949e-05
2.308303e-05
3.360401e-05
4.592364e-05
8.499630e-05
1.109239e-04
1.487740e-04
2.346783e-04
3.087002e-04
4.558858e-04
8.384326e-04
1.019836e-03
1.194586e-03
1.730512e-03
2.147980e-03
2.431423e-03
3.251716e-03
4.227718e-03
4.227491e-03
4.227263e-03
4.828679e-03
5.222816e-03
7.015954e-03
7.729991e-03
8.086913e-03
8.202663e-03
8.326609e-03
1.002434e-02
1.112016e-02
1.185478e-02
1.097423e-02
1.308420e-02
1.525916e-02
1.373191e-02
1.607957e-02
1.766392e-02
1.780044e-02
2.029112e-02
2.233324e-02
1.976633e-02
1.928456e-02
2.250059e-02
2.498220e-02
2.503717e-02
2.195258e-02
2.322012e-02
2.432537e-02
2.723725e-02
2.776582e-02
2.697594e-02
2.455136e-02
2.587818e-02
2.927623e-02
2.866669e-02
2.861641e-02
2.849908e-02
2.604095e-02
2.855323e-02
3.010417e-02
3.053802e-02
3.046026e-02
2.842819e-02
2.860729e-02
2.926635e-02
3.096179e-02
3.081952e-02
3.001520e-02
2.996343e-02
3.088694e-02
3.135530e-02
3.159985e-02
3.159722e-02
3.104313e-02
3.070018e-02
3.065336e-02
3.064816e-02
3.129021e-02
3.175451e-02
3.168654e-02
3.121033e-02
3.146975e-02
3.194251e-02
3.196719e-02
3.189172e-02
3.185167e-02
3.137441e-02
3.165333e-02
3.193108e-02
3.201726e-02
3.198553e-02
3.208822e-02
3.214281e-02
3.221092e-02
3.225099e-02
3.226008e-02
3.237892e-02
3.265695e-02
3.257880e-02
3.257753e-02
3.250477e-02
