0.000000e+00
1.751879e-85
-1.981933e-79
2.880972e-77
1.437058e-73
2.053104e-67
-3.494369e-63
-1.235642e-56
7.882568e-52
8.166943e-45
3.415133e-39
6.075707e-33
1.090206e-27
1.141398e-09
2.479168e-09
6.773514e-09
2.144905e-08
4.329432e-08
8.412751e-08
1.451929e-07
4.450731e-07
7.074048e-07
1.221151e-06
2.734459e-06
4.526346e-06
9.093136e-06
2.807434e-05
3.983087e-05
5.391536e-05
1.059549e-04
1.597861e-04
1.987456e-04
3.470395e-04
5.810399e-04
5.745055e-04
5.679711e-04
7.262042e-04
8.597681e-04
1.510282e-03
1.814237e-03
1.991791e-03
2.047343e-03
2.090741e-03
3.042156e-03
3.752785e-03
4.264585e-03
3.581985e-03
5.194670e-03
7.092427e-03
5.625905e-03
7.857643e-03
9.627674e-03
9.676683e-03
1.284373e-02
1.577882e-02
1.198850e-02
1.140183e-02
1.593325e-02
2.004462e-02
2.007938e-02
1.497351e-02
1.696920e-02
1.884196e-02
2.417762e-02
2.513104e-02
2.349214e-02
1.904431e-02
2.142081e-02
2.823058e-02
2.679082e-02
2.669811e-02
2.648176e-02
2.160460e-02
2.661842e-02
2.996080e-02
3.090260e-02
3.069691e-02
2.618281e-02
2.657916e-02
2.802947e-02
3.181027e-02
3.146456e-02
2.955349e-02
2.950319e-02
3.161054e-02
3.267129e-02
3.325758e-02
3.324659e-02
3.192131e-02
3.106779e-02
3.099675e-02
3.098886e-02
3.247274e-02
3.360901e-02
3.345533e-02
3.223960e-02
3.292646e-02
3.403643e-02
3.408285e-02
3.391999e-02
3.379185e-02
3.263069e-02
3.332985e-02
3.398459e-02
3.413399e-02
3.403221e-02
3.433200e-02
3.437793e-02
3.450033e-02
3.453969e-02
3.454880e-02
3.466694e-02
3.493771e-02
3.484209e-02
3.484159e-02
3.474122e-02
