1.498378e-06
2.155956e-06
3.589751e-06
4.644854e-06
7.106903e-06
1.169011e-05
1.589233e-05
2.259339e-05
3.625945e-05
5.333746e-05
6.513041e-05
9.605075e-05
1.528005e-04
2.020788e-04
2.523448e-04
3.374658e-04
4.705021e-04
5.761170e-04
6.979409e-04
8.169985e-04
1.129606e-03
1.291668e-03
1.508682e-03
1.898535e-03
2.199882e-03
2.682543e-03
3.718664e-03
4.101529e-03
4.480064e-03
5.449601e-03
6.124113e-03
6.514791e-03
7.625055e-03
8.810821e-03
8.783213e-03
8.755605e-03
9.371275e-03
9.821167e-03
1.145497e-02
1.206193e-02
1.237314e-02
1.246985e-02
1.253993e-02
1.387585e-02
1.467702e-02
1.519170e-02
1.450158e-02
1.596447e-02
1.736161e-02
1.634438e-02
1.783088e-02
1.878709e-02
1.880416e-02
2.017508e-02
2.127914e-02
1.986890e-02
1.961150e-02
2.132400e-02
2.256437e-02
2.257511e-02
2.100308e-02
2.165816e-02
2.221938e-02
2.360303e-02
2.382355e-02
2.343957e-02
2.227974e-02
2.291583e-02
2.447488e-02
2.418149e-02
2.416232e-02
2.411760e-02
2.297381e-02
2.414174e-02
2.481926e-02
2.499608e-02
2.495540e-02
2.404652e-02
2.412808e-02
2.443245e-02
2.515277e-02
2.508988e-02
2.473492e-02
2.472727e-02
2.512955e-02
2.531081e-02
2.541608e-02
2.541684e-02
2.517226e-02
2.502079e-02
2.501267e-02
2.501177e-02
2.527613e-02
2.546529e-02
2.543908e-02
2.522530e-02
2.534251e-02
2.553396e-02
2.554424e-02
2.552180e-02
2.549514e-02
2.528955e-02
2.541075e-02
2.553185e-02
2.556061e-02
2.555436e-02
2.559807e-02
2.563926e-02
2.567086e-02
2.569345e-02
2.570064e-02
2.578552e-02
2.598221e-02
2.591192e-02
2.591146e-02
2.583477e-02
