2.756878e-08
4.860424e-08
1.022365e-07
1.551021e-07
2.784624e-07
5.719674e-07
8.953447e-07
1.512006e-06
3.077240e-06
5.220431e-06
7.285336e-06
1.243576e-05
2.401458e-05
3.568684e-05
5.058095e-05
7.474014e-05
1.195437e-04
1.620191e-04
2.130078e-04
2.684622e-04
4.160543e-04
5.066654e-04
6.248561e-04
8.710938e-04
1.059463e-03
1.409690e-03
2.177954e-03
2.520119e-03
2.819907e-03
3.677520e-03
4.287740e-03
4.716919e-03
5.787854e-03
6.953006e-03
6.976618e-03
7.000230e-03
7.703245e-03
8.121340e-03
1.004441e-02
1.077916e-02
1.112655e-02
1.124179e-02
1.138574e-02
1.296414e-02
1.395781e-02
1.459951e-02
1.389049e-02
1.568570e-02
1.747541e-02
1.629364e-02
1.816315e-02
1.939739e-02
1.954461e-02
2.140016e-02
2.287778e-02
2.107672e-02
2.072898e-02
2.304204e-02
2.476567e-02
2.483268e-02
2.271596e-02
2.360053e-02
2.435625e-02
2.634332e-02
2.671856e-02
2.621756e-02
2.458225e-02
2.548702e-02
2.774438e-02
2.737669e-02
2.734386e-02
2.726726e-02
2.564217e-02
2.729413e-02
2.831279e-02
2.860999e-02
2.856452e-02
2.726345e-02
2.737751e-02
2.780005e-02
2.891392e-02
2.882699e-02
2.832091e-02
2.827348e-02
2.886994e-02
2.917881e-02
2.934424e-02
2.934740e-02
2.899183e-02
2.877883e-02
2.874604e-02
2.874240e-02
2.915896e-02
2.945180e-02
2.940913e-02
2.911937e-02
2.927671e-02
2.958879e-02
2.960731e-02
2.955414e-02
2.953534e-02
2.923599e-02
2.941989e-02
2.959762e-02
2.965542e-02
2.964183e-02
2.970160e-02
2.975832e-02
2.981819e-02
2.985490e-02
2.986694e-02
2.999076e-02
3.027333e-02
3.022399e-02
3.022346e-02
3.015533e-02
