5.730529e-07
8.567398e-07
1.502457e-06
2.009374e-06
3.192248e-06
5.527395e-06
7.755676e-06
1.144153e-05
1.928771e-05
2.950079e-05
3.677863e-05
5.646022e-05
9.426333e-05
1.283305e-04
1.640253e-04
2.260977e-04
3.264262e-04
4.082177e-04
5.047811e-04
6.008076e-04
8.598233e-04
9.970545e-04
1.184444e-03
1.527917e-03
1.798635e-03
2.241503e-03
3.220194e-03
3.591459e-03
3.960683e-03
4.924002e-03
5.608092e-03
6.005871e-03
7.158277e-03
8.410309e-03
8.379689e-03
8.349070e-03
9.010337e-03
9.497257e-03
1.127691e-02
1.194596e-02
1.229313e-02
1.240096e-02
1.247863e-02
1.397973e-02
1.488941e-02
1.547263e-02
1.468554e-02
1.638222e-02
1.798635e-02
1.679523e-02
1.852824e-02
1.964851e-02
1.966917e-02
2.130185e-02
2.260575e-02
2.092362e-02
2.062431e-02
2.270075e-02
2.415790e-02
2.417370e-02
2.227733e-02
2.306163e-02
2.374893e-02
2.542482e-02
2.568990e-02
2.522417e-02
2.381697e-02
2.459631e-02
2.648935e-02
2.612886e-02
2.610535e-02
2.605050e-02
2.465137e-02
2.608309e-02
2.689964e-02
2.712877e-02
2.708416e-02
2.596499e-02
2.606493e-02
2.643905e-02
2.732492e-02
2.724380e-02
2.681047e-02
2.680347e-02
2.728471e-02
2.752373e-02
2.765163e-02
2.765415e-02
2.735299e-02
2.716040e-02
2.714933e-02
2.714810e-02
2.747267e-02
2.770647e-02
2.768094e-02
2.741981e-02
2.755991e-02
2.780026e-02
2.781154e-02
2.778369e-02
2.774242e-02
2.749668e-02
2.764739e-02
2.779849e-02
2.783708e-02
2.783335e-02
2.787889e-02
2.792048e-02
2.795745e-02
2.798242e-02
2.799008e-02
2.808534e-02
2.830036e-02
2.821975e-02
2.821877e-02
2.813661e-02
