0.000000e+00
4.737802e-74
-2.394322e-68
3.658205e-66
5.634670e-62
1.482571e-56
6.880281e-51
1.383509e-45
-7.892113e-41
6.138902e-34
1.341064e-27
4.659396e-10
2.073285e-09
5.102327e-09
1.110643e-08
2.732491e-08
7.988611e-08
1.584801e-07
2.955830e-07
4.991024e-07
1.369924e-06
2.138876e-06
3.486323e-06
7.453484e-06
1.166873e-05
2.246427e-05
6.084831e-05
8.481659e-05
1.098326e-04
2.005140e-04
2.855091e-04
3.540284e-04
5.675476e-04
8.680876e-04
8.727886e-04
8.774896e-04
1.092350e-03
1.237168e-03
2.020708e-03
2.371139e-03
2.552055e-03
2.612032e-03
2.686615e-03
3.632907e-03
4.309649e-03
4.782198e-03
4.248149e-03
5.661859e-03
7.258884e-03
6.150912e-03
7.931150e-03
9.249216e-03
9.409678e-03
1.166557e-02
1.361266e-02
1.120979e-02
1.077869e-02
1.383315e-02
1.640922e-02
1.649824e-02
1.336083e-02
1.462611e-02
1.575934e-02
1.897750e-02
1.962345e-02
1.874923e-02
1.607953e-02
1.753718e-02
2.138347e-02
2.077380e-02
2.071323e-02
2.057190e-02
1.776689e-02
2.062661e-02
2.251896e-02
2.309026e-02
2.300571e-02
2.055251e-02
2.076211e-02
2.153673e-02
2.368684e-02
2.351500e-02
2.251028e-02
2.241598e-02
2.357529e-02
2.420395e-02
2.451476e-02
2.452115e-02
2.382073e-02
2.343591e-02
2.331718e-02
2.330399e-02
2.413167e-02
2.475024e-02
2.464670e-02
2.406054e-02
2.438876e-02
2.501162e-02
2.504439e-02
2.493872e-02
2.488920e-02
2.429121e-02
2.465329e-02
2.499817e-02
2.510981e-02
2.506424e-02
2.519992e-02
2.524871e-02
2.534018e-02
2.537865e-02
2.538912e-02
2.549194e-02
2.572810e-02
2.568572e-02
2.568523e-02
2.562542e-02
