0.000000e+00
6.591708e-40
1.162329e-33
-3.028525e-32
-1.321342e-28
2.477138e-10
5.157558e-10
1.215460e-09
3.796841e-09
9.312129e-09
1.504163e-08
3.793997e-08
1.147488e-07
2.232160e-07
3.796917e-07
7.570913e-07
1.670119e-06
2.704745e-06
4.269149e-06
6.210267e-06
1.341447e-05
1.844492e-05
2.678176e-05
4.646560e-05
6.587105e-05
1.061226e-04
2.308033e-04
2.927820e-04
3.610618e-04
5.756462e-04
7.632417e-04
8.859770e-04
1.297600e-03
1.844910e-03
1.830717e-03
1.816525e-03
2.147467e-03
2.409154e-03
3.526387e-03
3.999174e-03
4.260115e-03
4.341497e-03
4.402936e-03
5.671511e-03
6.531252e-03
7.116874e-03
6.330492e-03
8.098471e-03
9.994687e-03
8.567180e-03
1.070104e-02
1.224045e-02
1.227592e-02
1.477033e-02
1.692584e-02
1.414355e-02
1.368551e-02
1.703341e-02
1.977086e-02
1.978819e-02
1.636260e-02
1.774616e-02
1.899388e-02
2.230262e-02
2.286216e-02
2.189704e-02
1.912059e-02
2.062086e-02
2.461498e-02
2.380847e-02
2.375795e-02
2.364006e-02
2.072279e-02
2.371592e-02
2.556527e-02
2.607220e-02
2.595913e-02
2.346774e-02
2.368910e-02
2.450378e-02
2.653922e-02
2.635813e-02
2.534316e-02
2.531394e-02
2.644110e-02
2.699472e-02
2.730198e-02
2.729724e-02
2.660048e-02
2.615541e-02
2.611369e-02
2.610905e-02
2.689184e-02
2.747159e-02
2.739348e-02
2.676456e-02
2.711674e-02
2.769622e-02
2.771211e-02
2.762200e-02
2.756909e-02
2.698440e-02
2.732983e-02
2.767878e-02
2.774425e-02
2.769558e-02
2.784426e-02
2.789345e-02
2.795375e-02
2.798242e-02
2.799008e-02
2.808534e-02
2.830036e-02
2.821975e-02
2.821877e-02
2.813661e-02
