3.113437e-07
4.908218e-07
9.031302e-07
1.248356e-06
2.053930e-06
3.700614e-06
5.328560e-06
8.156835e-06
1.447682e-05
2.249610e-05
2.909608e-05
4.546197e-05
7.819353e-05
1.081816e-04
1.423871e-04
1.975005e-04
2.904015e-04
3.698202e-04
4.621286e-04
5.560683e-04
8.004176e-04
9.372254e-04
1.113746e-03
1.456896e-03
1.713160e-03
2.153617e-03
3.085384e-03
3.460226e-03
3.798387e-03
4.724934e-03
5.363375e-03
5.766716e-03
6.833571e-03
7.964278e-03
7.963462e-03
7.962645e-03
8.600010e-03
9.004344e-03
1.067864e-02
1.130057e-02
1.160175e-02
1.169884e-02
1.179818e-02
1.313204e-02
1.394117e-02
1.446634e-02
1.383641e-02
1.529795e-02
1.671699e-02
1.573547e-02
1.722865e-02
1.818103e-02
1.825404e-02
1.966111e-02
2.076987e-02
1.938017e-02
1.910958e-02
2.085580e-02
2.213038e-02
2.215750e-02
2.056930e-02
2.122988e-02
2.179714e-02
2.323419e-02
2.348343e-02
2.310743e-02
2.191116e-02
2.256756e-02
2.418535e-02
2.390068e-02
2.387890e-02
2.382807e-02
2.264954e-02
2.385235e-02
2.456731e-02
2.476000e-02
2.471848e-02
2.379067e-02
2.387370e-02
2.418019e-02
2.494290e-02
2.487911e-02
2.452125e-02
2.449934e-02
2.491632e-02
2.512218e-02
2.523347e-02
2.523320e-02
2.498472e-02
2.483338e-02
2.481176e-02
2.480936e-02
2.509405e-02
2.529120e-02
2.526327e-02
2.505506e-02
2.516490e-02
2.537800e-02
2.538843e-02
2.536057e-02
2.534045e-02
2.512106e-02
2.524973e-02
2.537913e-02
2.541578e-02
2.540870e-02
2.544429e-02
2.549560e-02
2.552957e-02
2.555922e-02
2.556675e-02
2.565803e-02
2.587364e-02
2.581171e-02
2.581062e-02
2.575093e-02
