8.601254e-10
1.648587e-09
4.026039e-09
6.853812e-09
1.345233e-08
3.235449e-08
5.558476e-08
1.040795e-07
2.404960e-07
4.695005e-07
6.682657e-07
1.322917e-06
2.994328e-06
4.894641e-06
7.242209e-06
1.206356e-05
2.164752e-05
3.091262e-05
4.332056e-05
5.715794e-05
1.010831e-04
1.279420e-04
1.684632e-04
2.530236e-04
3.278870e-04
4.662571e-04
8.299125e-04
9.887213e-04
1.155545e-03
1.634931e-03
2.013426e-03
2.248245e-03
2.980734e-03
3.864961e-03
3.842472e-03
3.819983e-03
4.321198e-03
4.704338e-03
6.221635e-03
6.828176e-03
7.153604e-03
7.254896e-03
7.329697e-03
8.823552e-03
9.783967e-03
1.041792e-02
9.562513e-03
1.143545e-02
1.334107e-02
1.192393e-02
1.402064e-02
1.545899e-02
1.548803e-02
1.768495e-02
1.953097e-02
1.716532e-02
1.675218e-02
1.962268e-02
2.183627e-02
2.185840e-02
1.906328e-02
2.020857e-02
2.121809e-02
2.380352e-02
2.422950e-02
2.349192e-02
2.132233e-02
2.250499e-02
2.553155e-02
2.493735e-02
2.490062e-02
2.481492e-02
2.260813e-02
2.486278e-02
2.623200e-02
2.659613e-02
2.651406e-02
2.467940e-02
2.484263e-02
2.545080e-02
2.693214e-02
2.680563e-02
2.606374e-02
2.604996e-02
2.686116e-02
2.725479e-02
2.747796e-02
2.747527e-02
2.693376e-02
2.665002e-02
2.662362e-02
2.662069e-02
2.718229e-02
2.758513e-02
2.758054e-02
2.708952e-02
2.734142e-02
2.774684e-02
2.776196e-02
2.769304e-02
2.765851e-02
2.722820e-02
2.748773e-02
2.773867e-02
2.778545e-02
2.775654e-02
2.791029e-02
2.790877e-02
2.795517e-02
2.798242e-02
2.799008e-02
2.808534e-02
2.830036e-02
2.821975e-02
2.821877e-02
2.813661e-02
