1.827895e-09
3.446719e-09
7.976124e-09
1.312276e-08
2.513227e-08
5.779033e-08
9.721903e-08
1.793213e-07
4.113857e-07
7.658226e-07
1.125861e-06
2.123457e-06
4.628420e-06
7.398588e-06
1.112298e-05
1.772703e-05
3.093619e-05
4.421844e-05
6.111773e-05
8.025789e-05
1.352436e-04
1.704956e-04
2.189106e-04
3.238753e-04
4.087851e-04
5.722876e-04
9.588543e-04
1.137288e-03
1.300194e-03
1.778466e-03
2.133430e-03
2.382781e-03
3.037028e-03
3.776768e-03
3.787128e-03
3.797488e-03
4.248287e-03
4.528178e-03
5.810799e-03
6.311345e-03
6.553513e-03
6.633192e-03
6.727592e-03
7.844480e-03
8.557390e-03
9.022307e-03
8.493054e-03
9.810867e-03
1.114197e-02
1.024467e-02
1.165300e-02
1.259562e-02
1.269563e-02
1.413250e-02
1.529082e-02
1.386612e-02
1.359673e-02
1.540952e-02
1.677968e-02
1.682698e-02
1.513846e-02
1.584042e-02
1.644434e-02
1.803603e-02
1.833331e-02
1.792302e-02
1.660790e-02
1.733217e-02
1.915836e-02
1.885102e-02
1.882465e-02
1.876311e-02
1.744705e-02
1.878662e-02
1.961391e-02
1.985264e-02
1.981406e-02
1.874877e-02
1.884195e-02
1.918798e-02
2.009330e-02
2.002072e-02
1.960359e-02
1.956934e-02
2.005705e-02
2.030645e-02
2.044103e-02
2.044332e-02
2.015093e-02
1.997391e-02
1.994857e-02
1.994576e-02
2.028585e-02
2.052533e-02
2.049054e-02
2.024943e-02
2.038121e-02
2.063489e-02
2.064993e-02
2.060760e-02
2.058958e-02
2.034261e-02
2.049320e-02
2.063716e-02
2.068040e-02
2.066736e-02
2.071442e-02
2.075794e-02
2.080168e-02
2.082836e-02
2.083718e-02
2.091824e-02
2.110598e-02
2.106957e-02
2.106910e-02
2.101740e-02
