0.000000e+00
1.736844e-57
-6.433950e-52
2.831460e-50
-6.979123e-47
1.844961e-39
-9.560060e-34
-8.004473e-29
1.035501e-10
2.710545e-10
4.942964e-10
1.360930e-09
4.915155e-09
1.083653e-08
2.166229e-08
4.871950e-08
1.295821e-07
2.429121e-07
4.319674e-07
7.015789e-07
1.801980e-06
2.730483e-06
4.317884e-06
8.801992e-06
1.344054e-05
2.486193e-05
6.381554e-05
8.713912e-05
1.113541e-04
1.968704e-04
2.751123e-04
3.363082e-04
5.259499e-04
7.870166e-04
7.899243e-04
7.928319e-04
9.740476e-04
1.097494e-03
1.740028e-03
2.022599e-03
2.168613e-03
2.216623e-03
2.273244e-03
3.022702e-03
3.550208e-03
3.915374e-03
3.494448e-03
4.581750e-03
5.789652e-03
4.945609e-03
6.287395e-03
7.268067e-03
7.374679e-03
9.022958e-03
1.043429e-02
8.683830e-03
8.369841e-03
1.058115e-02
1.241964e-02
1.247694e-02
1.022784e-02
1.113762e-02
1.194980e-02
1.421711e-02
1.465972e-02
1.404215e-02
1.216040e-02
1.318563e-02
1.593292e-02
1.544180e-02
1.540044e-02
1.530395e-02
1.334010e-02
1.534396e-02
1.664546e-02
1.703702e-02
1.697491e-02
1.527844e-02
1.542337e-02
1.596230e-02
1.743290e-02
1.731483e-02
1.662191e-02
1.656363e-02
1.736341e-02
1.778459e-02
1.799870e-02
1.799999e-02
1.751646e-02
1.722004e-02
1.717600e-02
1.717111e-02
1.773118e-02
1.814924e-02
1.808212e-02
1.768042e-02
1.790610e-02
1.832490e-02
1.834996e-02
1.828108e-02
1.824313e-02
1.783355e-02
1.807788e-02
1.831416e-02
1.838719e-02
1.835879e-02
1.844134e-02
1.848437e-02
1.854574e-02
1.857305e-02
1.858104e-02
1.865120e-02
1.881459e-02
1.878079e-02
1.878032e-02
1.873248e-02
