0.000000e+00
1.038371e-85
2.093944e-79
5.064472e-78
9.765779e-74
-1.211650e-68
1.402495e-62
4.941074e-58
1.059057e-51
5.200131e-47
7.210521e-40
6.917549e-34
1.400228e-28
2.471302e-10
6.077506e-10
1.741979e-09
6.154589e-09
1.379622e-08
2.886340e-08
5.368206e-08
1.790552e-07
3.041636e-07
5.466950e-07
1.356876e-06
2.316960e-06
5.077984e-06
1.674549e-05
2.491745e-05
3.394054e-05
6.966735e-05
1.064930e-04
1.375623e-04
2.424789e-04
4.041259e-04
4.063255e-04
4.085251e-04
5.309280e-04
6.172766e-04
1.111456e-03
1.344929e-03
1.469329e-03
1.510515e-03
1.561308e-03
2.243380e-03
2.753894e-03
3.119855e-03
2.702745e-03
3.823249e-03
5.144885e-03
4.211748e-03
5.720156e-03
6.880504e-03
7.021328e-03
9.096671e-03
1.094323e-02
8.658034e-03
8.259261e-03
1.115205e-02
1.369282e-02
1.378177e-02
1.068722e-02
1.191617e-02
1.304188e-02
1.630697e-02
1.697581e-02
1.606649e-02
1.335347e-02
1.482404e-02
1.892100e-02
1.817525e-02
1.811097e-02
1.796096e-02
1.505325e-02
1.802120e-02
2.002684e-02
2.064175e-02
2.055198e-02
1.793594e-02
1.815892e-02
1.897896e-02
2.128664e-02
2.109823e-02
2.001348e-02
1.991214e-02
2.116813e-02
2.184878e-02
2.218535e-02
2.219252e-02
2.142308e-02
2.095756e-02
2.087620e-02
2.086716e-02
2.176443e-02
2.244339e-02
2.232857e-02
2.168351e-02
2.204818e-02
2.272801e-02
2.276477e-02
2.264639e-02
2.259291e-02
2.193737e-02
2.233019e-02
2.270695e-02
2.282558e-02
2.277227e-02
2.292269e-02
2.296642e-02
2.306658e-02
2.310324e-02
2.311290e-02
2.320489e-02
2.341700e-02
2.337767e-02
2.337719e-02
2.332152e-02
