0.000000e+00
3.108527e-11
9.491918e-11
1.893132e-10
4.095786e-10
1.192959e-09
2.310703e-09
5.003496e-09
1.402379e-08
3.172122e-08
4.902427e-08
1.136122e-07
3.108640e-07
5.694212e-07
9.234645e-07
1.730995e-06
3.557383e-06
5.517662e-06
8.360637e-06
1.176211e-05
2.370845e-05
3.167917e-05
4.445709e-05
7.334817e-05
1.007642e-04
1.553492e-04
3.147137e-04
3.903480e-04
4.722109e-04
7.214528e-04
9.309630e-04
1.065539e-03
1.504144e-03
2.066660e-03
2.052303e-03
2.037946e-03
2.369823e-03
2.628055e-03
3.702166e-03
4.146960e-03
4.389422e-03
4.464961e-03
4.521323e-03
5.673119e-03
6.437345e-03
6.951189e-03
6.259966e-03
7.798157e-03
9.411768e-03
8.205375e-03
1.000163e-02
1.127406e-02
1.130050e-02
1.331376e-02
1.502595e-02
1.281673e-02
1.244645e-02
1.511018e-02
1.723466e-02
1.725063e-02
1.458086e-02
1.566584e-02
1.663503e-02
1.916172e-02
1.958739e-02
1.885498e-02
1.673700e-02
1.788593e-02
2.089973e-02
2.029732e-02
2.025929e-02
2.017056e-02
1.797980e-02
2.022151e-02
2.160008e-02
2.197333e-02
2.189534e-02
2.004022e-02
2.020378e-02
2.081278e-02
2.232040e-02
2.218444e-02
2.143947e-02
2.141885e-02
2.224956e-02
2.265942e-02
2.288032e-02
2.287688e-02
2.236637e-02
2.203296e-02
2.200972e-02
2.200714e-02
2.257613e-02
2.300142e-02
2.294501e-02
2.248755e-02
2.274285e-02
2.315947e-02
2.317572e-02
2.311892e-02
2.307162e-02
2.263211e-02
2.289303e-02
2.314705e-02
2.320117e-02
2.316716e-02
2.327293e-02
2.331278e-02
2.336068e-02
2.338423e-02
2.339091e-02
2.346673e-02
2.364362e-02
2.357950e-02
2.357906e-02
2.350831e-02
