0.000000e+00
1.687244e-63
-3.314378e-57
6.675055e-56
7.706385e-52
-1.419773e-46
-4.310170e-40
6.907205e-35
5.756219e-30
5.399768e-11
9.926825e-11
2.958248e-10
1.174763e-09
2.747983e-09
5.681940e-09
1.387319e-08
4.029906e-08
7.885360e-08
1.475603e-07
2.487465e-07
7.084962e-07
1.110205e-06
1.844805e-06
4.018886e-06
6.425637e-06
1.254755e-05
3.575041e-05
5.002172e-05
6.571527e-05
1.234990e-04
1.793721e-04
2.212663e-04
3.654009e-04
5.754726e-04
5.741400e-04
5.728074e-04
7.186104e-04
8.251782e-04
1.369253e-03
1.613128e-03
1.744908e-03
1.787385e-03
1.830810e-03
2.521036e-03
3.013904e-03
3.362300e-03
2.935620e-03
3.990354e-03
5.182109e-03
4.311848e-03
5.664748e-03
6.663910e-03
6.744438e-03
8.466997e-03
9.971648e-03
8.064114e-03
7.731420e-03
1.009311e-02
1.209056e-02
1.212730e-02
9.658397e-03
1.064723e-02
1.153768e-02
1.403037e-02
1.449781e-02
1.378476e-02
1.170658e-02
1.282859e-02
1.588788e-02
1.529984e-02
1.525536e-02
1.515157e-02
1.295741e-02
1.520230e-02
1.665969e-02
1.707774e-02
1.699793e-02
1.507136e-02
1.523848e-02
1.585507e-02
1.748946e-02
1.734967e-02
1.655648e-02
1.651419e-02
1.740567e-02
1.786886e-02
1.810735e-02
1.811256e-02
1.755917e-02
1.721454e-02
1.716822e-02
1.716308e-02
1.779394e-02
1.826718e-02
1.819389e-02
1.772003e-02
1.798467e-02
1.845162e-02
1.847533e-02
1.839752e-02
1.835612e-02
1.787965e-02
1.816006e-02
1.843158e-02
1.850571e-02
1.846899e-02
1.857165e-02
1.860788e-02
1.866760e-02
1.869437e-02
1.870021e-02
1.876219e-02
1.891144e-02
1.886426e-02
1.886338e-02
1.881613e-02
