0.000000e+00
-4.062602e-47
-5.542416e-41
8.471825e-39
-1.551653e-35
-9.476192e-29
4.288834e-11
9.522352e-11
2.883928e-10
6.632334e-10
1.140736e-09
2.830604e-09
9.075947e-09
1.871480e-08
3.549201e-08
7.526102e-08
1.879704e-07
3.396391e-07
5.851049e-07
9.263533e-07
2.273857e-06
3.380158e-06
5.237272e-06
1.035393e-05
1.554858e-05
2.804591e-05
6.949819e-05
9.373212e-05
1.187613e-04
2.057092e-04
2.840809e-04
3.444584e-04
5.303518e-04
7.827237e-04
7.850687e-04
7.874137e-04
9.599779e-04
1.077635e-03
1.679104e-03
1.941006e-03
2.076234e-03
2.120596e-03
2.172125e-03
2.859475e-03
3.338297e-03
3.668734e-03
3.284819e-03
4.264759e-03
5.345455e-03
4.588909e-03
5.784783e-03
6.653586e-03
6.742042e-03
8.187024e-03
9.419182e-03
7.888635e-03
7.612299e-03
9.541990e-03
1.113085e-02
1.118025e-02
9.230971e-03
1.001980e-02
1.072550e-02
1.266995e-02
1.304577e-02
1.251724e-02
1.090082e-02
1.178216e-02
1.413284e-02
1.371117e-02
1.367523e-02
1.359139e-02
1.191141e-02
1.362676e-02
1.473748e-02
1.506266e-02
1.501192e-02
1.356656e-02
1.369031e-02
1.415067e-02
1.539506e-02
1.529362e-02
1.470819e-02
1.466216e-02
1.534078e-02
1.569480e-02
1.587257e-02
1.587879e-02
1.546529e-02
1.521651e-02
1.517840e-02
1.517417e-02
1.564648e-02
1.599848e-02
1.594291e-02
1.560131e-02
1.579279e-02
1.614803e-02
1.616967e-02
1.611064e-02
1.607597e-02
1.573055e-02
1.593877e-02
1.613885e-02
1.619980e-02
1.617339e-02
1.624471e-02
1.628087e-02
1.633240e-02
1.635612e-02
1.636329e-02
1.642268e-02
1.656192e-02
1.653052e-02
1.653007e-02
1.648589e-02
