0.000000e+00
-3.107066e-81
2.973001e-75
2.141770e-74
-8.614215e-70
3.810097e-64
7.984129e-58
-1.515502e-52
-2.869480e-47
-2.134458e-40
8.132070e-35
2.113901e-29
1.652867e-11
3.928085e-11
8.306889e-11
2.044245e-10
6.141255e-10
1.249521e-09
2.447960e-09
4.345724e-09
1.426998e-08
2.425420e-08
4.484421e-08
1.191539e-07
2.161118e-07
5.205600e-07
2.118805e-06
3.362282e-06
4.879490e-06
1.161406e-05
1.956799e-05
2.620503e-05
5.309368e-05
1.010180e-04
1.005440e-04
1.000699e-04
1.377572e-04
1.679507e-04
3.450383e-04
4.341516e-04
4.855734e-04
5.021357e-04
5.189672e-04
8.191698e-04
1.056573e-03
1.234503e-03
1.014912e-03
1.581938e-03
2.285729e-03
1.754879e-03
2.592830e-03
3.272452e-03
3.326613e-03
4.616333e-03
5.818103e-03
4.288559e-03
4.038675e-03
5.915471e-03
7.662599e-03
7.695134e-03
5.549811e-03
6.381607e-03
7.162874e-03
9.481926e-03
9.932225e-03
9.238795e-03
7.306392e-03
8.339473e-03
1.132894e-02
1.072663e-02
1.068190e-02
1.057754e-02
8.447027e-03
1.062995e-02
1.212448e-02
1.256424e-02
1.248148e-02
1.049306e-02
1.066358e-02
1.128851e-02
1.300105e-02
1.285095e-02
1.200932e-02
1.196161e-02
1.291025e-02
1.340652e-02
1.366418e-02
1.366828e-02
1.307145e-02
1.270138e-02
1.265056e-02
1.264492e-02
1.332016e-02
1.383907e-02
1.376099e-02
1.323973e-02
1.352961e-02
1.404169e-02
1.406478e-02
1.398376e-02
1.393419e-02
1.341432e-02
1.372018e-02
1.401352e-02
1.409442e-02
1.404531e-02
1.416165e-02
1.419354e-02
1.425407e-02
1.427693e-02
1.428158e-02
1.432434e-02
1.442972e-02
1.439101e-02
1.439027e-02
1.435039e-02
