6.709243e-06
9.251050e-06
1.454446e-05
1.818413e-05
2.667717e-05
4.155007e-05
5.463159e-05
7.474567e-05
1.140392e-04
1.613456e-04
1.929184e-04
2.736028e-04
4.157813e-04
5.351868e-04
6.539900e-04
8.514600e-04
1.151597e-03
1.384409e-03
1.649091e-03
1.904120e-03
2.562278e-03
2.896668e-03
3.341585e-03
4.128105e-03
4.729642e-03
5.681373e-03
7.694917e-03
8.429477e-03
9.152417e-03
1.099162e-02
1.226425e-02
1.299108e-02
1.506608e-02
1.726677e-02
1.721150e-02
1.715623e-02
1.829735e-02
1.913473e-02
2.212681e-02
2.323799e-02
2.381117e-02
2.398899e-02
2.411538e-02
2.655943e-02
2.802327e-02
2.895620e-02
2.770970e-02
3.036239e-02
3.290095e-02
3.104928e-02
3.375498e-02
3.549159e-02
3.551958e-02
3.801541e-02
3.999957e-02
3.744157e-02
3.698438e-02
4.008663e-02
4.233506e-02
4.235647e-02
3.950102e-02
4.068980e-02
4.171952e-02
4.422411e-02
4.461572e-02
4.391545e-02
4.181776e-02
4.297749e-02
4.579767e-02
4.526123e-02
4.522617e-02
4.514437e-02
4.306731e-02
4.518846e-02
4.642630e-02
4.674553e-02
4.667608e-02
4.502070e-02
4.516977e-02
4.572404e-02
4.703224e-02
4.691759e-02
4.627554e-02
4.626321e-02
4.697878e-02
4.732455e-02
4.751296e-02
4.751146e-02
4.707145e-02
4.679119e-02
4.677083e-02
4.676856e-02
4.724919e-02
4.759319e-02
4.755444e-02
4.716535e-02
4.737570e-02
4.772758e-02
4.774214e-02
4.770003e-02
4.765453e-02
4.728131e-02
4.750327e-02
4.772783e-02
4.778597e-02
4.777151e-02
4.786167e-02
4.792295e-02
4.798367e-02
4.802247e-02
4.803430e-02
4.820187e-02
4.858200e-02
4.844504e-02
4.844448e-02
4.830677e-02
