0.000000e+00
-5.612986e-37
8.751426e-31
1.453482e-12
4.845137e-12
1.353682e-11
2.573058e-11
5.539161e-11
1.585813e-10
3.693229e-10
5.921203e-10
1.487869e-09
4.727946e-09
9.707305e-09
1.756068e-08
3.829420e-08
9.605741e-08
1.700337e-07
2.933383e-07
4.609151e-07
1.176192e-06
1.738629e-06
2.753970e-06
5.457234e-06
8.393984e-06
1.520705e-05
3.989106e-05
5.371605e-05
6.961940e-05
1.241317e-04
1.760477e-04
2.118898e-04
3.398440e-04
5.248079e-04
5.199724e-04
5.151369e-04
6.335215e-04
7.294968e-04
1.167163e-03
1.360860e-03
1.470268e-03
1.504479e-03
1.531039e-03
2.086172e-03
2.478209e-03
2.751560e-03
2.387074e-03
3.225263e-03
4.158495e-03
3.449922e-03
4.517316e-03
5.314400e-03
5.335733e-03
6.673377e-03
7.858344e-03
6.330678e-03
6.082193e-03
7.917786e-03
9.469208e-03
9.482903e-03
7.544082e-03
8.318132e-03
9.024851e-03
1.094066e-02
1.127485e-02
1.070526e-02
9.102204e-03
9.965071e-03
1.231529e-02
1.183492e-02
1.180415e-02
1.173235e-02
1.003552e-02
1.177696e-02
1.288390e-02
1.318887e-02
1.312346e-02
1.163170e-02
1.176231e-02
1.224636e-02
1.347381e-02
1.336252e-02
1.274811e-02
1.273407e-02
1.341410e-02
1.374994e-02
1.393340e-02
1.393244e-02
1.351003e-02
1.323708e-02
1.321497e-02
1.321251e-02
1.368604e-02
1.403374e-02
1.399046e-02
1.360853e-02
1.382271e-02
1.417111e-02
1.418675e-02
1.413591e-02
1.409430e-02
1.372934e-02
1.394576e-02
1.415423e-02
1.419716e-02
1.416674e-02
1.425133e-02
1.427959e-02
1.431716e-02
1.433322e-02
1.433780e-02
1.437774e-02
1.447477e-02
1.443296e-02
1.443256e-02
1.438445e-02
