0.000000e+00
1.287534e-37
2.053041e-31
1.359552e-29
-1.223807e-25
7.969349e-08
1.363905e-07
2.571215e-07
6.023285e-07
1.144211e-06
1.679534e-06
3.243892e-06
7.240655e-06
1.170908e-05
1.766229e-05
2.865817e-05
5.089180e-05
7.307066e-05
1.019099e-04
1.344943e-04
2.317513e-04
2.937884e-04
3.807817e-04
5.718428e-04
7.292556e-04
1.032806e-03
1.776871e-03
2.119218e-03
2.438477e-03
3.400502e-03
4.125591e-03
4.615287e-03
5.987996e-03
7.571997e-03
7.577969e-03
7.583941e-03
8.553416e-03
9.166594e-03
1.197152e-02
1.306927e-02
1.360841e-02
1.378397e-02
1.397769e-02
1.652229e-02
1.814429e-02
1.922450e-02
1.795279e-02
2.102962e-02
2.417078e-02
2.198325e-02
2.535248e-02
2.758113e-02
2.780964e-02
3.130919e-02
3.414068e-02
3.058444e-02
2.990641e-02
3.438972e-02
3.780732e-02
3.789031e-02
3.364071e-02
3.539161e-02
3.690707e-02
4.090821e-02
4.163643e-02
4.056650e-02
3.723632e-02
3.906380e-02
4.369742e-02
4.288372e-02
4.281410e-02
4.265164e-02
3.930131e-02
4.272464e-02
4.482153e-02
4.541330e-02
4.531616e-02
4.256384e-02
4.280088e-02
4.368769e-02
4.600811e-02
4.582183e-02
4.472270e-02
4.464385e-02
4.588614e-02
4.654508e-02
4.686512e-02
4.686810e-02
4.611611e-02
4.565752e-02
4.557738e-02
4.556848e-02
4.644415e-02
4.707694e-02
4.697749e-02
4.634670e-02
4.669035e-02
4.733793e-02
4.737047e-02
4.726137e-02
4.720391e-02
4.656735e-02
4.694585e-02
4.731940e-02
4.744154e-02
4.739864e-02
4.754024e-02
4.761767e-02
4.771508e-02
4.777155e-02
4.778406e-02
4.796475e-02
4.838215e-02
4.826174e-02
4.826003e-02
4.815471e-02
