0.000000e+00
6.413873e-78
1.179714e-71
4.991943e-70
8.623904e-67
-9.067128e-61
2.989915e-54
-4.932921e-49
-2.693120e-43
8.761106e-38
2.069412e-31
-2.554647e-26
4.884190e-08
1.037840e-07
1.966860e-07
4.208088e-07
1.033299e-06
1.815183e-06
3.051567e-06
4.701053e-06
1.102062e-05
1.594370e-05
2.398911e-05
4.528919e-05
6.617465e-05
1.141207e-04
2.661301e-04
3.504902e-04
4.364474e-04
7.318307e-04
9.906342e-04
1.179749e-03
1.775010e-03
2.567404e-03
2.569362e-03
2.571319e-03
3.105011e-03
3.464939e-03
5.277422e-03
6.052616e-03
6.451806e-03
6.582000e-03
6.727255e-03
8.764167e-03
1.016424e-02
1.113702e-02
9.986599e-03
1.286252e-02
1.601654e-02
1.377337e-02
1.727536e-02
1.977205e-02
2.002239e-02
2.422987e-02
2.780015e-02
2.330568e-02
2.248249e-02
2.812745e-02
3.275854e-02
3.286752e-02
2.715404e-02
2.945765e-02
3.150639e-02
3.720444e-02
3.827670e-02
3.670271e-02
3.196178e-02
3.454085e-02
4.141681e-02
4.014606e-02
4.004257e-02
3.980108e-02
3.486509e-02
3.990763e-02
4.315113e-02
4.409603e-02
4.393224e-02
3.966913e-02
4.003564e-02
4.139031e-02
4.503595e-02
4.473765e-02
4.299806e-02
4.286355e-02
4.484697e-02
4.588451e-02
4.640271e-02
4.641497e-02
4.520960e-02
4.446688e-02
4.434105e-02
4.432708e-02
4.571766e-02
4.677571e-02
4.661224e-02
4.558537e-02
4.614846e-02
4.718743e-02
4.723166e-02
4.706544e-02
4.697873e-02
4.593883e-02
4.654955e-02
4.714672e-02
4.734018e-02
4.724634e-02
4.748375e-02
4.756232e-02
4.770903e-02
4.777155e-02
4.778406e-02
4.796475e-02
4.838215e-02
4.826174e-02
4.826003e-02
4.815471e-02
