3.740170e-11
6.555163e-11
1.375818e-10
2.105961e-10
3.809727e-10
7.930859e-10
1.251858e-09
2.161650e-09
4.567570e-09
8.005410e-09
1.135251e-08
2.045363e-08
4.285647e-08
6.715642e-08
9.987585e-08
1.591297e-07
2.831782e-07
4.117853e-07
5.850665e-07
7.901856e-07
1.469029e-06
1.944441e-06
2.675744e-06
4.517779e-06
6.269717e-06
1.018927e-05
2.296375e-05
3.006243e-05
3.769010e-05
6.445625e-05
8.914663e-05
1.068124e-04
1.673432e-04
2.533279e-04
2.522376e-04
2.511473e-04
3.086765e-04
3.511667e-04
5.605449e-04
6.526220e-04
7.024495e-04
7.183305e-04
7.331299e-04
9.916491e-04
1.173296e-03
1.300259e-03
1.139154e-03
1.524658e-03
1.953291e-03
1.635475e-03
2.121925e-03
2.477203e-03
2.498069e-03
3.100839e-03
3.624872e-03
2.954745e-03
2.838732e-03
3.658527e-03
4.343556e-03
4.354193e-03
3.500967e-03
3.841367e-03
4.148636e-03
4.992590e-03
5.144538e-03
4.902246e-03
4.195572e-03
4.575578e-03
5.601129e-03
5.401669e-03
5.386443e-03
5.350912e-03
4.611264e-03
5.368907e-03
5.850777e-03
5.985232e-03
5.958142e-03
5.315302e-03
5.370580e-03
5.576975e-03
6.110547e-03
6.063445e-03
5.800854e-03
5.791135e-03
6.085880e-03
6.231949e-03
6.310672e-03
6.311043e-03
6.127759e-03
6.013154e-03
5.999806e-03
5.998324e-03
6.204584e-03
6.353715e-03
6.332186e-03
6.172047e-03
6.260312e-03
6.411605e-03
6.419917e-03
6.396131e-03
6.378339e-03
6.221127e-03
6.312817e-03
6.401387e-03
6.420617e-03
6.407929e-03
6.435060e-03
6.455195e-03
6.469409e-03
6.478637e-03
6.481169e-03
6.489694e-03
6.515675e-03
6.488444e-03
6.487904e-03
6.460010e-03
