5.709034e-11
1.003534e-10
2.092127e-10
3.183555e-10
5.730366e-10
1.187041e-09
1.874090e-09
3.234252e-09
6.881614e-09
1.198788e-08
1.733436e-08
3.107625e-08
6.564641e-08
1.041697e-07
1.589164e-07
2.571498e-07
4.737404e-07
7.134577e-07
1.045138e-06
1.455660e-06
2.843246e-06
3.863678e-06
5.449715e-06
9.501458e-06
1.335629e-05
2.205886e-05
4.920739e-05
6.418826e-05
7.965884e-05
1.320042e-04
1.781859e-04
2.122193e-04
3.186549e-04
4.614420e-04
4.615061e-04
4.615702e-04
5.561085e-04
6.220031e-04
9.463314e-04
1.085354e-03
1.157958e-03
1.181450e-03
1.206184e-03
1.571114e-03
1.822488e-03
1.994555e-03
1.786374e-03
2.298222e-03
2.854846e-03
2.457311e-03
3.075490e-03
3.519516e-03
3.555232e-03
4.285355e-03
4.907556e-03
4.126645e-03
3.987363e-03
4.958693e-03
5.750905e-03
5.771421e-03
4.791771e-03
5.187395e-03
5.540738e-03
6.500992e-03
6.679852e-03
6.415858e-03
5.613568e-03
6.049073e-03
7.201462e-03
6.987995e-03
6.971313e-03
6.932387e-03
6.103465e-03
6.950566e-03
7.487252e-03
7.641142e-03
7.615109e-03
6.908318e-03
6.969285e-03
7.195990e-03
7.791290e-03
7.740250e-03
7.456164e-03
7.438083e-03
7.765616e-03
7.930468e-03
8.020099e-03
8.020167e-03
7.820006e-03
7.698484e-03
7.682488e-03
7.680711e-03
7.908147e-03
8.072384e-03
8.047309e-03
7.878316e-03
7.970188e-03
8.140705e-03
8.151413e-03
8.124478e-03
8.106993e-03
7.936897e-03
8.037956e-03
8.132851e-03
8.156616e-03
8.144577e-03
8.175065e-03
8.197708e-03
8.219482e-03
8.231389e-03
8.235430e-03
8.255711e-03
8.306218e-03
8.281819e-03
8.281399e-03
8.249907e-03
