0.000000e+00
3.577747e-87
8.678782e-81
-1.913409e-79
-7.124839e-77
-8.274627e-70
-1.480715e-64
6.106334e-59
-4.698219e-53
-1.387699e-46
1.939397e-41
2.303969e-35
1.481579e-29
8.049320e-12
1.691796e-11
4.057604e-11
1.161084e-10
2.265245e-10
4.195414e-10
7.041561e-10
1.969899e-09
3.097647e-09
5.120624e-09
1.142172e-08
1.838637e-08
3.720857e-08
1.135263e-07
1.652265e-07
2.225724e-07
4.622308e-07
7.205738e-07
9.329524e-07
1.776267e-06
3.322236e-06
3.315824e-06
3.309412e-06
4.634191e-06
5.684548e-06
1.331928e-05
1.769217e-05
2.042078e-05
2.130142e-05
2.221077e-05
4.181643e-05
6.066156e-05
7.661409e-05
5.674280e-05
1.143949e-04
2.025653e-04
1.310988e-04
2.483520e-04
3.671267e-04
3.767916e-04
6.682962e-04
9.911996e-04
5.776626e-04
5.201577e-04
1.015381e-03
1.608951e-03
1.618002e-03
9.017483e-04
1.155669e-03
1.420934e-03
2.348178e-03
2.548873e-03
2.233038e-03
1.462868e-03
1.861387e-03
3.224378e-03
2.914844e-03
2.892926e-03
2.841782e-03
1.889303e-03
2.867621e-03
3.638619e-03
3.878096e-03
3.829844e-03
2.790672e-03
2.877966e-03
3.192002e-03
4.119172e-03
4.030690e-03
3.558264e-03
3.537057e-03
4.063805e-03
4.350713e-03
4.504885e-03
4.505713e-03
4.150778e-03
3.935303e-03
3.907992e-03
3.904958e-03
4.296689e-03
4.605114e-03
4.557471e-03
4.241730e-03
4.417572e-03
4.726419e-03
4.740397e-03
4.690989e-03
4.658078e-03
4.341626e-03
4.527187e-03
4.703820e-03
4.746583e-03
4.715343e-03
4.785676e-03
4.801581e-03
4.833398e-03
4.843317e-03
4.845380e-03
4.847396e-03
4.857621e-03
4.832784e-03
4.832295e-03
4.806956e-03
