0.000000e+00
3.024002e-42
-1.191657e-35
-2.142221e-34
-9.413946e-31
1.856846e-12
3.524776e-12
7.503470e-12
2.079454e-11
4.618221e-11
7.194122e-11
1.655637e-10
4.584303e-10
8.496850e-10
1.414312e-09
2.699964e-09
5.795196e-09
9.336008e-09
1.465604e-08
2.135442e-08
4.658519e-08
6.497341e-08
9.570191e-08
1.747178e-07
2.554178e-07
4.404941e-07
1.112750e-06
1.510975e-06
1.974792e-06
3.756784e-06
5.660194e-06
7.091234e-06
1.299855e-05
2.350376e-05
2.322951e-05
2.295527e-05
3.087768e-05
3.770307e-05
7.709214e-05
9.729932e-05
1.096411e-04
1.135195e-04
1.166889e-04
1.912042e-04
2.526642e-04
2.996280e-04
2.376983e-04
3.929495e-04
5.936484e-04
4.347543e-04
6.815313e-04
8.938310e-04
9.019572e-04
1.322363e-03
1.734981e-03
1.201921e-03
1.121776e-03
1.756629e-03
2.384230e-03
2.389295e-03
1.617017e-03
1.909199e-03
2.192886e-03
3.050842e-03
3.212855e-03
2.940743e-03
2.224582e-03
2.601780e-03
3.738010e-03
3.492062e-03
3.475838e-03
3.437980e-03
2.626934e-03
3.459188e-03
4.038660e-03
4.204982e-03
4.168655e-03
3.385419e-03
3.452914e-03
3.699945e-03
4.360700e-03
4.298234e-03
3.962987e-03
3.952683e-03
4.325909e-03
4.514686e-03
4.619625e-03
4.618616e-03
4.377932e-03
4.226273e-03
4.211343e-03
4.209685e-03
4.476565e-03
4.676523e-03
4.647956e-03
4.431044e-03
4.552110e-03
4.752264e-03
4.761737e-03
4.731391e-03
4.707519e-03
4.496624e-03
4.620865e-03
4.737210e-03
4.759797e-03
4.740497e-03
4.784667e-03
4.799716e-03
4.817684e-03
4.824329e-03
4.826292e-03
4.827032e-03
4.834565e-03
4.809852e-03
4.809493e-03
4.782444e-03
