0.000000e+00
-4.376863e-66
2.545213e-58
-1.330730e-56
9.779800e-53
1.300033e-47
4.327210e-42
4.954709e-36
1.457544e-30
4.681736e-12
8.218835e-12
2.148502e-11
7.047194e-11
1.440276e-10
2.679864e-10
5.545712e-10
1.335566e-09
2.340399e-09
3.925796e-09
6.068225e-09
1.443068e-08
2.116789e-08
3.232325e-08
6.389018e-08
9.592521e-08
1.751221e-07
4.593682e-07
6.366150e-07
8.275314e-07
1.586956e-06
2.371140e-06
2.995903e-06
5.436368e-06
9.783007e-06
9.749709e-06
9.716411e-06
1.329573e-05
1.613981e-05
3.526573e-05
4.564926e-05
5.196475e-05
5.399364e-05
5.601367e-05
9.782909e-05
1.349387e-04
1.647550e-04
1.272979e-04
2.293968e-04
3.722708e-04
2.590332e-04
4.405986e-04
6.074896e-04
6.196816e-04
9.850611e-04
1.361298e-03
8.789359e-04
8.071827e-04
1.387601e-03
2.010255e-03
2.019288e-03
1.260809e-03
1.540174e-03
1.818916e-03
2.721727e-03
2.906250e-03
2.614804e-03
1.861871e-03
2.255603e-03
3.505871e-03
3.234896e-03
3.215356e-03
3.169762e-03
2.285967e-03
3.192416e-03
3.860847e-03
4.061288e-03
4.020659e-03
3.122773e-03
3.198972e-03
3.475823e-03
4.259374e-03
4.186236e-03
3.791194e-03
3.772944e-03
4.215025e-03
4.448845e-03
4.574254e-03
4.574698e-03
4.284938e-03
4.107527e-03
4.085098e-03
4.082607e-03
4.404504e-03
4.652186e-03
4.614111e-03
4.358430e-03
4.500436e-03
4.748692e-03
4.761755e-03
4.720618e-03
4.693269e-03
4.439011e-03
4.588310e-03
4.730166e-03
4.763873e-03
4.740234e-03
4.793216e-03
4.809038e-03
4.834394e-03
4.843317e-03
4.845380e-03
4.847396e-03
4.857621e-03
4.832784e-03
4.832295e-03
4.806956e-03
