1.094865e-10
1.732849e-10
3.270150e-10
4.624372e-10
7.784406e-10
1.468067e-09
2.175388e-09
3.450688e-09
6.485990e-09
1.069426e-08
1.414440e-08
2.375935e-08
4.505242e-08
6.644967e-08
9.204871e-08
1.384691e-07
2.258157e-07
3.077780e-07
4.129751e-07
5.301418e-07
9.072804e-07
1.161913e-06
1.584566e-06
2.771728e-06
4.182410e-06
8.363128e-06
3.220473e-05
5.199828e-05
7.804533e-05
1.976976e-04
3.532490e-04
4.880256e-04
1.068671e-03
2.194137e-03
2.172141e-03
2.150145e-03
3.038806e-03
3.855155e-03
8.390340e-03
1.081308e-02
1.231015e-02
1.279054e-02
1.326438e-02
2.181024e-02
5.149002e-04
6.036903e-04
2.770918e-02
7.795711e-04
1.145887e-03
8.683877e-04
1.315005e-03
1.703091e-03
1.728785e-03
2.465670e-03
3.180404e-03
2.294889e-03
2.167290e-03
3.273353e-03
4.336457e-03
4.372438e-03
3.092647e-03
3.614953e-03
4.120680e-03
5.569256e-03
5.867316e-03
5.455617e-03
4.272370e-03
4.947277e-03
6.908524e-03
6.545053e-03
6.529131e-03
6.491974e-03
5.135315e-03
6.603613e-03
7.615304e-03
7.936651e-03
7.912739e-03
6.652180e-03
6.792258e-03
7.241805e-03
8.492503e-03
8.401711e-03
7.870096e-03
7.902230e-03
8.603177e-03
8.970599e-03
9.206350e-03
9.254131e-03
8.873532e-03
8.648630e-03
8.668876e-03
8.671125e-03
9.192463e-03
9.629751e-03
9.643253e-03
9.295716e-03
9.568905e-03
1.009805e-02
1.015637e-02
1.015308e-02
1.014962e-02
9.793072e-03
1.007407e-02
1.037328e-02
1.054133e-02
1.055061e-02
1.075475e-02
1.089669e-02
1.107394e-02
1.122238e-02
1.126438e-02
1.201404e-02
1.371546e-02
1.485588e-02
1.486153e-02
1.547126e-02
