2.448599e-18
7.655908e-18
3.335969e-17
9.927027e-17
2.530706e-16
1.085502e-15
2.673879e-15
7.883735e-15
3.354077e-14
9.752088e-14
1.874984e-13
5.766554e-13
2.296083e-12
5.266366e-12
1.077388e-11
2.499451e-11
6.862010e-11
1.304019e-10
2.354185e-10
3.867274e-10
1.032069e-09
1.589394e-09
2.562355e-09
5.479877e-09
8.596587e-09
1.670542e-08
4.733481e-08
6.708841e-08
8.830033e-08
1.722608e-07
2.563520e-07
3.239450e-07
5.655059e-07
9.489326e-07
9.523948e-07
9.558571e-07
1.260930e-06
1.466889e-06
2.833191e-06
3.515028e-06
3.887320e-06
4.010099e-06
4.157785e-06
6.625366e-06
8.866667e-06
1.081727e-05
8.504797e-06
1.691790e-05
3.429960e-05
1.907993e-05
2.533787e-05
3.551978e-05
3.684359e-05
6.791836e-05
1.094875e-04
5.680349e-05
5.036049e-05
1.133338e-04
2.271954e-04
2.297986e-04
9.669048e-05
1.364624e-04
1.870834e-04
4.463236e-04
5.222567e-04
4.099626e-04
1.976740e-04
3.041133e-04
8.474079e-04
6.966808e-04
6.878891e-04
6.673741e-04
3.108890e-04
6.880293e-04
1.119676e-03
1.285493e-03
1.259930e-03
6.713374e-04
7.239484e-04
8.924675e-04
1.534052e-03
1.468241e-03
1.138525e-03
1.135679e-03
1.534561e-03
1.785552e-03
1.940932e-03
1.958920e-03
1.656792e-03
1.488552e-03
1.480804e-03
1.479943e-03
1.832012e-03
2.160125e-03
2.136975e-03
1.840405e-03
2.034824e-03
2.424754e-03
2.457385e-03
2.424275e-03
2.406931e-03
2.079860e-03
2.300802e-03
2.538631e-03
2.648758e-03
2.631481e-03
2.791811e-03
2.854504e-03
2.972155e-03
3.054071e-03
3.076170e-03
3.531876e-03
4.802017e-03
5.898996e-03
5.905489e-03
6.609876e-03
