5.067748e-09
7.288084e-09
1.172732e-08
1.495693e-08
2.249311e-08
3.598716e-08
4.833378e-08
6.871905e-08
1.123956e-07
1.609768e-07
2.057817e-07
2.985715e-07
4.818056e-07
6.450214e-07
8.470807e-07
1.135690e-06
1.650590e-06
2.123839e-06
2.672248e-06
3.267019e-06
4.896335e-06
5.960466e-06
7.455454e-06
1.114563e-05
1.457829e-05
1.669591e-05
2.499172e-05
2.970541e-05
3.421601e-05
4.896583e-05
6.115095e-05
6.977619e-05
9.700612e-05
1.335571e-04
1.334606e-04
1.333640e-04
1.577678e-04
1.748016e-04
2.617001e-04
2.998431e-04
3.202881e-04
3.268819e-04
3.336528e-04
4.402774e-04
5.163062e-04
5.701921e-04
5.052621e-04
6.686550e-04
8.542520e-04
7.217629e-04
9.339208e-04
1.097508e-03
1.112620e-03
1.391402e-03
1.639902e-03
1.339298e-03
1.291419e-03
1.679208e-03
2.013097e-03
2.029313e-03
1.630758e-03
1.802722e-03
1.961655e-03
2.388563e-03
2.479125e-03
2.371992e-03
2.028714e-03
2.233873e-03
2.788548e-03
2.702628e-03
2.699679e-03
2.692799e-03
2.317432e-03
2.734848e-03
3.011941e-03
3.105362e-03
3.106671e-03
2.787137e-03
2.828980e-03
2.953256e-03
3.308720e-03
3.289229e-03
3.162163e-03
3.178458e-03
3.373560e-03
3.480086e-03
3.553199e-03
3.576934e-03
3.489136e-03
3.442969e-03
3.457699e-03
3.459336e-03
3.608365e-03
3.743637e-03
3.762577e-03
3.686985e-03
3.771216e-03
3.957287e-03
3.984091e-03
3.997737e-03
4.010804e-03
3.929986e-03
4.018881e-03
4.123773e-03
4.211728e-03
4.229657e-03
4.328107e-03
4.403764e-03
4.506428e-03
4.597464e-03
4.623420e-03
5.157306e-03
6.602232e-03
7.798414e-03
7.805679e-03
8.561390e-03
