1.513657e-12
2.796322e-12
6.482503e-12
1.067374e-11
2.045386e-11
4.735102e-11
7.962569e-11
1.466988e-10
3.362557e-10
6.463469e-10
9.296509e-10
1.835350e-09
4.227411e-09
7.012169e-09
1.067583e-08
1.815550e-08
3.409809e-08
5.061715e-08
7.352475e-08
1.004785e-07
1.919792e-07
2.533413e-07
3.492405e-07
5.773130e-07
7.927375e-07
1.248979e-06
2.707179e-06
3.488822e-06
4.359072e-06
7.458248e-06
1.047626e-05
1.262381e-05
2.089810e-05
3.428038e-05
3.394392e-05
3.360746e-05
4.312484e-05
5.094215e-05
9.343134e-05
1.140581e-04
1.262735e-04
1.301031e-04
1.331575e-04
2.037745e-04
2.593082e-04
3.006451e-04
2.457415e-04
3.796049e-04
5.455331e-04
4.149941e-04
6.152487e-04
7.802339e-04
7.857559e-04
1.099468e-03
1.398614e-03
1.011183e-03
9.506884e-04
1.412485e-03
1.850476e-03
1.853792e-03
1.311433e-03
1.518623e-03
1.716307e-03
2.298483e-03
2.405856e-03
2.223883e-03
1.736182e-03
1.993286e-03
2.747187e-03
2.586404e-03
2.575474e-03
2.549968e-03
2.008379e-03
2.562474e-03
2.938915e-03
3.044359e-03
3.020797e-03
2.511634e-03
2.555028e-03
2.716096e-03
3.139603e-03
3.099124e-03
2.883801e-03
2.878005e-03
3.116646e-03
3.235117e-03
3.301270e-03
3.300201e-03
3.146375e-03
3.049369e-03
3.040273e-03
3.039262e-03
3.207929e-03
3.331827e-03
3.313724e-03
3.176164e-03
3.252018e-03
3.376674e-03
3.383130e-03
3.363670e-03
3.347089e-03
3.212675e-03
3.290769e-03
3.363455e-03
3.375778e-03
3.363579e-03
3.386944e-03
3.399031e-03
3.408277e-03
3.412288e-03
3.413658e-03
3.405557e-03
3.392417e-03
3.363950e-03
3.363573e-03
3.337246e-03
