1.109924e-14
2.500062e-14
7.229380e-14
1.436716e-13
3.102294e-13
8.838264e-13
1.691844e-12
3.672982e-12
1.048186e-11
2.284414e-11
3.693552e-11
8.332435e-11
2.281176e-10
4.181705e-10
7.096286e-10
1.311454e-09
2.759082e-09
4.442807e-09
6.878720e-09
9.947445e-09
2.060059e-08
2.846193e-08
4.052696e-08
7.171769e-08
1.006345e-07
1.660213e-07
3.663321e-07
4.780366e-07
5.898296e-07
9.911436e-07
1.348744e-06
1.617892e-06
2.505843e-06
3.780436e-06
3.791641e-06
3.802846e-06
4.757144e-06
5.376750e-06
9.479494e-06
1.160439e-05
1.288050e-05
1.329912e-05
1.378521e-05
2.403588e-05
3.615560e-05
2.670050e-05
3.388475e-05
3.477517e-05
5.252390e-05
3.840209e-05
6.150426e-05
8.466696e-05
8.711491e-05
1.512342e-04
2.296999e-04
1.299521e-04
1.169544e-04
2.373662e-04
4.128944e-04
4.173343e-04
2.087957e-04
2.785116e-04
3.589267e-04
6.883709e-04
7.721951e-04
6.499208e-04
3.773694e-04
5.197765e-04
1.099337e-03
9.607825e-04
9.529111e-04
9.345434e-04
5.395534e-04
9.599388e-04
1.351228e-03
1.489858e-03
1.472358e-03
9.532718e-04
1.003497e-03
1.165865e-03
1.709705e-03
1.661063e-03
1.399200e-03
1.401649e-03
1.728775e-03
1.921216e-03
2.040350e-03
2.058598e-03
1.840941e-03
1.715801e-03
1.714863e-03
1.714759e-03
1.988209e-03
2.234113e-03
2.226493e-03
2.016940e-03
2.165912e-03
2.463395e-03
2.491935e-03
2.477153e-03
2.470654e-03
2.242785e-03
2.408435e-03
2.587175e-03
2.681876e-03
2.677456e-03
2.806138e-03
2.869724e-03
2.973913e-03
3.054071e-03
3.076170e-03
3.531876e-03
4.802017e-03
5.898996e-03
5.905489e-03
6.609876e-03
