1.608777e-14
3.627735e-14
1.050259e-13
2.090200e-13
4.516872e-13
1.288935e-12
2.470154e-12
5.373074e-12
1.537828e-11
3.357796e-11
5.438519e-11
1.230558e-10
3.384417e-10
6.222740e-10
1.059270e-09
1.965473e-09
4.159081e-09
6.722763e-09
1.045170e-08
1.516789e-08
3.169653e-08
4.397679e-08
6.294606e-08
1.124836e-07
1.588480e-07
2.647570e-07
5.971264e-07
7.862486e-07
9.791752e-07
1.703573e-06
2.420788e-06
3.012456e-06
5.576044e-06
1.186855e-05
1.178690e-05
1.170526e-05
1.850064e-05
2.573867e-05
9.554051e-05
1.481249e-04
1.874682e-04
2.002772e-04
2.143892e-04
5.501252e-04
9.409758e-04
7.015427e-05
8.716878e-04
9.938850e-05
1.677077e-04
1.124738e-04
2.046450e-04
3.026291e-04
3.116423e-04
5.653657e-04
8.608899e-04
4.887099e-04
4.404896e-04
8.963999e-04
1.481278e-03
1.498771e-03
8.010888e-04
1.052773e-03
1.326411e-03
2.307900e-03
2.539134e-03
2.209321e-03
1.399116e-03
1.836667e-03
3.397183e-03
3.058177e-03
3.039708e-03
2.996612e-03
1.922140e-03
3.069967e-03
4.017368e-03
4.337775e-03
4.301932e-03
3.070653e-03
3.194235e-03
3.596372e-03
4.846378e-03
4.743238e-03
4.163446e-03
4.171170e-03
4.897565e-03
5.308868e-03
5.557434e-03
5.596686e-03
5.146968e-03
4.883247e-03
4.882075e-03
4.881945e-03
5.457832e-03
5.960000e-03
5.945190e-03
5.524102e-03
5.824915e-03
6.411232e-03
6.465971e-03
6.436328e-03
6.424085e-03
5.979339e-03
6.301946e-03
6.643529e-03
6.820187e-03
6.810769e-03
7.043717e-03
7.157290e-03
7.340089e-03
7.477052e-03
7.514277e-03
8.240707e-03
1.000702e-02
1.130136e-02
1.130840e-02
1.206146e-02
