2.622376e-17
6.988034e-17
2.606652e-16
6.573419e-16
1.582975e-15
5.891262e-15
1.326451e-14
3.458945e-14
1.247551e-13
3.377107e-13
5.866441e-13
1.662338e-12
5.886296e-12
1.263360e-11
2.362235e-11
5.231248e-11
1.327500e-10
2.367646e-10
4.083765e-10
6.427304e-10
1.630639e-09
2.418761e-09
3.823752e-09
7.704556e-09
1.191259e-08
2.211774e-08
6.079245e-08
8.408312e-08
1.108275e-07
2.112057e-07
3.130086e-07
3.889394e-07
6.777498e-07
1.146553e-06
1.139935e-06
1.133318e-06
1.482522e-06
1.751851e-06
3.432492e-06
4.342764e-06
4.926947e-06
5.114281e-06
5.298081e-06
1.044701e-05
1.769695e-05
2.610949e-05
1.582866e-05
6.356464e-05
1.862192e-04
7.365209e-05
2.951598e-04
7.285412e-04
7.806458e-04
4.266961e-04
1.901482e-04
2.027442e-03
1.651666e-03
1.986708e-04
4.382108e-04
4.438027e-04
1.650585e-04
2.488121e-04
3.586407e-04
9.082072e-04
1.064491e-03
8.298928e-04
3.821218e-04
6.102329e-04
1.742015e-03
1.432260e-03
1.416113e-03
1.378435e-03
6.319501e-04
1.428046e-03
2.298824e-03
2.623918e-03
2.575027e-03
1.397019e-03
1.506080e-03
1.853967e-03
3.116791e-03
2.989779e-03
2.347882e-03
2.351322e-03
3.129963e-03
3.602610e-03
3.898297e-03
3.932854e-03
3.363679e-03
3.040053e-03
3.032339e-03
3.031482e-03
3.697844e-03
4.305493e-03
4.267435e-03
3.710091e-03
4.077049e-03
4.787060e-03
4.845398e-03
4.788599e-03
4.751672e-03
4.152190e-03
4.556534e-03
4.983508e-03
5.166896e-03
5.134610e-03
5.408707e-03
5.517832e-03
5.707460e-03
5.838411e-03
5.873974e-03
6.546522e-03
8.201882e-03
9.457087e-03
9.463767e-03
1.018873e-02
