2.746110e-16
6.808230e-16
2.314818e-15
5.330985e-15
1.236912e-14
4.195962e-14
8.925072e-14
2.174366e-13
7.182038e-13
1.819823e-12
3.048797e-12
8.055650e-12
2.626091e-11
5.364596e-11
9.648587e-11
2.031785e-10
4.872049e-10
8.396608e-10
1.402711e-09
2.150705e-09
5.179803e-09
7.522678e-09
1.159779e-08
2.256862e-08
3.416857e-08
6.164803e-08
1.627263e-07
2.226738e-07
2.912701e-07
5.544288e-07
8.426613e-07
1.079788e-06
2.280968e-06
5.868236e-06
5.760701e-06
5.653167e-06
9.861265e-06
1.495725e-05
7.152387e-05
1.178534e-04
1.550645e-04
1.670129e-04
1.788611e-04
5.329564e-04
9.850812e-04
1.434968e-03
8.791848e-04
2.765747e-03
6.305075e-03
3.317100e-03
8.560892e-03
1.526625e-02
1.583128e-02
6.528858e-03
9.930750e-04
2.909877e-02
2.557598e-02
1.034931e-03
1.920740e-03
1.940613e-03
8.914702e-04
1.249471e-03
1.660497e-03
3.259693e-03
3.643188e-03
3.061907e-03
1.747904e-03
2.439023e-03
5.111256e-03
4.475179e-03
4.440527e-03
4.359670e-03
2.533828e-03
4.466610e-03
6.161107e-03
6.730562e-03
6.645867e-03
4.396850e-03
4.609435e-03
5.313912e-03
7.534033e-03
7.330223e-03
6.241887e-03
6.245413e-03
7.550551e-03
8.284939e-03
8.724554e-03
8.771599e-03
7.908850e-03
7.397338e-03
7.381530e-03
7.379774e-03
8.408176e-03
9.288750e-03
9.230214e-03
8.417928e-03
8.949474e-03
9.932051e-03
1.000881e-02
9.926105e-03
9.872581e-03
9.035276e-03
9.595966e-03
1.016994e-02
1.040370e-02
1.035810e-02
1.069917e-02
1.083848e-02
1.106728e-02
1.122238e-02
1.126438e-02
1.201404e-02
1.371546e-02
1.485588e-02
1.486153e-02
1.547126e-02
