4.088985e-17
1.049724e-16
3.734475e-16
8.983822e-16
2.123301e-15
7.530920e-15
1.645808e-14
4.139697e-14
1.423742e-13
3.722109e-13
6.331638e-13
1.727563e-12
5.840124e-12
1.218661e-11
2.225171e-11
4.785609e-11
1.172591e-10
2.045581e-10
3.455276e-10
5.343569e-10
1.307524e-09
1.908836e-09
2.962660e-09
5.794543e-09
8.801953e-09
1.590554e-08
4.178462e-08
5.689105e-08
7.405509e-08
1.365633e-07
1.981282e-07
2.434730e-07
4.102792e-07
6.702261e-07
6.671100e-07
6.639938e-07
8.518590e-07
9.924922e-07
1.806233e-06
2.198484e-06
2.417865e-06
2.488214e-06
2.557231e-06
3.893312e-06
4.977649e-06
5.801667e-06
4.762515e-06
7.567800e-06
1.144759e-05
8.354287e-06
1.340475e-05
1.890405e-05
1.960194e-05
3.009121e-05
4.266093e-05
3.305377e-05
2.867817e-05
4.352609e-05
7.591701e-05
7.647290e-05
3.819826e-05
4.982536e-05
6.376638e-05
1.344433e-04
1.552673e-04
1.238518e-04
6.600322e-05
9.442738e-05
2.449165e-04
2.008728e-04
1.981522e-04
1.918038e-04
9.445038e-05
1.963449e-04
3.222137e-04
3.720834e-04
3.633199e-04
1.890915e-04
2.038846e-04
2.514055e-04
4.442580e-04
4.226163e-04
3.202171e-04
3.190621e-04
4.420983e-04
5.219930e-04
5.731355e-04
5.783247e-04
4.778044e-04
4.231487e-04
4.206546e-04
4.203775e-04
5.337725e-04
6.419906e-04
6.341385e-04
5.331219e-04
5.983683e-04
7.318607e-04
7.433755e-04
7.322729e-04
7.251747e-04
6.109555e-04
6.877005e-04
7.719049e-04
8.103939e-04
8.043420e-04
8.633206e-04
8.887002e-04
9.333253e-04
9.663131e-04
9.755186e-04
1.172998e-03
1.827804e-03
2.510342e-03
2.514711e-03
3.002726e-03
