9.656165e-11
1.438986e-10
2.444857e-10
3.225578e-10
5.047365e-10
8.496662e-10
1.174843e-09
1.727154e-09
2.937584e-09
4.370381e-09
5.621022e-09
8.467954e-09
1.417417e-08
1.933444e-08
2.554868e-08
3.493270e-08
5.141337e-08
6.615596e-08
8.316321e-08
1.010591e-07
1.478711e-07
1.756799e-07
2.110877e-07
2.863560e-07
3.425800e-07
4.474656e-07
6.830585e-07
7.884236e-07
8.819453e-07
1.170374e-06
1.380246e-06
1.525082e-06
1.929985e-06
2.403526e-06
2.412527e-06
2.421529e-06
2.735486e-06
2.902601e-06
3.894887e-06
4.290624e-06
4.475961e-06
4.537414e-06
4.613915e-06
5.660655e-06
6.389417e-06
6.896998e-06
6.297256e-06
7.870061e-06
9.715794e-06
8.336855e-06
1.048686e-05
1.209494e-05
1.230708e-05
1.577655e-05
1.914477e-05
1.477625e-05
1.396954e-05
1.929449e-05
2.506505e-05
2.515755e-05
1.808562e-05
2.052618e-05
2.296690e-05
3.182432e-05
3.383365e-05
3.081125e-05
2.329931e-05
2.704181e-05
4.005537e-05
3.714183e-05
3.687666e-05
3.625790e-05
2.702698e-05
3.634807e-05
4.398355e-05
4.634460e-05
4.581664e-05
3.543604e-05
3.624002e-05
3.924415e-05
4.840488e-05
4.742056e-05
4.268622e-05
4.241524e-05
4.785341e-05
5.073021e-05
5.242401e-05
5.238930e-05
4.849741e-05
4.624285e-05
4.590723e-05
4.586995e-05
5.004391e-05
5.299800e-05
5.249443e-05
4.914480e-05
5.088361e-05
5.425141e-05
5.452438e-05
5.397953e-05
5.344046e-05
4.983327e-05
5.184654e-05
5.372545e-05
5.396900e-05
5.362953e-05
5.382456e-05
5.455430e-05
5.472968e-05
5.491609e-05
5.499680e-05
5.421971e-05
5.287340e-05
5.229535e-05
5.227243e-05
5.134679e-05
