0.000000e+00
3.179811e-55
3.505331e-48
7.295579e-47
1.523562e-42
-3.875458e-38
-2.328449e-31
-1.158679e-26
6.219913e-08
1.376185e-07
2.237605e-07
4.853371e-07
1.261308e-06
2.242416e-06
3.732611e-06
6.573322e-06
1.302713e-05
2.031521e-05
3.028423e-05
4.248390e-05
8.047187e-05
1.074546e-04
1.461316e-04
2.384333e-04
3.173702e-04
4.844514e-04
9.168519e-04
1.139280e-03
1.343152e-03
1.987354e-03
2.492804e-03
2.878917e-03
3.897385e-03
5.113795e-03
5.147095e-03
5.180395e-03
5.980824e-03
6.459770e-03
8.905809e-03
9.900965e-03
1.037950e-02
1.054010e-02
1.075497e-02
1.306903e-02
1.460563e-02
1.563125e-02
1.453395e-02
1.746277e-02
2.055662e-02
1.851416e-02
2.180540e-02
2.408289e-02
2.440869e-02
2.803708e-02
3.101201e-02
2.740384e-02
2.670697e-02
3.137912e-02
3.505485e-02
3.521559e-02
3.074946e-02
3.258884e-02
3.419433e-02
3.858334e-02
3.946096e-02
3.833735e-02
3.471937e-02
3.671445e-02
4.187172e-02
4.102100e-02
4.094078e-02
4.075361e-02
3.708242e-02
4.081360e-02
4.320962e-02
4.394330e-02
4.384828e-02
4.078405e-02
4.104821e-02
4.201973e-02
4.471021e-02
4.450638e-02
4.328728e-02
4.314590e-02
4.458493e-02
4.536067e-02
4.573598e-02
4.575269e-02
4.489662e-02
4.439094e-02
4.427985e-02
4.426751e-02
4.528691e-02
4.604175e-02
4.590606e-02
4.522572e-02
4.560281e-02
4.635786e-02
4.639818e-02
4.627143e-02
4.622056e-02
4.550792e-02
4.593801e-02
4.636181e-02
4.651735e-02
4.647412e-02
4.662389e-02
4.670859e-02
4.684269e-02
4.690413e-02
4.692204e-02
4.712315e-02
4.757624e-02
4.749504e-02
4.749442e-02
4.739119e-02
