8.400291e-15
1.890657e-14
5.384786e-14
1.053090e-13
2.253921e-13
6.324095e-13
1.203248e-12
2.586872e-12
7.348288e-12
1.567443e-11
2.580552e-11
5.661006e-11
1.513148e-10
2.742984e-10
4.692139e-10
8.458934e-10
1.748477e-09
2.821060e-09
4.334316e-09
6.262069e-09
1.260698e-08
1.737776e-08
2.445203e-08
4.273868e-08
5.916826e-08
9.676429e-08
2.059610e-07
2.678483e-07
3.269967e-07
5.348289e-07
7.140483e-07
8.582496e-07
1.285872e-06
1.868762e-06
1.886927e-06
1.905093e-06
2.343284e-06
2.598319e-06
4.260914e-06
5.017366e-06
5.392266e-06
5.518847e-06
5.694049e-06
7.954982e-06
9.711729e-06
1.100828e-05
9.553760e-06
1.376994e-05
1.929510e-05
1.517829e-05
2.193143e-05
2.778961e-05
2.872348e-05
4.349985e-05
6.004936e-05
3.898792e-05
3.573212e-05
6.134409e-05
9.722013e-05
9.801137e-05
5.531235e-05
6.891508e-05
8.417503e-05
1.522219e-04
1.704196e-04
1.433884e-04
8.697178e-05
1.147342e-04
2.367411e-04
2.048724e-04
2.024421e-04
1.967710e-04
1.149197e-04
1.984569e-04
2.841595e-04
3.144390e-04
3.081909e-04
1.909231e-04
2.001300e-04
2.322757e-04
3.460553e-04
3.335065e-04
2.730602e-04
2.699215e-04
3.382725e-04
3.789700e-04
4.022908e-04
4.024092e-04
3.497709e-04
3.200633e-04
3.161571e-04
3.157232e-04
3.712178e-04
4.169803e-04
4.095778e-04
3.621426e-04
3.880232e-04
4.372027e-04
4.401742e-04
4.320582e-04
4.262279e-04
3.764210e-04
4.051397e-04
4.334164e-04
4.398812e-04
4.348943e-04
4.450425e-04
4.496691e-04
4.549721e-04
4.572757e-04
4.579860e-04
4.596104e-04
4.828334e-04
5.347654e-04
5.351301e-04
5.904830e-04
