6.406079e-15
1.367716e-14
3.835810e-14
7.392567e-14
1.569215e-13
4.384448e-13
8.273263e-13
1.744704e-12
4.768342e-12
1.048780e-11
1.620740e-11
3.676884e-11
9.966123e-11
1.821252e-10
2.990278e-10
5.603890e-10
1.172201e-09
1.856803e-09
2.862466e-09
4.106109e-09
8.606661e-09
1.178547e-08
1.694315e-08
2.960003e-08
4.194014e-08
6.868230e-08
1.541608e-07
1.996389e-07
2.491115e-07
4.181989e-07
5.723633e-07
6.815354e-07
1.061083e-06
1.610362e-06
1.605202e-06
1.600042e-06
1.982040e-06
2.254010e-06
3.781504e-06
4.486653e-06
4.869643e-06
4.992606e-06
5.114424e-06
7.394783e-06
9.201050e-06
1.057052e-05
8.846103e-06
1.360950e-05
2.057584e-05
1.490473e-05
2.459134e-05
3.746317e-05
3.431451e-05
4.521933e-05
6.434070e-05
3.974800e-05
3.625632e-05
6.554196e-05
1.086505e-04
1.093822e-04
5.808638e-05
7.432745e-05
9.324361e-05
1.790925e-04
2.022144e-04
1.672116e-04
9.633543e-05
1.318545e-04
2.956363e-04
2.518802e-04
2.491986e-04
2.429412e-04
1.333751e-04
2.484453e-04
3.709677e-04
4.162696e-04
4.090237e-04
2.420910e-04
2.570438e-04
3.056843e-04
4.832870e-04
4.651096e-04
3.744209e-04
3.743429e-04
4.852623e-04
5.531019e-04
5.963190e-04
6.017088e-04
5.193858e-04
4.731602e-04
4.720847e-04
4.719652e-04
5.697734e-04
6.597216e-04
6.554595e-04
5.740050e-04
6.292976e-04
7.413317e-04
7.519233e-04
7.451304e-04
7.408659e-04
6.500247e-04
7.140413e-04
7.839137e-04
8.187862e-04
8.160745e-04
8.668619e-04
8.925125e-04
9.337707e-04
9.663131e-04
9.755186e-04
1.172998e-03
1.827804e-03
2.510342e-03
2.514711e-03
3.002726e-03
