2.092021e-20
6.707139e-20
3.163412e-19
1.020532e-18
2.663741e-18
1.254966e-17
3.266052e-17
1.015387e-16
4.595498e-16
1.472317e-15
2.809643e-15
9.552349e-15
4.203745e-14
1.027452e-13
2.130973e-13
5.398333e-13
1.597355e-12
3.126749e-12
5.888672e-12
9.960106e-12
2.927852e-11
4.613704e-11
7.841676e-11
1.755368e-10
2.891863e-10
5.873503e-10
1.854130e-09
2.678668e-09
3.659979e-09
7.515005e-09
1.165332e-08
1.485033e-08
2.734861e-08
4.844902e-08
4.815644e-08
4.786387e-08
6.375359e-08
7.627448e-08
1.510491e-07
1.885948e-07
2.102121e-07
2.171356e-07
2.238592e-07
3.576348e-07
4.689246e-07
5.534873e-07
4.464642e-07
7.337523e-07
1.123312e-06
8.171220e-07
1.306700e-06
1.749148e-06
1.797759e-06
2.884930e-06
4.094833e-06
2.544269e-06
2.311693e-06
4.182485e-06
6.783891e-06
6.849149e-06
3.736853e-06
4.720691e-06
5.812588e-06
1.103252e-05
1.263942e-05
1.036846e-05
6.021751e-06
8.124750e-06
1.913615e-05
1.588836e-05
1.562622e-05
1.501452e-05
8.067706e-06
1.509960e-05
2.477816e-05
2.904177e-05
2.812364e-05
1.444390e-05
1.539657e-05
1.859140e-05
3.399095e-05
3.191905e-05
2.330022e-05
2.272894e-05
3.238870e-05
3.960391e-05
4.402934e-05
4.402704e-05
3.429201e-05
2.959157e-05
2.882131e-05
2.873575e-05
3.799863e-05
4.710017e-05
4.536056e-05
3.630130e-05
4.099091e-05
5.131496e-05
5.193171e-05
4.994044e-05
4.869992e-05
3.852248e-05
4.410516e-05
5.016554e-05
5.173657e-05
5.047482e-05
5.289824e-05
5.358000e-05
5.477737e-05
5.509270e-05
5.517170e-05
5.435574e-05
5.284541e-05
5.203826e-05
5.201433e-05
5.085970e-05
