8.975525e-11
1.308122e-10
2.208226e-10
2.897572e-10
4.506140e-10
7.593267e-10
1.049065e-09
1.530042e-09
2.568385e-09
3.875233e-09
4.880624e-09
7.447286e-09
1.254041e-08
1.719831e-08
2.243824e-08
3.115644e-08
4.613046e-08
5.915188e-08
7.458690e-08
9.065666e-08
1.348408e-07
1.601060e-07
1.943007e-07
2.639042e-07
3.189928e-07
4.182257e-07
6.528284e-07
7.536271e-07
8.512216e-07
1.141282e-06
1.359298e-06
1.500919e-06
1.926052e-06
2.436755e-06
2.436546e-06
2.436337e-06
2.759041e-06
2.954346e-06
3.998406e-06
4.419370e-06
4.626434e-06
4.693284e-06
4.762481e-06
5.906306e-06
6.702835e-06
7.256298e-06
6.560241e-06
8.291912e-06
1.031090e-05
8.766726e-06
1.113102e-05
1.291212e-05
1.308621e-05
1.682512e-05
2.044393e-05
1.572115e-05
1.486881e-05
2.056233e-05
2.658896e-05
2.666286e-05
1.923727e-05
2.183042e-05
2.440167e-05
3.341615e-05
3.538013e-05
3.233140e-05
2.467823e-05
2.850385e-05
4.143289e-05
3.855181e-05
3.829691e-05
3.770210e-05
2.846773e-05
3.779539e-05
4.517436e-05
4.739459e-05
4.688408e-05
3.682731e-05
3.761161e-05
4.056271e-05
4.926366e-05
4.832329e-05
4.381960e-05
4.359998e-05
4.876298e-05
5.141231e-05
5.300808e-05
5.296590e-05
4.930920e-05
4.716610e-05
4.687787e-05
4.684585e-05
5.075360e-05
5.345585e-05
5.300787e-05
4.985183e-05
5.148841e-05
5.459239e-05
5.484861e-05
5.435351e-05
5.382907e-05
5.046959e-05
5.234226e-05
5.407249e-05
5.425112e-05
5.393853e-05
5.407543e-05
5.479636e-05
5.492310e-05
5.509270e-05
5.517170e-05
5.435574e-05
5.284541e-05
5.203826e-05
5.201433e-05
5.085970e-05
