2.646490e-04
3.578202e-04
5.443342e-04
6.659388e-04
9.496992e-04
1.419330e-03
1.817620e-03
2.408789e-03
3.512112e-03
4.763359e-03
5.592050e-03
7.565077e-03
1.083386e-02
1.343208e-02
1.595905e-02
1.988060e-02
2.554492e-02
2.976688e-02
3.436426e-02
3.866118e-02
4.901169e-02
5.410735e-02
6.054232e-02
7.154838e-02
7.948436e-02
9.166415e-02
1.153214e-01
1.236903e-01
1.314276e-01
1.505523e-01
1.630833e-01
1.704135e-01
1.895357e-01
2.087337e-01
2.084742e-01
2.082147e-01
2.181200e-01
2.249841e-01
2.493164e-01
2.582110e-01
2.626219e-01
2.640218e-01
2.652781e-01
2.834131e-01
2.940553e-01
3.008043e-01
2.924160e-01
3.111382e-01
3.286363e-01
3.166706e-01
3.348312e-01
3.464987e-01
3.471137e-01
3.632073e-01
3.757419e-01
3.598442e-01
3.576832e-01
3.771523e-01
3.909044e-01
3.912889e-01
3.743977e-01
3.819065e-01
3.882687e-01
4.033336e-01
4.059727e-01
4.022352e-01
3.899745e-01
3.970811e-01
4.141748e-01
4.113312e-01
4.111853e-01
4.108448e-01
3.989142e-01
4.116315e-01
4.189822e-01
4.210886e-01
4.208893e-01
4.117632e-01
4.127341e-01
4.160274e-01
4.242699e-01
4.236814e-01
4.201955e-01
4.203410e-01
4.247363e-01
4.268862e-01
4.281866e-01
4.284034e-01
4.261288e-01
4.247146e-01
4.247579e-01
4.247627e-01
4.277695e-01
4.300997e-01
4.300657e-01
4.280708e-01
4.295112e-01
4.321148e-01
4.323723e-01
4.322647e-01
4.321647e-01
4.302121e-01
4.316929e-01
4.332042e-01
4.340241e-01
4.340483e-01
4.350283e-01
4.356800e-01
4.364944e-01
4.371655e-01
4.373525e-01
4.405627e-01
4.472146e-01
4.499445e-01
4.499539e-01
4.511426e-01
