0.000000e+00
3.912143e-83
4.447627e-75
4.248991e-73
-3.785276e-69
2.353713e-63
1.105208e-57
9.363800e-53
7.556435e-47
-1.146151e-40
-4.212973e-35
-1.109339e-29
3.373352e-24
1.068159e-05
1.815667e-05
3.570059e-05
7.729399e-05
1.236608e-04
1.921755e-04
2.757974e-04
5.727494e-04
7.752133e-04
1.098858e-03
1.840872e-03
2.540034e-03
3.943116e-03
7.962002e-03
9.872690e-03
1.188422e-02
1.797203e-02
2.296851e-02
2.621605e-02
3.635897e-02
4.892590e-02
4.868940e-02
4.845290e-02
5.585602e-02
6.138658e-02
8.424131e-02
9.353192e-02
9.844721e-02
1.000214e-01
1.015498e-01
1.241554e-01
1.389782e-01
1.488651e-01
1.360923e-01
1.650086e-01
1.947037e-01
1.731855e-01
2.056368e-01
2.280724e-01
2.290355e-01
2.634663e-01
2.920177e-01
2.558147e-01
2.496784e-01
2.942243e-01
3.286173e-01
3.291608e-01
2.863466e-01
3.042982e-01
3.200422e-01
3.602140e-01
3.672161e-01
3.561851e-01
3.228101e-01
3.413154e-01
3.888170e-01
3.799037e-01
3.793447e-01
3.780404e-01
3.440831e-01
3.793710e-01
4.008332e-01
4.068401e-01
4.058475e-01
3.777383e-01
3.803586e-01
3.897992e-01
4.138170e-01
4.118669e-01
4.005377e-01
4.003748e-01
4.134044e-01
4.199161e-01
4.234401e-01
4.236802e-01
4.161385e-01
4.112867e-01
4.109439e-01
4.109058e-01
4.199342e-01
4.269127e-01
4.262037e-01
4.194632e-01
4.236292e-01
4.306327e-01
4.310613e-01
4.302555e-01
4.297230e-01
4.232010e-01
4.274099e-01
4.314444e-01
4.328671e-01
4.324320e-01
4.345608e-01
4.351924e-01
4.364383e-01
4.371655e-01
4.373525e-01
4.405627e-01
4.472146e-01
4.499445e-01
4.499539e-01
4.511426e-01
