0.000000e+00
-1.066812e-29
7.043986e-24
3.517053e-06
1.172399e-05
2.340224e-05
3.582542e-05
5.855330e-05
1.127974e-04
1.883452e-04
2.501958e-04
4.185933e-04
7.745969e-04
1.118934e-03
1.512338e-03
2.194164e-03
3.370222e-03
4.390312e-03
5.614557e-03
6.875978e-03
1.028429e-02
1.219203e-02
1.475677e-02
1.967127e-02
2.349402e-02
3.001192e-02
4.422668e-02
4.991103e-02
5.524086e-02
6.952851e-02
7.956146e-02
8.583656e-02
1.026836e-01
1.207288e-01
1.205980e-01
1.204673e-01
1.304207e-01
1.372170e-01
1.635015e-01
1.734654e-01
1.784253e-01
1.800161e-01
1.815796e-01
2.029412e-01
2.159753e-01
2.243978e-01
2.141980e-01
2.378055e-01
2.607235e-01
2.450735e-01
2.691449e-01
2.850372e-01
2.861487e-01
3.089840e-01
3.271348e-01
3.048473e-01
3.009965e-01
3.292683e-01
3.498485e-01
3.504377e-01
3.252209e-01
3.362867e-01
3.457679e-01
3.689520e-01
3.731435e-01
3.673174e-01
3.484190e-01
3.593074e-01
3.860458e-01
3.815552e-01
3.812996e-01
3.807032e-01
3.620189e-01
3.818281e-01
3.935989e-01
3.970374e-01
3.966987e-01
3.820165e-01
3.835342e-01
3.887182e-01
4.020662e-01
4.011245e-01
3.953986e-01
3.954730e-01
4.025721e-01
4.061723e-01
4.082199e-01
4.085428e-01
4.047981e-01
4.024777e-01
4.024403e-01
4.024361e-01
4.073530e-01
4.112580e-01
4.111032e-01
4.078418e-01
4.101522e-01
4.143721e-01
4.147449e-01
4.144965e-01
4.143722e-01
4.111586e-01
4.135105e-01
4.158936e-01
4.171337e-01
4.170945e-01
4.186193e-01
4.193981e-01
4.205882e-01
4.214698e-01
4.217090e-01
4.260476e-01
4.350672e-01
4.394361e-01
4.394552e-01
4.415800e-01
