0.000000e+00
3.541526e-82
-1.591214e-75
8.111084e-74
6.271055e-70
-5.388733e-64
-4.717049e-58
1.152124e-52
6.737507e-47
3.094097e-42
4.302319e-36
7.703724e-30
4.782133e-24
6.381882e-06
1.122619e-05
2.262524e-05
5.072907e-05
8.330884e-05
1.321584e-04
1.932180e-04
4.122049e-04
5.668288e-04
8.135331e-04
1.397502e-03
1.948459e-03
3.088410e-03
6.379161e-03
7.999822e-03
9.670515e-03
1.483768e-02
1.909654e-02
2.197212e-02
3.073567e-02
4.162307e-02
4.150835e-02
4.139363e-02
4.799615e-02
5.276137e-02
7.323883e-02
8.162513e-02
8.599685e-02
8.739436e-02
8.873024e-02
1.092143e-01
1.226122e-01
1.315873e-01
1.204543e-01
1.465850e-01
1.736567e-01
1.544652e-01
1.839359e-01
2.044461e-01
2.057702e-01
2.375124e-01
2.637704e-01
2.308701e-01
2.252495e-01
2.663101e-01
2.982019e-01
2.989330e-01
2.595921e-01
2.761884e-01
2.907552e-01
3.282695e-01
3.350599e-01
3.250078e-01
2.940389e-01
3.113780e-01
3.559454e-01
3.478690e-01
3.473532e-01
3.461493e-01
3.145790e-01
3.475536e-01
3.678562e-01
3.737120e-01
3.728912e-01
3.467194e-01
3.492143e-01
3.580582e-01
3.810725e-01
3.792926e-01
3.687555e-01
3.685718e-01
3.809787e-01
3.873182e-01
3.907419e-01
3.910701e-01
3.840377e-01
3.796012e-01
3.792807e-01
3.792451e-01
3.879115e-01
3.947211e-01
3.941057e-01
3.879160e-01
3.918842e-01
3.988580e-01
3.993377e-01
3.986230e-01
3.982298e-01
3.921536e-01
3.961953e-01
4.001427e-01
4.017558e-01
4.014211e-01
4.036310e-01
4.043738e-01
4.058237e-01
4.067165e-01
4.069482e-01
4.111346e-01
4.198426e-01
4.240661e-01
4.240846e-01
4.261353e-01
