8.160737e-05
1.159007e-04
1.872880e-04
2.374177e-04
3.543937e-04
5.605633e-04
7.438439e-04
1.028443e-03
1.587457e-03
2.238594e-03
2.704143e-03
3.805294e-03
5.724656e-03
7.309511e-03
8.930692e-03
1.143583e-02
1.520720e-02
1.813310e-02
2.135670e-02
2.444324e-02
3.193852e-02
3.577583e-02
4.060911e-02
4.915756e-02
5.533170e-02
6.513028e-02
8.435078e-02
9.145793e-02
9.787004e-02
1.141346e-01
1.248898e-01
1.314635e-01
1.481681e-01
1.650888e-01
1.650014e-01
1.649141e-01
1.739228e-01
1.799761e-01
2.023430e-01
2.106195e-01
2.146709e-01
2.159748e-01
2.172921e-01
2.340886e-01
2.440814e-01
2.504783e-01
2.429264e-01
2.605082e-01
2.771712e-01
2.660854e-01
2.833099e-01
2.945410e-01
2.954006e-01
3.109873e-01
3.231968e-01
3.084888e-01
3.059893e-01
3.248729e-01
3.383395e-01
3.388420e-01
3.225509e-01
3.298851e-01
3.361244e-01
3.509986e-01
3.537360e-01
3.501785e-01
3.382350e-01
3.452899e-01
3.622812e-01
3.596040e-01
3.594750e-01
3.591743e-01
3.475151e-01
3.600858e-01
3.674659e-01
3.696736e-01
3.695434e-01
3.606581e-01
3.616572e-01
3.649278e-01
3.733664e-01
3.728180e-01
3.694334e-01
3.696050e-01
3.740594e-01
3.763101e-01
3.776726e-01
3.779613e-01
3.757661e-01
3.744446e-01
3.745216e-01
3.745301e-01
3.776077e-01
3.800850e-01
3.801166e-01
3.782235e-01
3.797161e-01
3.825523e-01
3.828567e-01
3.828019e-01
3.827812e-01
3.809014e-01
3.824242e-01
3.840240e-01
3.850100e-01
3.850853e-01
3.862180e-01
3.869490e-01
3.879370e-01
3.887399e-01
3.889622e-01
3.929605e-01
4.012846e-01
4.053271e-01
4.053446e-01
4.073042e-01
