0.000000e+00
6.283080e-06
1.285305e-05
1.819400e-05
3.065694e-05
5.738938e-05
8.438159e-05
1.313029e-04
2.367955e-04
3.791074e-04
4.866112e-04
7.794531e-04
1.364926e-03
1.907558e-03
2.495072e-03
3.513518e-03
5.193508e-03
6.589732e-03
8.239965e-03
9.896879e-03
1.432638e-02
1.670536e-02
1.991010e-02
2.583331e-02
3.042860e-02
3.799351e-02
5.430108e-02
6.053792e-02
6.652551e-02
8.215678e-02
9.303547e-02
9.954688e-02
1.174738e-01
1.365210e-01
1.362195e-01
1.359181e-01
1.461462e-01
1.532709e-01
1.798276e-01
1.897936e-01
1.948174e-01
1.964056e-01
1.977815e-01
2.192174e-01
2.321261e-01
2.403980e-01
2.298859e-01
2.532624e-01
2.756466e-01
2.599709e-01
2.835668e-01
2.989372e-01
2.996781e-01
3.216043e-01
3.389948e-01
3.172748e-01
3.135205e-01
3.405943e-01
3.601522e-01
3.605748e-01
3.363188e-01
3.468500e-01
3.558474e-01
3.776799e-01
3.814392e-01
3.757913e-01
3.578186e-01
3.680186e-01
3.930353e-01
3.886397e-01
3.883861e-01
3.877944e-01
3.700788e-01
3.887043e-01
3.996063e-01
4.026686e-01
4.022666e-01
3.883403e-01
3.897236e-01
3.945812e-01
4.067330e-01
4.058090e-01
4.003741e-01
4.004350e-01
4.069575e-01
4.101653e-01
4.119968e-01
4.122123e-01
4.086509e-01
4.063866e-01
4.063282e-01
4.063217e-01
4.107944e-01
4.142406e-01
4.140372e-01
4.108842e-01
4.129805e-01
4.166253e-01
4.169164e-01
4.166378e-01
4.164305e-01
4.133667e-01
4.155008e-01
4.176069e-01
4.185505e-01
4.184571e-01
4.196917e-01
4.203216e-01
4.212173e-01
4.218816e-01
4.220631e-01
4.251607e-01
4.315816e-01
4.342221e-01
4.342310e-01
4.353781e-01
