0.000000e+00
-4.386343e-70
2.035019e-63
1.621838e-62
-4.754381e-58
2.254492e-52
1.649844e-46
4.620922e-41
-7.605449e-36
4.095914e-29
8.956807e-24
8.835253e-06
2.273125e-05
4.005216e-05
6.412204e-05
1.132014e-04
2.190693e-04
3.307893e-04
4.834605e-04
6.624878e-04
1.227614e-03
1.599085e-03
2.147971e-03
3.353485e-03
4.403186e-03
6.448675e-03
1.168808e-02
1.412785e-02
1.650886e-02
2.348221e-02
2.888676e-02
3.258873e-02
4.288767e-02
5.494744e-02
5.494777e-02
5.494810e-02
6.212381e-02
6.708908e-02
8.809567e-02
9.651794e-02
1.007812e-01
1.021628e-01
1.036343e-01
1.229405e-01
1.353553e-01
1.435441e-01
1.338813e-01
1.572657e-01
1.810669e-01
1.648580e-01
1.902665e-01
2.078294e-01
2.093233e-01
2.356450e-01
2.571592e-01
2.309137e-01
2.264592e-01
2.598869e-01
2.853746e-01
2.862642e-01
2.552690e-01
2.686650e-01
2.803423e-01
3.099599e-01
3.155462e-01
3.080263e-01
2.839156e-01
2.977374e-01
3.326808e-01
3.267911e-01
3.264316e-01
3.255927e-01
3.012384e-01
3.269504e-01
3.427808e-01
3.475368e-01
3.470945e-01
3.273341e-01
3.293334e-01
3.361846e-01
3.543843e-01
3.531060e-01
3.452602e-01
3.451793e-01
3.548812e-01
3.599285e-01
3.627153e-01
3.631360e-01
3.579352e-01
3.547331e-01
3.546082e-01
3.545944e-01
3.613753e-01
3.668347e-01
3.665195e-01
3.620378e-01
3.651855e-01
3.710198e-01
3.715037e-01
3.710836e-01
3.709344e-01
3.664814e-01
3.696938e-01
3.729192e-01
3.745564e-01
3.744570e-01
3.765004e-01
3.773675e-01
3.789372e-01
3.800074e-01
3.802896e-01
3.856103e-01
3.967557e-01
4.027665e-01
4.027963e-01
4.058725e-01
