0.000000e+00
6.289452e-70
-1.344216e-63
4.430632e-62
2.277623e-58
-2.092992e-52
5.999823e-47
1.575060e-41
1.586917e-36
1.250468e-29
9.838925e-24
3.466214e-06
9.596214e-06
1.766352e-05
2.929008e-05
5.406030e-05
1.100788e-04
1.714375e-04
2.579188e-04
3.619050e-04
7.034686e-04
9.346568e-04
1.284695e-03
2.074833e-03
2.781554e-03
4.192919e-03
7.951858e-03
9.747806e-03
1.152693e-02
1.683458e-02
2.103915e-02
2.393882e-02
3.217366e-02
4.201515e-02
4.200491e-02
4.199466e-02
4.790897e-02
5.205119e-02
6.976267e-02
7.693599e-02
8.059851e-02
8.178345e-02
8.302992e-02
9.979156e-02
1.106665e-01
1.178764e-01
1.093085e-01
1.298411e-01
1.512736e-01
1.367419e-01
1.595066e-01
1.753886e-01
1.766966e-01
2.007343e-01
2.204991e-01
1.962903e-01
1.921977e-01
2.229254e-01
2.465521e-01
2.473397e-01
2.185523e-01
2.309291e-01
2.417485e-01
2.693611e-01
2.745578e-01
2.674665e-01
2.449317e-01
2.577937e-01
2.905124e-01
2.849123e-01
2.845688e-01
2.837673e-01
2.609149e-01
2.849970e-01
2.998752e-01
3.043292e-01
3.037961e-01
2.852367e-01
2.870794e-01
2.935182e-01
3.105996e-01
3.093756e-01
3.019436e-01
3.018497e-01
3.109821e-01
3.157231e-01
3.183345e-01
3.187048e-01
3.137544e-01
3.106986e-01
3.105564e-01
3.105406e-01
3.169352e-01
3.220558e-01
3.217320e-01
3.174555e-01
3.204139e-01
3.258604e-01
3.263026e-01
3.258841e-01
3.257178e-01
3.214723e-01
3.244925e-01
3.275079e-01
3.289845e-01
3.288634e-01
3.307298e-01
3.315082e-01
3.329157e-01
3.338650e-01
3.341147e-01
3.387798e-01
3.485625e-01
3.538534e-01
3.538792e-01
3.565764e-01
