9.743756e-06
1.503763e-05
2.734687e-05
3.734429e-05
6.067294e-05
1.078195e-04
1.535450e-04
2.301564e-04
3.950535e-04
6.088509e-04
7.653755e-04
1.179051e-03
1.970146e-03
2.678162e-03
3.425133e-03
4.687978e-03
6.707024e-03
8.342447e-03
1.023903e-02
1.211146e-02
1.699795e-02
1.956764e-02
2.297976e-02
2.916902e-02
3.389096e-02
4.153312e-02
5.761246e-02
6.364719e-02
6.939620e-02
8.419927e-02
9.435892e-02
1.003980e-01
1.168419e-01
1.340814e-01
1.338133e-01
1.335452e-01
1.426676e-01
1.490893e-01
1.725798e-01
1.813457e-01
1.857415e-01
1.871325e-01
1.883472e-01
2.069533e-01
2.181180e-01
2.252194e-01
2.162014e-01
2.362331e-01
2.553089e-01
2.420115e-01
2.620637e-01
2.750677e-01
2.756809e-01
2.941045e-01
3.086608e-01
2.905395e-01
2.873943e-01
3.100844e-01
3.263017e-01
3.266737e-01
3.065339e-01
3.153262e-01
3.227963e-01
3.408650e-01
3.439884e-01
3.393409e-01
3.244973e-01
3.329591e-01
3.536080e-01
3.500221e-01
3.498162e-01
3.493359e-01
3.347460e-01
3.501010e-01
3.593405e-01
3.616162e-01
3.613068e-01
3.498882e-01
3.510388e-01
3.550525e-01
3.652029e-01
3.645383e-01
3.598711e-01
3.599394e-01
3.653089e-01
3.679383e-01
3.694599e-01
3.696452e-01
3.667157e-01
3.649031e-01
3.648671e-01
3.648631e-01
3.685514e-01
3.713761e-01
3.712352e-01
3.686807e-01
3.703930e-01
3.734255e-01
3.736822e-01
3.734684e-01
3.733051e-01
3.708078e-01
3.725688e-01
3.743192e-01
3.751268e-01
3.750689e-01
3.760993e-01
3.766834e-01
3.774579e-01
3.780572e-01
3.782210e-01
3.809887e-01
3.867363e-01
3.891135e-01
3.891214e-01
3.901434e-01
