3.014985e-04
4.039512e-04
6.037574e-04
7.312116e-04
1.028622e-03
1.508984e-03
1.911806e-03
2.504857e-03
3.599066e-03
4.802250e-03
5.624510e-03
7.484010e-03
1.052900e-02
1.291751e-02
1.527344e-02
1.878392e-02
2.383959e-02
2.762215e-02
3.167801e-02
3.546975e-02
4.436535e-02
4.879078e-02
5.424969e-02
6.365342e-02
7.028703e-02
8.057647e-02
1.000889e-01
1.071135e-01
1.133858e-01
1.289960e-01
1.391237e-01
1.452821e-01
1.606127e-01
1.758626e-01
1.757739e-01
1.756852e-01
1.837781e-01
1.891510e-01
2.087009e-01
2.158972e-01
2.193959e-01
2.205243e-01
2.216835e-01
2.359838e-01
2.444327e-01
2.498595e-01
2.435570e-01
2.582756e-01
2.721085e-01
2.630220e-01
2.772488e-01
2.865138e-01
2.872408e-01
2.999236e-01
3.098319e-01
2.980477e-01
2.960534e-01
3.113118e-01
3.221128e-01
3.225671e-01
3.096136e-01
3.155005e-01
3.205443e-01
3.323899e-01
3.345920e-01
3.318233e-01
3.224030e-01
3.280357e-01
3.415501e-01
3.394942e-01
3.394064e-01
3.392016e-01
3.300556e-01
3.400122e-01
3.458634e-01
3.475268e-01
3.475708e-01
3.406940e-01
3.414911e-01
3.440906e-01
3.507989e-01
3.503832e-01
3.478090e-01
3.479836e-01
3.515273e-01
3.533012e-01
3.544237e-01
3.546928e-01
3.530148e-01
3.520505e-01
3.521280e-01
3.521366e-01
3.545834e-01
3.565613e-01
3.566431e-01
3.552056e-01
3.564118e-01
3.587518e-01
3.590261e-01
3.590302e-01
3.590342e-01
3.576028e-01
3.588353e-01
3.601521e-01
3.610309e-01
3.611321e-01
3.621020e-01
3.628008e-01
3.636918e-01
3.644425e-01
3.646525e-01
3.683992e-01
3.761941e-01
3.799906e-01
3.800067e-01
3.818436e-01
