0.000000e+00
-2.913149e-59
-1.117458e-52
-6.039823e-51
6.996228e-47
-1.838508e-42
-3.056288e-37
-5.685350e-31
1.118794e-24
3.097150e-06
4.751045e-06
1.038535e-05
2.643227e-05
4.616708e-05
7.276866e-05
1.280402e-04
2.454239e-04
3.660419e-04
5.309958e-04
7.212368e-04
1.328251e-03
1.717158e-03
2.295977e-03
3.548174e-03
4.640924e-03
6.722740e-03
1.207372e-02
1.448880e-02
1.688930e-02
2.387422e-02
2.926567e-02
3.277786e-02
4.297332e-02
5.489010e-02
5.477049e-02
5.465087e-02
6.157971e-02
6.648529e-02
8.660255e-02
9.457748e-02
9.866200e-02
9.996729e-02
1.012116e-01
1.197055e-01
1.314508e-01
1.391900e-01
1.296191e-01
1.518580e-01
1.742651e-01
1.585538e-01
1.826224e-01
1.989955e-01
2.000346e-01
2.246070e-01
2.446389e-01
2.196928e-01
2.154121e-01
2.466546e-01
2.703110e-01
2.708802e-01
2.417402e-01
2.541898e-01
2.650252e-01
2.923242e-01
2.972508e-01
2.900780e-01
2.676021e-01
2.802794e-01
3.123486e-01
3.067194e-01
3.063516e-01
3.054935e-01
2.828521e-01
3.065943e-01
3.209920e-01
3.251403e-01
3.246075e-01
3.061988e-01
3.079886e-01
3.142808e-01
3.305707e-01
3.293405e-01
3.220228e-01
3.219557e-01
3.307103e-01
3.351408e-01
3.375810e-01
3.378573e-01
3.330086e-01
3.299585e-01
3.297919e-01
3.297734e-01
3.358514e-01
3.406185e-01
3.402635e-01
3.360049e-01
3.388115e-01
3.437814e-01
3.441552e-01
3.437155e-01
3.434660e-01
3.392878e-01
3.421418e-01
3.449510e-01
3.461816e-01
3.460000e-01
3.476234e-01
3.482877e-01
3.494233e-01
3.501832e-01
3.503857e-01
3.539814e-01
3.614691e-01
3.651207e-01
3.651361e-01
3.668962e-01
