0.000000e+00
2.882635e-82
2.906071e-75
1.402516e-74
-9.621667e-70
1.030862e-63
-1.017464e-58
1.888261e-53
-3.136756e-47
-3.080612e-41
-5.386115e-35
-2.052272e-29
2.158421e-24
4.878165e-06
8.578976e-06
1.762395e-05
4.010602e-05
6.612746e-05
1.057166e-04
1.552648e-04
3.379687e-04
4.663468e-04
6.762536e-04
1.171068e-03
1.649120e-03
2.633314e-03
5.558931e-03
6.988143e-03
8.510875e-03
1.320599e-02
1.714136e-02
1.972680e-02
2.792938e-02
3.829420e-02
3.809493e-02
3.789565e-02
4.407477e-02
4.873139e-02
6.821849e-02
7.622502e-02
8.048873e-02
8.183400e-02
8.297742e-02
1.029835e-01
1.160935e-01
1.248617e-01
1.135134e-01
1.393328e-01
1.660766e-01
1.466281e-01
1.759879e-01
1.964487e-01
1.973197e-01
2.289969e-01
2.554233e-01
2.218841e-01
2.162226e-01
2.574395e-01
2.895271e-01
2.900291e-01
2.500833e-01
2.667779e-01
2.814558e-01
3.191546e-01
3.257219e-01
3.153340e-01
2.840022e-01
3.013375e-01
3.460913e-01
3.376376e-01
3.371069e-01
3.358686e-01
3.038754e-01
3.371085e-01
3.574153e-01
3.631004e-01
3.621479e-01
3.354866e-01
3.379610e-01
3.468992e-01
3.696490e-01
3.677880e-01
3.570250e-01
3.568592e-01
3.692175e-01
3.753955e-01
3.787368e-01
3.789529e-01
3.717686e-01
3.671450e-01
3.668114e-01
3.667743e-01
3.753462e-01
3.819640e-01
3.812791e-01
3.748542e-01
3.788069e-01
3.854470e-01
3.858475e-01
3.850723e-01
3.845545e-01
3.783353e-01
3.823285e-01
3.861500e-01
3.874690e-01
3.870415e-01
3.890325e-01
3.896140e-01
3.907602e-01
3.914182e-01
3.915888e-01
3.944620e-01
4.004124e-01
4.028739e-01
4.028823e-01
4.039431e-01
