1.612481e-03
2.010986e-03
2.739692e-03
3.154714e-03
4.123156e-03
5.539736e-03
6.645387e-03
8.167476e-03
1.076965e-02
1.349044e-02
1.517818e-02
1.895347e-02
2.467364e-02
2.889819e-02
3.279917e-02
3.854930e-02
4.634057e-02
5.185567e-02
5.763338e-02
6.285266e-02
7.481481e-02
8.046141e-02
8.738432e-02
9.878095e-02
1.067260e-01
1.185207e-01
1.403180e-01
1.477634e-01
1.545092e-01
1.707570e-01
1.810891e-01
1.871155e-01
2.023297e-01
2.172018e-01
2.170285e-01
2.168552e-01
2.244047e-01
2.296365e-01
2.476259e-01
2.541660e-01
2.574129e-01
2.584427e-01
2.593621e-01
2.722830e-01
2.797716e-01
2.845086e-01
2.787539e-01
2.917564e-01
3.037846e-01
2.957161e-01
3.080689e-01
3.160030e-01
3.164731e-01
3.272062e-01
3.355225e-01
3.254528e-01
3.236567e-01
3.365822e-01
3.455544e-01
3.458654e-01
3.351221e-01
3.399000e-01
3.440747e-01
3.537886e-01
3.555490e-01
3.532712e-01
3.453901e-01
3.500500e-01
3.610213e-01
3.593473e-01
3.592491e-01
3.590202e-01
3.514692e-01
3.596343e-01
3.643330e-01
3.657116e-01
3.656381e-01
3.599862e-01
3.606454e-01
3.627733e-01
3.680418e-01
3.676821e-01
3.655592e-01
3.657945e-01
3.685516e-01
3.699189e-01
3.708053e-01
3.709879e-01
3.695996e-01
3.687639e-01
3.688484e-01
3.688578e-01
3.707875e-01
3.722777e-01
3.723258e-01
3.711233e-01
3.720668e-01
3.738425e-01
3.740511e-01
3.740359e-01
3.739919e-01
3.728021e-01
3.737828e-01
3.748136e-01
3.754523e-01
3.755248e-01
3.762316e-01
3.768176e-01
3.774734e-01
3.780572e-01
3.782210e-01
3.809887e-01
3.867363e-01
3.891135e-01
3.891214e-01
3.901434e-01
