0.000000e+00
6.325023e-25
2.243454e-06
3.409821e-06
6.131504e-06
1.263089e-05
1.971168e-05
3.294604e-05
6.535036e-05
1.116673e-04
1.500766e-04
2.570766e-04
4.890549e-04
7.181903e-04
9.831335e-04
1.450819e-03
2.271298e-03
2.992815e-03
3.868495e-03
4.779263e-03
7.278551e-03
8.691822e-03
1.061100e-02
1.432155e-02
1.724066e-02
2.225816e-02
3.336745e-02
3.784839e-02
4.208690e-02
5.349664e-02
6.158482e-02
6.664365e-02
8.036557e-02
9.519317e-02
9.506547e-02
9.493777e-02
1.031287e-01
1.087675e-01
1.305877e-01
1.389015e-01
1.430512e-01
1.443798e-01
1.456669e-01
1.636302e-01
1.746140e-01
1.817282e-01
1.730700e-01
1.930619e-01
2.125290e-01
1.991766e-01
2.196808e-01
2.332539e-01
2.341685e-01
2.537413e-01
2.694016e-01
2.501425e-01
2.468310e-01
2.711034e-01
2.888684e-01
2.893750e-01
2.676006e-01
2.771192e-01
2.852797e-01
3.053194e-01
3.089289e-01
3.038431e-01
2.875189e-01
2.968983e-01
3.200429e-01
3.161287e-01
3.159015e-01
3.153716e-01
2.991594e-01
3.163311e-01
3.265208e-01
3.294833e-01
3.291763e-01
3.164114e-01
3.177271e-01
3.222198e-01
3.337588e-01
3.329328e-01
3.279543e-01
3.280177e-01
3.341693e-01
3.372727e-01
3.390449e-01
3.393139e-01
3.360460e-01
3.340164e-01
3.339823e-01
3.339786e-01
3.382361e-01
3.415985e-01
3.414559e-01
3.386104e-01
3.406088e-01
3.442407e-01
3.445612e-01
3.443415e-01
3.442163e-01
3.414124e-01
3.434479e-01
3.454983e-01
3.465346e-01
3.464921e-01
3.477732e-01
3.484457e-01
3.494415e-01
3.501832e-01
3.503857e-01
3.539814e-01
3.614691e-01
3.651207e-01
3.651361e-01
3.668962e-01
