0.000000e+00
1.825782e-31
-3.013070e-24
3.533178e-07
1.177774e-06
2.665549e-06
4.414946e-06
7.906682e-06
1.722508e-05
3.142361e-05
4.427609e-05
8.103749e-05
1.674215e-04
2.587549e-04
3.713215e-04
5.748619e-04
9.546020e-04
1.309256e-03
1.753655e-03
2.233986e-03
3.589361e-03
4.397992e-03
5.515009e-03
7.762269e-03
9.574382e-03
1.283127e-02
2.029060e-02
2.347375e-02
2.647108e-02
3.475109e-02
4.076025e-02
4.473546e-02
5.528460e-02
6.693172e-02
6.692970e-02
6.692767e-02
7.357381e-02
7.809982e-02
9.633135e-02
1.034127e-01
1.069440e-01
1.080881e-01
1.093036e-01
1.247243e-01
1.343614e-01
1.406364e-01
1.332879e-01
1.509182e-01
1.683848e-01
1.566606e-01
1.750472e-01
1.875070e-01
1.885601e-01
2.066487e-01
2.211967e-01
2.036008e-01
2.006231e-01
2.231605e-01
2.399162e-01
2.405456e-01
2.202565e-01
2.291852e-01
2.368983e-01
2.559962e-01
2.595893e-01
2.548769e-01
2.394392e-01
2.484162e-01
2.706799e-01
2.670538e-01
2.668513e-01
2.663786e-01
2.509858e-01
2.673866e-01
2.773189e-01
2.803161e-01
2.800963e-01
2.679141e-01
2.692064e-01
2.735392e-01
2.849614e-01
2.841920e-01
2.794358e-01
2.794944e-01
2.855538e-01
2.886814e-01
2.904745e-01
2.908014e-01
2.876740e-01
2.857729e-01
2.857755e-01
2.857758e-01
2.899967e-01
2.934085e-01
2.933168e-01
2.906328e-01
2.926309e-01
2.963989e-01
2.967561e-01
2.965776e-01
2.965271e-01
2.938547e-01
2.958887e-01
2.979655e-01
2.991267e-01
2.991334e-01
3.005230e-01
3.012504e-01
3.023906e-01
3.032379e-01
3.034662e-01
3.076947e-01
3.165683e-01
3.213795e-01
3.214026e-01
3.238468e-01
