0.000000e+00
-1.898020e-59
1.759793e-53
-1.387280e-51
5.912155e-48
-8.189189e-42
-3.276690e-36
1.167114e-31
2.241626e-26
7.006514e-07
1.138370e-06
2.691731e-06
7.560785e-06
1.403580e-05
2.342273e-05
4.362135e-05
8.970878e-05
1.405192e-04
2.126008e-04
2.996291e-04
5.880094e-04
7.841546e-04
1.082775e-03
1.761057e-03
2.369404e-03
3.590892e-03
6.871494e-03
8.445046e-03
1.001020e-02
1.469565e-02
1.842391e-02
2.099317e-02
2.833319e-02
3.714792e-02
3.712867e-02
3.710942e-02
4.241573e-02
4.614351e-02
6.208497e-02
6.855845e-02
7.187047e-02
7.294068e-02
7.405595e-02
8.924583e-02
9.911291e-02
1.056643e-01
9.785179e-02
1.166924e-01
1.360548e-01
1.227329e-01
1.435569e-01
1.580660e-01
1.592365e-01
1.812392e-01
1.993599e-01
1.771395e-01
1.733832e-01
2.015511e-01
2.232459e-01
2.239545e-01
1.975062e-01
2.088617e-01
2.187988e-01
2.441766e-01
2.489384e-01
2.424028e-01
2.216818e-01
2.334948e-01
2.635800e-01
2.584172e-01
2.580996e-01
2.573585e-01
2.363240e-01
2.584834e-01
2.721731e-01
2.762582e-01
2.758409e-01
2.586324e-01
2.603522e-01
2.662837e-01
2.819921e-01
2.808609e-01
2.740013e-01
2.739260e-01
2.823323e-01
2.866857e-01
2.890878e-01
2.894241e-01
2.848579e-01
2.820346e-01
2.819118e-01
2.818982e-01
2.877772e-01
2.924775e-01
2.921811e-01
2.882283e-01
2.909530e-01
2.959559e-01
2.963624e-01
2.959759e-01
2.958150e-01
2.918950e-01
2.946754e-01
2.974461e-01
2.987890e-01
2.986729e-01
3.003732e-01
3.010952e-01
3.023724e-01
3.032379e-01
3.034662e-01
3.076947e-01
3.165683e-01
3.213795e-01
3.214026e-01
3.238468e-01
