0.000000e+00
2.694821e-36
-1.263411e-31
1.163570e-28
1.113140e-24
1.022171e-06
1.769459e-06
3.342531e-06
7.785133e-06
1.502412e-05
2.160297e-05
4.198775e-05
9.284796e-05
1.491409e-04
2.194696e-04
3.548241e-04
6.167252e-04
8.661190e-04
1.188235e-03
1.541440e-03
2.590265e-03
3.222116e-03
4.123191e-03
5.966246e-03
7.498347e-03
1.027122e-02
1.690977e-02
1.974147e-02
2.249737e-02
3.021435e-02
3.593370e-02
3.957814e-02
4.984125e-02
6.139482e-02
6.127969e-02
6.116456e-02
6.770924e-02
7.229519e-02
9.052907e-02
9.761674e-02
1.012104e-01
1.023586e-01
1.034511e-01
1.193657e-01
1.292906e-01
1.357749e-01
1.277796e-01
1.462278e-01
1.645073e-01
1.517929e-01
1.712570e-01
1.843224e-01
1.851457e-01
2.043768e-01
2.198950e-01
2.006486e-01
1.973371e-01
2.215109e-01
2.395204e-01
2.399828e-01
2.178197e-01
2.273814e-01
2.356412e-01
2.562027e-01
2.598850e-01
2.545639e-01
2.376986e-01
2.472798e-01
2.712142e-01
2.670441e-01
2.667950e-01
2.662138e-01
2.493599e-01
2.671045e-01
2.777471e-01
2.808126e-01
2.804450e-01
2.669442e-01
2.682892e-01
2.729715e-01
2.849857e-01
2.840914e-01
2.787718e-01
2.787859e-01
2.852274e-01
2.884704e-01
2.902943e-01
2.905255e-01
2.870138e-01
2.848121e-01
2.847329e-01
2.847241e-01
2.891881e-01
2.926842e-01
2.924748e-01
2.893982e-01
2.914750e-01
2.951868e-01
2.954896e-01
2.952078e-01
2.950373e-01
2.920166e-01
2.941290e-01
2.962245e-01
2.971906e-01
2.970926e-01
2.983305e-01
2.989237e-01
2.998327e-01
3.004812e-01
3.006574e-01
3.037304e-01
3.101404e-01
3.132840e-01
3.132969e-01
3.147993e-01
