0.000000e+00
-2.972680e-25
1.038507e-06
1.628647e-06
3.005720e-06
6.452947e-06
1.032865e-05
1.778426e-05
3.667965e-05
6.458172e-05
8.821495e-05
1.558579e-04
3.075860e-04
4.616893e-04
6.431207e-04
9.705173e-04
1.558576e-03
2.085567e-03
2.735134e-03
3.419269e-03
5.333962e-03
6.433180e-03
7.944256e-03
1.090430e-02
1.326597e-02
1.737357e-02
2.664844e-02
3.043679e-02
3.404844e-02
4.386754e-02
5.090388e-02
5.532613e-02
6.742334e-02
8.062570e-02
8.050859e-02
8.039148e-02
8.772848e-02
9.281998e-02
1.125732e-01
1.201370e-01
1.239294e-01
1.251435e-01
1.263182e-01
1.428277e-01
1.529748e-01
1.595607e-01
1.515037e-01
1.700761e-01
1.882305e-01
1.757243e-01
1.949026e-01
2.076428e-01
2.084739e-01
2.269300e-01
2.416907e-01
2.234813e-01
2.203446e-01
2.433135e-01
2.602007e-01
2.606685e-01
2.399403e-01
2.489660e-01
2.567243e-01
2.758242e-01
2.792530e-01
2.743903e-01
2.587819e-01
2.677164e-01
2.898141e-01
2.860403e-01
2.858217e-01
2.853116e-01
2.698163e-01
2.861974e-01
2.959539e-01
2.987792e-01
2.984728e-01
2.862118e-01
2.874605e-01
2.917611e-01
3.027874e-01
3.019872e-01
2.971931e-01
2.972459e-01
3.031364e-01
3.061013e-01
3.077908e-01
3.080346e-01
3.048832e-01
3.029176e-01
3.028771e-01
3.028726e-01
3.069495e-01
3.101553e-01
3.100066e-01
3.072552e-01
3.091655e-01
3.126178e-01
3.129177e-01
3.126950e-01
3.125638e-01
3.098560e-01
3.118001e-01
3.137488e-01
3.147061e-01
3.146523e-01
3.158446e-01
3.164682e-01
3.173851e-01
3.180633e-01
3.182487e-01
3.215068e-01
3.282988e-01
3.316227e-01
3.316365e-01
3.332301e-01
