0.000000e+00
1.716427e-76
5.865817e-69
-1.460500e-67
-6.119892e-63
2.912365e-58
4.482885e-52
7.056094e-47
-4.329452e-41
-1.093680e-34
7.809719e-29
-5.399939e-23
1.512401e-05
2.738115e-05
4.484266e-05
8.134224e-05
1.624857e-04
2.502631e-04
3.724805e-04
5.181931e-04
9.890347e-04
1.304773e-03
1.777892e-03
2.836595e-03
3.772527e-03
5.628201e-03
1.049356e-02
1.280089e-02
1.506884e-02
2.179337e-02
2.707524e-02
3.072196e-02
4.096261e-02
5.310175e-02
5.310342e-02
5.310508e-02
6.039438e-02
6.545118e-02
8.707625e-02
9.580520e-02
1.002376e-01
1.016743e-01
1.032070e-01
1.234255e-01
1.365042e-01
1.451578e-01
1.349415e-01
1.597278e-01
1.850973e-01
1.677884e-01
1.949389e-01
2.137927e-01
2.154033e-01
2.438365e-01
2.671656e-01
2.386799e-01
2.338480e-01
2.701051e-01
2.978894e-01
2.988476e-01
2.650327e-01
2.796051e-01
2.923273e-01
3.247406e-01
3.308652e-01
3.225976e-01
2.961783e-01
3.112902e-01
3.496317e-01
3.431343e-01
3.427335e-01
3.417983e-01
3.150438e-01
3.432359e-01
3.606698e-01
3.659062e-01
3.654055e-01
3.435936e-01
3.457843e-01
3.533163e-01
3.733570e-01
3.719401e-01
3.632551e-01
3.631345e-01
3.738242e-01
3.793995e-01
3.824574e-01
3.829027e-01
3.771366e-01
3.735825e-01
3.734207e-01
3.734028e-01
3.808827e-01
3.869011e-01
3.865232e-01
3.815509e-01
3.850115e-01
3.914099e-01
3.919312e-01
3.914418e-01
3.912695e-01
3.863279e-01
3.898644e-01
3.934003e-01
3.951700e-01
3.950376e-01
3.972633e-01
3.981675e-01
3.998547e-01
4.009851e-01
4.012813e-01
4.068964e-01
4.186548e-01
4.249853e-01
4.250168e-01
4.282623e-01
