0.000000e+00
-1.797341e-26
6.474767e-07
1.035433e-06
1.940718e-06
4.273247e-06
6.946792e-06
1.218186e-05
2.573526e-05
4.615309e-05
6.367542e-05
1.146657e-04
2.314776e-04
3.521705e-04
4.958764e-04
7.587183e-04
1.237748e-03
1.672171e-03
2.212694e-03
2.786513e-03
4.411987e-03
5.353612e-03
6.658583e-03
9.235406e-03
1.130906e-02
1.494337e-02
2.324744e-02
2.666771e-02
2.994363e-02
3.889970e-02
4.536206e-02
4.942947e-02
6.063837e-02
7.294873e-02
7.283334e-02
7.271796e-02
7.958192e-02
8.434916e-02
1.029654e-01
1.101121e-01
1.137074e-01
1.148569e-01
1.159573e-01
1.316520e-01
1.413264e-01
1.476116e-01
1.399013e-01
1.576635e-01
1.750717e-01
1.630490e-01
1.814721e-01
1.937360e-01
1.945235e-01
2.123455e-01
2.266261e-01
2.089842e-01
2.059466e-01
2.281720e-01
2.445568e-01
2.450017e-01
2.248757e-01
2.336210e-01
2.411463e-01
2.597105e-01
2.630382e-01
2.582934e-01
2.431081e-01
2.517844e-01
2.732880e-01
2.695978e-01
2.693827e-01
2.688806e-01
2.537853e-01
2.697290e-01
2.792354e-01
2.819821e-01
2.816762e-01
2.697027e-01
2.709161e-01
2.751062e-01
2.858417e-01
2.850569e-01
2.803692e-01
2.804155e-01
2.861571e-01
2.890433e-01
2.906867e-01
2.909169e-01
2.878313e-01
2.859046e-01
2.858599e-01
2.858549e-01
2.898291e-01
2.929472e-01
2.927938e-01
2.900983e-01
2.919582e-01
2.953090e-01
2.955974e-01
2.953742e-01
2.952393e-01
2.925872e-01
2.944799e-01
2.963708e-01
2.972845e-01
2.972247e-01
2.983685e-01
2.989646e-01
2.998377e-01
3.004812e-01
3.006574e-01
3.037304e-01
3.101404e-01
3.132840e-01
3.132969e-01
3.147993e-01
