0.000000e+00
-1.009352e-76
-1.513430e-69
-8.943389e-68
6.878352e-64
1.602427e-59
-1.189237e-52
8.991180e-48
-1.096936e-41
7.217537e-36
1.276969e-29
5.896893e-24
2.979216e-06
5.861939e-06
1.026497e-05
2.026678e-05
4.460358e-05
7.287229e-05
1.146108e-04
1.668151e-04
3.487599e-04
4.777897e-04
6.802824e-04
1.157695e-03
1.601818e-03
2.525280e-03
5.132407e-03
6.431013e-03
7.743517e-03
1.177618e-02
1.507735e-02
1.738786e-02
2.413172e-02
3.244033e-02
3.242043e-02
3.240053e-02
3.749992e-02
4.110892e-02
5.686551e-02
6.335330e-02
6.669790e-02
6.777911e-02
6.890950e-02
8.448064e-02
9.472881e-02
1.015765e-01
9.339679e-02
1.132179e-01
1.338342e-01
1.195742e-01
1.418814e-01
1.575734e-01
1.588444e-01
1.829591e-01
2.029689e-01
1.783741e-01
1.742253e-01
2.053452e-01
2.295867e-01
2.303599e-01
2.007827e-01
2.134063e-01
2.244958e-01
2.530893e-01
2.584566e-01
2.510328e-01
2.276436e-01
2.409151e-01
2.749923e-01
2.690867e-01
2.686968e-01
2.677872e-01
2.439750e-01
2.691328e-01
2.846689e-01
2.893251e-01
2.888244e-01
2.691149e-01
2.710606e-01
2.778057e-01
2.957252e-01
2.944184e-01
2.865164e-01
2.863886e-01
2.959959e-01
3.009870e-01
3.037158e-01
3.040729e-01
2.987950e-01
2.955241e-01
2.953495e-01
2.953301e-01
3.020627e-01
3.074411e-01
3.070575e-01
3.024813e-01
3.055886e-01
3.112627e-01
3.117070e-01
3.112287e-01
3.110259e-01
3.064897e-01
3.096622e-01
3.128071e-01
3.142862e-01
3.141221e-01
3.160225e-01
3.167700e-01
3.181647e-01
3.190804e-01
3.193195e-01
3.237740e-01
3.331181e-01
3.381776e-01
3.382021e-01
3.407775e-01
