0.000000e+00
2.472190e-60
3.109716e-55
-3.998380e-52
-1.272236e-48
-3.345600e-42
-1.954627e-36
2.045338e-31
-1.012266e-25
1.347334e-07
2.303298e-07
5.998112e-07
1.892054e-06
3.765444e-06
6.646495e-06
1.329532e-05
2.968242e-05
4.888021e-05
7.750257e-05
1.135186e-04
2.408508e-04
3.317272e-04
4.756727e-04
8.173413e-04
1.138358e-03
1.808955e-03
3.729097e-03
4.690189e-03
5.669163e-03
8.691743e-03
1.118469e-02
1.292394e-02
1.805993e-02
2.443451e-02
2.440943e-02
2.438436e-02
2.829440e-02
3.108963e-02
4.326864e-02
4.829935e-02
5.090639e-02
5.174709e-02
5.260956e-02
6.478161e-02
7.280850e-02
7.818449e-02
7.171173e-02
8.731393e-02
1.035729e-01
9.226341e-02
1.099079e-01
1.223449e-01
1.233026e-01
1.424699e-01
1.584138e-01
1.387604e-01
1.354534e-01
1.602510e-01
1.796184e-01
1.802089e-01
1.565456e-01
1.666218e-01
1.754888e-01
1.983548e-01
2.026322e-01
1.966489e-01
1.779216e-01
1.885304e-01
2.158199e-01
2.110457e-01
2.107487e-01
2.100556e-01
1.909139e-01
2.110270e-01
2.235269e-01
2.272358e-01
2.268208e-01
2.109899e-01
2.125491e-01
2.179656e-01
2.322926e-01
2.312339e-01
2.248883e-01
2.248049e-01
2.325044e-01
2.364787e-01
2.386665e-01
2.389465e-01
2.347009e-01
2.320628e-01
2.319319e-01
2.319174e-01
2.373082e-01
2.415929e-01
2.412899e-01
2.376007e-01
2.400930e-01
2.446256e-01
2.449827e-01
2.446024e-01
2.444222e-01
2.407688e-01
2.433129e-01
2.458277e-01
2.469836e-01
2.468477e-01
2.483371e-01
2.489553e-01
2.500452e-01
2.507703e-01
2.509617e-01
2.544397e-01
2.617477e-01
2.657309e-01
2.657494e-01
2.677577e-01
