0.000000e+00
7.600691e-84
1.121690e-77
2.680991e-75
-5.872042e-72
-5.596265e-66
3.079906e-60
1.707795e-55
2.116496e-49
1.972328e-43
-1.283860e-37
-1.319262e-31
-7.982010e-26
3.511408e-08
7.695309e-08
2.021726e-07
6.218244e-07
1.249761e-06
2.387464e-06
4.080510e-06
1.181156e-05
1.854045e-05
3.096425e-05
6.674469e-05
1.064765e-04
2.054733e-04
5.718007e-04
7.916102e-04
1.034625e-03
1.889605e-03
2.702412e-03
3.310443e-03
5.323168e-03
8.178610e-03
8.159067e-03
8.139524e-03
1.004531e-02
1.148464e-02
1.835755e-02
2.141003e-02
2.306169e-02
2.359319e-02
2.412950e-02
3.241523e-02
3.823798e-02
4.227819e-02
3.734384e-02
4.945880e-02
6.284903e-02
5.326453e-02
6.829082e-02
7.939962e-02
8.022355e-02
9.850148e-02
1.143126e-01
9.461313e-02
9.137242e-02
1.159799e-01
1.363245e-01
1.368715e-01
1.119545e-01
1.222857e-01
1.315777e-01
1.565451e-01
1.612734e-01
1.544343e-01
1.338445e-01
1.453182e-01
1.759721e-01
1.703290e-01
1.699643e-01
1.691133e-01
1.474867e-01
1.700612e-01
1.845100e-01
1.888151e-01
1.882279e-01
1.697406e-01
1.713660e-01
1.775892e-01
1.942556e-01
1.929612e-01
1.853101e-01
1.851223e-01
1.941580e-01
1.988557e-01
2.013962e-01
2.016416e-01
1.964426e-01
1.931944e-01
1.929517e-01
1.929248e-01
1.993103e-01
2.043637e-01
2.038872e-01
1.993317e-01
2.022588e-01
2.074823e-01
2.078442e-01
2.072946e-01
2.070099e-01
2.025028e-01
2.054971e-01
2.084119e-01
2.095850e-01
2.093299e-01
2.109359e-01
2.114699e-01
2.125391e-01
2.131785e-01
2.133430e-01
2.162791e-01
2.224564e-01
2.258377e-01
2.258531e-01
2.275424e-01
