0.000000e+00
1.182835e-78
-6.006904e-72
-5.081085e-70
-2.699607e-66
5.694302e-61
-1.289767e-54
3.524708e-50
-3.678408e-44
-6.001450e-38
1.266299e-32
4.922492e-27
1.607730e-08
3.879404e-08
7.982634e-08
2.029756e-07
6.018500e-07
1.174884e-06
2.210543e-06
3.720811e-06
1.076538e-05
1.673727e-05
2.799325e-05
5.990163e-05
9.597601e-05
1.839955e-04
5.183209e-04
7.135610e-04
9.376335e-04
1.721904e-03
2.476400e-03
3.009533e-03
4.885764e-03
7.587686e-03
7.529799e-03
7.471911e-03
9.219817e-03
1.060771e-02
1.696733e-02
1.977101e-02
2.132800e-02
2.181903e-02
2.223446e-02
3.004730e-02
3.550261e-02
3.928360e-02
3.437167e-02
4.582650e-02
5.840348e-02
4.905913e-02
6.327738e-02
7.373602e-02
7.417257e-02
9.134712e-02
1.062480e-01
8.724854e-02
8.413319e-02
1.073198e-01
1.264324e-01
1.267019e-01
1.029675e-01
1.126685e-01
1.213980e-01
1.446877e-01
1.488276e-01
1.421869e-01
1.227949e-01
1.334013e-01
1.618088e-01
1.562560e-01
1.559021e-01
1.550763e-01
1.347666e-01
1.558047e-01
1.690711e-01
1.728058e-01
1.721363e-01
1.545855e-01
1.561817e-01
1.619769e-01
1.769240e-01
1.756554e-01
1.684535e-01
1.683186e-01
1.765139e-01
1.806229e-01
1.828531e-01
1.829609e-01
1.780700e-01
1.749321e-01
1.746874e-01
1.746602e-01
1.803860e-01
1.847886e-01
1.842870e-01
1.799054e-01
1.825438e-01
1.869467e-01
1.872015e-01
1.866459e-01
1.862549e-01
1.820069e-01
1.846739e-01
1.871997e-01
1.879714e-01
1.876446e-01
1.888655e-01
1.892117e-01
1.898659e-01
1.902157e-01
1.903060e-01
1.916423e-01
1.944471e-01
1.956515e-01
1.956539e-01
1.961287e-01
