0.000000e+00
5.074512e-09
1.229416e-08
2.037192e-08
3.922112e-08
9.349129e-08
1.620824e-07
3.116756e-07
7.619765e-07
1.535993e-06
2.299092e-06
4.765450e-06
1.157864e-05
1.980837e-05
3.090768e-05
5.346898e-05
1.011728e-04
1.504293e-04
2.174147e-04
2.949921e-04
5.403423e-04
6.988565e-04
9.340982e-04
1.444582e-03
1.890248e-03
2.746603e-03
4.948080e-03
5.955454e-03
6.952948e-03
9.856106e-03
1.210906e-02
1.361271e-02
1.789667e-02
2.292621e-02
2.289547e-02
2.286473e-02
2.581502e-02
2.790316e-02
3.653827e-02
3.999436e-02
4.176358e-02
4.233199e-02
4.289824e-02
5.089350e-02
5.601205e-02
5.939435e-02
5.529802e-02
6.499165e-02
7.482100e-02
6.802151e-02
7.856985e-02
8.583849e-02
8.635482e-02
9.723997e-02
1.061550e-01
9.518985e-02
9.333654e-02
1.071812e-01
1.177255e-01
1.180476e-01
1.051617e-01
1.107154e-01
1.155595e-01
1.277710e-01
1.300245e-01
1.268819e-01
1.169033e-01
1.225972e-01
1.369846e-01
1.345146e-01
1.343688e-01
1.340286e-01
1.239582e-01
1.345968e-01
1.410805e-01
1.429872e-01
1.427896e-01
1.346466e-01
1.354715e-01
1.383086e-01
1.456978e-01
1.451569e-01
1.419453e-01
1.419647e-01
1.459350e-01
1.479451e-01
1.490978e-01
1.492640e-01
1.471219e-01
1.457975e-01
1.457716e-01
1.457688e-01
1.485348e-01
1.507076e-01
1.506052e-01
1.487475e-01
1.500420e-01
1.524143e-01
1.526247e-01
1.524711e-01
1.523809e-01
1.505393e-01
1.518584e-01
1.531724e-01
1.537991e-01
1.537592e-01
1.545356e-01
1.549652e-01
1.555727e-01
1.560225e-01
1.561457e-01
1.582512e-01
1.626895e-01
1.651371e-01
1.651474e-01
1.663458e-01
