0.000000e+00
-1.870559e-32
-4.643551e-26
4.571035e-09
1.523740e-08
4.047535e-08
7.476535e-08
1.547241e-07
4.134002e-07
8.934507e-07
1.373737e-06
3.051668e-06
7.991679e-06
1.425222e-05
2.284165e-05
4.129290e-05
8.174375e-05
1.243317e-04
1.839721e-04
2.539772e-04
4.851093e-04
6.361673e-04
8.663535e-04
1.373663e-03
1.827915e-03
2.708070e-03
5.054280e-03
6.131323e-03
7.224045e-03
1.044283e-02
1.298084e-02
1.463433e-02
1.955021e-02
2.541340e-02
2.533697e-02
2.526054e-02
2.868439e-02
3.115876e-02
4.131312e-02
4.537962e-02
4.748781e-02
4.815863e-02
4.877491e-02
5.839597e-02
6.455483e-02
6.863391e-02
6.351966e-02
7.531194e-02
8.727933e-02
7.879899e-02
9.174067e-02
1.006106e-01
1.011068e-01
1.145172e-01
1.255310e-01
1.117523e-01
1.094027e-01
1.265626e-01
1.396616e-01
1.399521e-01
1.237721e-01
1.306499e-01
1.366493e-01
1.518411e-01
1.545474e-01
1.505076e-01
1.379758e-01
1.450125e-01
1.628926e-01
1.596746e-01
1.594770e-01
1.590158e-01
1.463497e-01
1.596167e-01
1.676590e-01
1.699503e-01
1.696330e-01
1.592956e-01
1.602966e-01
1.638324e-01
1.728802e-01
1.721745e-01
1.680654e-01
1.680561e-01
1.729480e-01
1.753894e-01
1.767608e-01
1.769026e-01
1.741600e-01
1.724293e-01
1.723485e-01
1.723395e-01
1.757336e-01
1.783525e-01
1.781582e-01
1.757449e-01
1.773153e-01
1.800724e-01
1.802855e-01
1.800410e-01
1.798724e-01
1.775067e-01
1.791033e-01
1.806598e-01
1.812932e-01
1.811838e-01
1.820240e-01
1.824336e-01
1.830201e-01
1.834301e-01
1.835425e-01
1.853659e-01
1.891889e-01
1.910982e-01
1.911048e-01
1.919820e-01
