1.323597e-07
2.140877e-07
4.181321e-07
6.119225e-07
1.064127e-06
2.133660e-06
3.305206e-06
5.535395e-06
1.116193e-05
1.949955e-05
2.655245e-05
4.711786e-05
9.423329e-05
1.430364e-04
2.010421e-04
3.085097e-04
5.057526e-04
6.853684e-04
9.107684e-04
1.151036e-03
1.842138e-03
2.243738e-03
2.807318e-03
3.924338e-03
4.835220e-03
6.436205e-03
1.016042e-02
1.169815e-02
1.319389e-02
1.729294e-02
2.028291e-02
2.215050e-02
2.739194e-02
3.320898e-02
3.313671e-02
3.306444e-02
3.629802e-02
3.858211e-02
4.744940e-02
5.086836e-02
5.260363e-02
5.315565e-02
5.366162e-02
6.126387e-02
6.596032e-02
6.901608e-02
6.520775e-02
7.388985e-02
8.241081e-02
7.646330e-02
8.552851e-02
9.157494e-02
9.190923e-02
1.007245e-01
1.078169e-01
9.901109e-02
9.749720e-02
1.085247e-01
1.166815e-01
1.168849e-01
1.068326e-01
1.111779e-01
1.149255e-01
1.241688e-01
1.258077e-01
1.234204e-01
1.158287e-01
1.201396e-01
1.308519e-01
1.289910e-01
1.288819e-01
1.286275e-01
1.210766e-01
1.290401e-01
1.337699e-01
1.351149e-01
1.349517e-01
1.289600e-01
1.295618e-01
1.316564e-01
1.369547e-01
1.365502e-01
1.342166e-01
1.342577e-01
1.371185e-01
1.385195e-01
1.393452e-01
1.394508e-01
1.378956e-01
1.369242e-01
1.369135e-01
1.369123e-01
1.388855e-01
1.403869e-01
1.403183e-01
1.389615e-01
1.398839e-01
1.415358e-01
1.416872e-01
1.415799e-01
1.414872e-01
1.401496e-01
1.410902e-01
1.420184e-01
1.424294e-01
1.423977e-01
1.429031e-01
1.432482e-01
1.436471e-01
1.439644e-01
1.440547e-01
1.454496e-01
1.483825e-01
1.498598e-01
1.498642e-01
1.505228e-01
