6.808230e-09
1.094163e-08
2.095967e-08
2.993411e-08
5.087571e-08
9.715124e-08
1.452542e-07
2.335873e-07
4.487795e-07
7.560091e-07
1.016534e-06
1.776143e-06
3.604275e-06
5.618000e-06
8.186898e-06
1.337371e-05
2.429056e-05
3.551925e-05
5.120411e-05
6.964207e-05
1.324259e-04
1.740731e-04
2.395221e-04
3.883259e-04
5.270121e-04
8.039383e-04
1.597425e-03
1.974398e-03
2.373006e-03
3.585423e-03
4.585485e-03
5.233858e-03
7.281011e-03
9.837382e-03
9.787005e-03
9.736628e-03
1.124651e-02
1.237745e-02
1.708581e-02
1.900570e-02
2.002448e-02
2.034534e-02
2.061326e-02
2.538156e-02
2.848598e-02
3.055760e-02
2.786524e-02
3.396031e-02
4.023787e-02
3.566185e-02
4.255400e-02
4.732800e-02
4.751237e-02
5.488682e-02
6.102774e-02
5.322437e-02
5.189379e-02
6.146381e-02
6.889259e-02
6.900524e-02
5.974499e-02
6.360454e-02
6.699539e-02
7.568655e-02
7.719477e-02
7.479885e-02
6.755531e-02
7.154471e-02
8.182210e-02
7.988767e-02
7.976333e-02
7.947318e-02
7.210376e-02
7.975250e-02
8.439329e-02
8.567220e-02
8.545037e-02
7.935160e-02
7.991438e-02
8.196171e-02
8.710466e-02
8.666851e-02
8.423554e-02
8.421982e-02
8.704025e-02
8.840547e-02
8.918109e-02
8.922541e-02
8.757805e-02
8.652390e-02
8.646216e-02
8.645531e-02
8.840294e-02
8.984168e-02
8.970005e-02
8.824281e-02
8.913083e-02
9.063423e-02
9.074246e-02
9.057608e-02
9.043060e-02
8.900668e-02
8.991368e-02
9.076812e-02
9.102734e-02
9.093522e-02
9.130586e-02
9.152641e-02
9.175954e-02
9.192523e-02
9.197342e-02
9.253402e-02
9.373105e-02
9.426212e-02
9.426162e-02
9.442303e-02
