2.386099e-03
2.937856e-03
3.905963e-03
4.439720e-03
5.685229e-03
7.455372e-03
8.825170e-03
1.068510e-02
1.383349e-02
1.697101e-02
1.907569e-02
2.331419e-02
2.967633e-02
3.433104e-02
3.879652e-02
4.487916e-02
5.317037e-02
5.918309e-02
6.530884e-02
7.090579e-02
8.307432e-02
8.903954e-02
9.604846e-02
1.077779e-01
1.156867e-01
1.278043e-01
1.492633e-01
1.570226e-01
1.635596e-01
1.794475e-01
1.895141e-01
1.959641e-01
2.105501e-01
2.243197e-01
2.246500e-01
2.249802e-01
2.324709e-01
2.373601e-01
2.550480e-01
2.616289e-01
2.647731e-01
2.658122e-01
2.670795e-01
2.793798e-01
2.866888e-01
2.913900e-01
2.865795e-01
2.989494e-01
3.106032e-01
3.036044e-01
3.153036e-01
3.231631e-01
3.241387e-01
3.344946e-01
3.425585e-01
3.336499e-01
3.323105e-01
3.444696e-01
3.530791e-01
3.537074e-01
3.439302e-01
3.487334e-01
3.528328e-01
3.621960e-01
3.641656e-01
3.623149e-01
3.552747e-01
3.598733e-01
3.706415e-01
3.693528e-01
3.693473e-01
3.693346e-01
3.625411e-01
3.703777e-01
3.750600e-01
3.766624e-01
3.768010e-01
3.719685e-01
3.727078e-01
3.747758e-01
3.804768e-01
3.802402e-01
3.785138e-01
3.788545e-01
3.817635e-01
3.833128e-01
3.843834e-01
3.847918e-01
3.837120e-01
3.831721e-01
3.834338e-01
3.834629e-01
3.854991e-01
3.873236e-01
3.876189e-01
3.867467e-01
3.878476e-01
3.902401e-01
3.905922e-01
3.907800e-01
3.909541e-01
3.900463e-01
3.911588e-01
3.924588e-01
3.936246e-01
3.938846e-01
3.951043e-01
3.960298e-01
3.972593e-01
3.983233e-01
3.986178e-01
4.041953e-01
4.158765e-01
4.221667e-01
4.221979e-01
4.254216e-01
