1.275788e-03
1.618126e-03
2.244089e-03
2.608790e-03
3.459808e-03
4.723726e-03
5.726128e-03
7.130554e-03
9.573859e-03
1.211161e-02
1.378145e-02
1.738244e-02
2.294348e-02
2.709799e-02
3.106803e-02
3.675997e-02
4.463043e-02
5.032607e-02
5.627671e-02
6.171705e-02
7.404347e-02
8.002516e-02
8.724083e-02
9.938752e-02
1.077498e-01
1.204671e-01
1.437611e-01
1.519997e-01
1.592101e-01
1.768898e-01
1.881443e-01
1.949933e-01
2.116208e-01
2.278702e-01
2.278402e-01
2.278103e-01
2.363005e-01
2.419385e-01
2.621960e-01
2.696133e-01
2.732020e-01
2.743645e-01
2.755978e-01
2.900245e-01
2.984903e-01
3.039108e-01
2.977624e-01
3.123566e-01
3.260000e-01
3.172089e-01
3.311320e-01
3.402157e-01
3.410032e-01
3.532556e-01
3.627712e-01
3.516159e-01
3.497786e-01
3.643693e-01
3.746455e-01
3.751388e-01
3.629458e-01
3.686141e-01
3.734235e-01
3.846240e-01
3.867634e-01
3.842453e-01
3.754424e-01
3.808229e-01
3.935779e-01
3.917358e-01
3.916721e-01
3.915236e-01
3.830055e-01
3.924099e-01
3.979093e-01
3.996229e-01
3.996144e-01
3.933188e-01
3.941093e-01
3.965550e-01
4.029549e-01
4.025880e-01
4.002518e-01
4.004989e-01
4.038393e-01
4.055392e-01
4.066392e-01
4.069475e-01
4.054454e-01
4.045868e-01
4.047411e-01
4.047583e-01
4.070681e-01
4.089790e-01
4.091264e-01
4.078513e-01
4.090192e-01
4.113500e-01
4.116433e-01
4.117027e-01
4.117488e-01
4.104676e-01
4.116627e-01
4.129777e-01
4.139412e-01
4.140894e-01
4.151341e-01
4.159120e-01
4.169037e-01
4.177524e-01
4.179899e-01
4.222902e-01
4.312316e-01
4.355636e-01
4.355825e-01
4.376895e-01
