3.383814e-07
4.820301e-07
7.852452e-07
1.013885e-06
1.547408e-06
2.566179e-06
3.539609e-06
5.209579e-06
8.969158e-06
1.395314e-05
1.800955e-05
2.904059e-05
5.310765e-05
7.722348e-05
1.056779e-04
1.575924e-04
2.530284e-04
3.401666e-04
4.499271e-04
5.675757e-04
9.110042e-04
1.112542e-03
1.398458e-03
1.973614e-03
2.449126e-03
3.295397e-03
5.314957e-03
6.160277e-03
6.993930e-03
9.308101e-03
1.102277e-02
1.209271e-02
1.516017e-02
1.861993e-02
1.857029e-02
1.852065e-02
2.045516e-02
2.183345e-02
2.723503e-02
2.933058e-02
3.040136e-02
3.074087e-02
3.104303e-02
3.578646e-02
3.873369e-02
4.065756e-02
3.823115e-02
4.373261e-02
4.916076e-02
4.533271e-02
5.114337e-02
5.503062e-02
5.522359e-02
6.094361e-02
6.556850e-02
5.979559e-02
5.879775e-02
6.599203e-02
7.134748e-02
7.146996e-02
6.484856e-02
6.768882e-02
7.014494e-02
7.623519e-02
7.730838e-02
7.571660e-02
7.069182e-02
7.352301e-02
8.059449e-02
7.935058e-02
7.927561e-02
7.910065e-02
7.409094e-02
7.935851e-02
8.248647e-02
8.336417e-02
8.324830e-02
7.925626e-02
7.965072e-02
8.103801e-02
8.451849e-02
8.424184e-02
8.268972e-02
8.272023e-02
8.461525e-02
8.552579e-02
8.607436e-02
8.613583e-02
8.508893e-02
8.443446e-02
8.442712e-02
8.442631e-02
8.573180e-02
8.669764e-02
8.665012e-02
8.573869e-02
8.634355e-02
8.742338e-02
8.752544e-02
8.745203e-02
8.737373e-02
8.647147e-02
8.709274e-02
8.769557e-02
8.793622e-02
8.790930e-02
8.819908e-02
8.844707e-02
8.868231e-02
8.888082e-02
8.893958e-02
8.973274e-02
9.140955e-02
9.226652e-02
9.226797e-02
9.261400e-02
