0.000000e+00
-2.480245e-56
-3.378542e-50
-3.071007e-48
-1.381593e-44
1.136464e-38
-8.486129e-34
1.723661e-28
1.676317e-09
3.715185e-09
5.837839e-09
1.277849e-08
3.353533e-08
6.020593e-08
9.945447e-08
1.817244e-07
3.765456e-07
6.019091e-07
9.353760e-07
1.362489e-06
2.958994e-06
4.190194e-06
6.280830e-06
1.202318e-05
1.815205e-05
3.336873e-05
9.210694e-05
1.289447e-04
1.710969e-04
3.290761e-04
4.901700e-04
6.129344e-04
1.056166e-03
1.742177e-03
1.733182e-03
1.724187e-03
2.203388e-03
2.582371e-03
4.497948e-03
5.388833e-03
5.889385e-03
6.049267e-03
6.201050e-03
8.849946e-03
1.079640e-02
1.218464e-02
1.044420e-02
1.472141e-02
1.965180e-02
1.601163e-02
2.168749e-02
2.606222e-02
2.633480e-02
3.387510e-02
4.061075e-02
3.212022e-02
3.075203e-02
4.122365e-02
5.027083e-02
5.046621e-02
3.935288e-02
4.386030e-02
4.799204e-02
5.939687e-02
6.154836e-02
5.830253e-02
4.885086e-02
5.404088e-02
6.832597e-02
6.558374e-02
6.540582e-02
6.499065e-02
5.486970e-02
6.540272e-02
7.227200e-02
7.428082e-02
7.397291e-02
6.500702e-02
6.583837e-02
6.880027e-02
7.669502e-02
7.604372e-02
7.233135e-02
7.225710e-02
7.659657e-02
7.881741e-02
8.004101e-02
8.013433e-02
7.756995e-02
7.596135e-02
7.584541e-02
7.583253e-02
7.890610e-02
8.129632e-02
8.105631e-02
7.878979e-02
8.020404e-02
8.268344e-02
8.285338e-02
8.257779e-02
8.239771e-02
8.015767e-02
8.160585e-02
8.299650e-02
8.348321e-02
8.333662e-02
8.402774e-02
8.429695e-02
8.473404e-02
8.499842e-02
8.506918e-02
8.613962e-02
8.839990e-02
8.966386e-02
8.966790e-02
9.024366e-02
