0.000000e+00
-3.338397e-73
4.427865e-67
2.054900e-65
4.548757e-61
-6.165266e-56
-2.021278e-50
2.474168e-44
-1.021670e-39
-5.537049e-33
4.221984e-27
4.645607e-09
1.407001e-08
2.776936e-08
4.982807e-08
1.024422e-07
2.476370e-07
4.394713e-07
7.595446e-07
1.212301e-06
3.191561e-06
4.888617e-06
8.026491e-06
1.728152e-05
2.781341e-05
5.503630e-05
1.637054e-04
2.323615e-04
3.108110e-04
6.007132e-04
8.918574e-04
1.112965e-03
1.889713e-03
3.058414e-03
3.045378e-03
3.032341e-03
3.835514e-03
4.462335e-03
7.556543e-03
8.972311e-03
9.757611e-03
1.000907e-02
1.025288e-02
1.432157e-02
1.726082e-02
1.933559e-02
1.675768e-02
2.308369e-02
3.025708e-02
2.502083e-02
3.319447e-02
3.940266e-02
3.981328e-02
5.030839e-02
5.956801e-02
4.794435e-02
4.605818e-02
6.045920e-02
7.268792e-02
7.297350e-02
5.796722e-02
6.410615e-02
6.969313e-02
8.494461e-02
8.782047e-02
8.354075e-02
7.092744e-02
7.789146e-02
9.684476e-02
9.325972e-02
9.302811e-02
9.248766e-02
7.908303e-02
9.304945e-02
1.020951e-01
1.047512e-01
1.043624e-01
9.261055e-02
9.370905e-02
9.760830e-02
1.080073e-01
1.071664e-01
1.023186e-01
1.022157e-01
1.079052e-01
1.108313e-01
1.124319e-01
1.125655e-01
1.092373e-01
1.071512e-01
1.070013e-01
1.069847e-01
1.110078e-01
1.141587e-01
1.138494e-01
1.109156e-01
1.127663e-01
1.160271e-01
1.162509e-01
1.158952e-01
1.156805e-01
1.127827e-01
1.146747e-01
1.165015e-01
1.171763e-01
1.169958e-01
1.179426e-01
1.182850e-01
1.188949e-01
1.192608e-01
1.193565e-01
1.209264e-01
1.242379e-01
1.260763e-01
1.260834e-01
1.269613e-01
