0.000000e+00
-2.693960e-28
1.938547e-09
3.018741e-09
5.539342e-09
1.184280e-08
1.896800e-08
3.306513e-08
7.040757e-08
1.264145e-07
1.777801e-07
3.280411e-07
7.045916e-07
1.128163e-06
1.689521e-06
2.807132e-06
5.240523e-06
7.849576e-06
1.158403e-05
1.614767e-05
3.251521e-05
4.418675e-05
6.326410e-05
1.105052e-04
1.572435e-04
2.592015e-04
5.869170e-04
7.598943e-04
9.477671e-04
1.564672e-03
2.113092e-03
2.489627e-03
3.733572e-03
5.405756e-03
5.377140e-03
5.348525e-03
6.397231e-03
7.194333e-03
1.074855e-02
1.226441e-02
1.308364e-02
1.334318e-02
1.357234e-02
1.757208e-02
2.028632e-02
2.214172e-02
1.976924e-02
2.530376e-02
3.123283e-02
2.690025e-02
3.351281e-02
3.826529e-02
3.849709e-02
4.612046e-02
5.262191e-02
4.439333e-02
4.301754e-02
5.314374e-02
6.130079e-02
6.144644e-02
5.134206e-02
5.552163e-02
5.924776e-02
6.904374e-02
7.079920e-02
6.807680e-02
5.993960e-02
6.442643e-02
7.624745e-02
7.401527e-02
7.387246e-02
7.353924e-02
6.511118e-02
7.388011e-02
7.933860e-02
8.088037e-02
8.063024e-02
7.349321e-02
7.415781e-02
7.654674e-02
8.268762e-02
8.217722e-02
7.929218e-02
7.926410e-02
8.262853e-02
8.429714e-02
8.523282e-02
8.529919e-02
8.333611e-02
8.209054e-02
8.201370e-02
8.200517e-02
8.435259e-02
8.613148e-02
8.596265e-02
8.422619e-02
8.530356e-02
8.715814e-02
8.729088e-02
8.709226e-02
8.693903e-02
8.523506e-02
8.633373e-02
8.738080e-02
8.772934e-02
8.762152e-02
8.811416e-02
8.835863e-02
8.867212e-02
8.888082e-02
8.893958e-02
8.973274e-02
9.140955e-02
9.226652e-02
9.226797e-02
9.261400e-02
