0.000000e+00
-2.827780e-62
1.125918e-55
1.084577e-54
-1.578602e-50
2.025314e-45
5.705280e-39
5.476863e-34
3.017393e-28
1.114441e-09
1.768870e-09
4.147572e-09
1.168571e-08
2.180211e-08
3.656424e-08
6.974600e-08
1.493955e-07
2.403885e-07
3.761748e-07
5.468308e-07
1.183131e-06
1.650083e-06
2.430542e-06
4.479853e-06
6.612366e-06
1.171577e-05
3.162269e-05
4.420660e-05
5.913208e-05
1.180407e-04
1.823443e-04
2.315380e-04
4.288856e-04
7.663436e-04
7.585274e-04
7.507111e-04
9.969594e-04
1.204356e-03
2.315620e-03
2.859409e-03
3.179821e-03
3.280976e-03
3.367441e-03
5.168692e-03
6.562103e-03
7.586706e-03
6.254771e-03
9.513696e-03
1.345317e-02
1.043003e-02
1.510160e-02
1.885896e-02
1.902537e-02
2.586286e-02
3.219760e-02
2.407923e-02
2.280644e-02
3.262505e-02
4.154126e-02
4.165469e-02
3.064602e-02
3.498182e-02
3.903882e-02
5.060277e-02
5.274665e-02
4.927722e-02
3.963479e-02
4.481924e-02
5.959004e-02
5.656440e-02
5.636663e-02
5.590515e-02
4.537112e-02
5.625120e-02
6.349099e-02
6.556055e-02
6.516539e-02
5.550978e-02
5.636667e-02
5.948511e-02
6.774441e-02
6.700934e-02
6.294624e-02
6.285242e-02
6.744467e-02
6.976779e-02
7.103822e-02
7.107867e-02
6.824109e-02
6.643759e-02
6.628290e-02
6.626572e-02
6.951793e-02
7.200785e-02
7.169628e-02
6.915236e-02
7.064623e-02
7.314762e-02
7.328913e-02
7.294794e-02
7.269517e-02
7.021052e-02
7.173286e-02
7.316217e-02
7.354096e-02
7.332990e-02
7.395425e-02
7.414303e-02
7.445292e-02
7.460470e-02
7.464500e-02
7.506611e-02
7.597108e-02
7.637408e-02
7.637306e-02
7.647472e-02
