0.000000e+00
2.805833e-56
9.555134e-50
-3.267455e-48
-4.160105e-44
-2.624199e-38
-2.660191e-33
-1.479903e-27
2.399986e-09
5.152963e-09
7.942734e-09
1.676326e-08
4.204497e-08
7.336467e-08
1.183163e-07
2.090971e-07
4.149209e-07
6.436036e-07
9.683719e-07
1.369151e-06
2.763667e-06
3.779857e-06
5.410787e-06
9.648396e-06
1.390887e-05
2.402332e-05
6.100115e-05
8.376017e-05
1.095923e-04
2.071116e-04
3.073074e-04
3.840671e-04
6.669700e-04
1.116342e-03
1.110055e-03
1.103768e-03
1.423594e-03
1.678971e-03
3.006859e-03
3.635478e-03
3.992859e-03
4.106880e-03
4.214072e-03
6.149134e-03
7.598456e-03
8.643886e-03
7.326575e-03
1.058246e-02
1.440574e-02
1.155579e-02
1.600324e-02
1.948936e-02
1.970087e-02
2.583989e-02
3.139832e-02
2.437099e-02
2.324778e-02
3.188535e-02
3.949460e-02
3.965047e-02
3.030231e-02
3.406090e-02
3.753368e-02
4.724731e-02
4.908805e-02
4.628679e-02
3.822529e-02
4.263061e-02
5.491132e-02
5.252179e-02
5.236601e-02
5.200249e-02
4.329455e-02
5.234689e-02
5.830794e-02
6.005055e-02
5.977446e-02
5.196565e-02
5.268433e-02
5.525111e-02
6.211212e-02
6.153708e-02
5.828701e-02
5.822077e-02
6.200698e-02
6.394307e-02
6.501266e-02
6.508743e-02
6.282869e-02
6.141170e-02
6.130691e-02
6.129526e-02
6.398404e-02
6.606770e-02
6.585202e-02
6.385150e-02
6.508845e-02
6.725034e-02
6.739718e-02
6.715046e-02
6.698292e-02
6.500408e-02
6.627250e-02
6.748651e-02
6.789439e-02
6.775898e-02
6.834488e-02
6.857833e-02
6.894153e-02
6.915964e-02
6.921852e-02
7.006057e-02
7.183732e-02
7.283475e-02
7.283741e-02
7.327336e-02
