0.000000e+00
2.026121e-39
2.034264e-33
-2.704006e-31
-1.467281e-28
1.285858e-09
2.157509e-09
3.960851e-09
9.035920e-09
1.690405e-08
2.463980e-08
4.694090e-08
1.039565e-07
1.681984e-07
2.548526e-07
4.159492e-07
7.507694e-07
1.096479e-06
1.555368e-06
2.090445e-06
3.768047e-06
4.892391e-06
6.545607e-06
1.043987e-05
1.390851e-05
2.123783e-05
4.303243e-05
5.480909e-05
6.720457e-05
1.112189e-04
1.530692e-04
1.842809e-04
2.970541e-04
4.749631e-04
4.726583e-04
4.703536e-04
5.991188e-04
7.004073e-04
1.257358e-03
1.526644e-03
1.681846e-03
1.731295e-03
1.777247e-03
2.658738e-03
3.343393e-03
3.848573e-03
3.206091e-03
4.816546e-03
6.784379e-03
5.286919e-03
7.628354e-03
9.532165e-03
9.643205e-03
1.317371e-02
1.647222e-02
1.227558e-02
1.161484e-02
1.673586e-02
2.146337e-02
2.154940e-02
1.574304e-02
1.802815e-02
2.018021e-02
2.640248e-02
2.759870e-02
2.574988e-02
2.056961e-02
2.336795e-02
3.141559e-02
2.980431e-02
2.969752e-02
2.944832e-02
2.373337e-02
2.966068e-02
3.365919e-02
3.482922e-02
3.463179e-02
2.935489e-02
2.983260e-02
3.154702e-02
3.616924e-02
3.576799e-02
3.354528e-02
3.349898e-02
3.607510e-02
3.738946e-02
3.812360e-02
3.816593e-02
3.659585e-02
3.561341e-02
3.553762e-02
3.552920e-02
3.737161e-02
3.878577e-02
3.863116e-02
3.723655e-02
3.808291e-02
3.955917e-02
3.965972e-02
3.948320e-02
3.935315e-02
3.796671e-02
3.884000e-02
3.967013e-02
3.992341e-02
3.982173e-02
4.019084e-02
4.035830e-02
4.058087e-02
4.071527e-02
4.075275e-02
4.119762e-02
4.213043e-02
4.266028e-02
4.266063e-02
4.285264e-02
