1.188243e-08
1.840000e-08
3.327603e-08
4.564584e-08
7.451042e-08
1.335744e-07
1.919014e-07
2.940961e-07
5.274888e-07
8.296357e-07
1.082647e-06
1.732310e-06
3.112195e-06
4.449815e-06
6.057016e-06
8.837425e-06
1.404792e-05
1.895558e-05
2.523033e-05
3.222632e-05
5.402308e-05
6.803252e-05
8.906108e-05
1.373098e-04
1.813112e-04
2.713483e-04
5.373957e-04
6.704403e-04
8.119814e-04
1.266006e-03
1.657557e-03
1.920794e-03
2.782939e-03
3.920374e-03
3.900214e-03
3.880053e-03
4.584935e-03
5.114670e-03
7.466404e-03
8.458314e-03
8.991836e-03
9.160493e-03
9.306468e-03
1.190714e-02
1.365919e-02
1.485254e-02
1.331600e-02
1.687491e-02
2.066535e-02
1.788550e-02
2.211128e-02
2.512690e-02
2.526336e-02
3.009154e-02
3.419833e-02
2.898828e-02
2.810820e-02
3.450791e-02
3.964182e-02
3.972941e-02
3.335670e-02
3.598779e-02
3.832996e-02
4.447407e-02
4.556954e-02
4.386151e-02
3.874466e-02
4.155710e-02
4.894847e-02
4.755479e-02
4.746429e-02
4.725308e-02
4.196775e-02
4.746239e-02
5.086359e-02
5.181500e-02
5.165689e-02
4.720207e-02
4.761511e-02
4.910719e-02
5.291202e-02
5.258929e-02
5.079931e-02
5.078947e-02
5.288564e-02
5.390739e-02
5.449474e-02
5.453318e-02
5.330613e-02
5.252896e-02
5.248574e-02
5.248094e-02
5.394082e-02
5.502109e-02
5.492131e-02
5.384006e-02
5.450618e-02
5.565642e-02
5.574482e-02
5.562448e-02
5.551742e-02
5.445033e-02
5.513383e-02
5.578006e-02
5.597982e-02
5.591340e-02
5.618704e-02
5.637173e-02
5.655348e-02
5.668699e-02
5.672659e-02
5.716980e-02
5.810846e-02
5.859185e-02
5.859157e-02
5.874925e-02
