0.000000e+00
-1.960723e-50
4.009027e-44
2.155197e-42
-2.997281e-38
1.316855e-32
6.124716e-27
2.016491e-09
5.255491e-09
1.051398e-08
1.573660e-08
3.227449e-08
7.790707e-08
1.326147e-07
2.081390e-07
3.605989e-07
6.964540e-07
1.057162e-06
1.565140e-06
2.179706e-06
4.320793e-06
5.844417e-06
8.298061e-06
1.458611e-05
2.090973e-05
3.563255e-05
8.905426e-05
1.209608e-04
1.573660e-04
2.921915e-04
4.282531e-04
5.288070e-04
9.008266e-04
1.479132e-03
1.468155e-03
1.457178e-03
1.857201e-03
2.177942e-03
3.788375e-03
4.535622e-03
4.959792e-03
5.094178e-03
5.212917e-03
7.473262e-03
9.135311e-03
1.032372e-02
8.796822e-03
1.247930e-02
1.673108e-02
1.353776e-02
1.846012e-02
2.225037e-02
2.243807e-02
2.901521e-02
3.491470e-02
2.740094e-02
2.618960e-02
3.536016e-02
4.331601e-02
4.344212e-02
3.361518e-02
3.756393e-02
4.119047e-02
5.122298e-02
5.307080e-02
5.015733e-02
4.180580e-02
4.634658e-02
5.890056e-02
5.642140e-02
5.625996e-02
5.588324e-02
4.693560e-02
5.621060e-02
6.223536e-02
6.395748e-02
6.365540e-02
5.569725e-02
5.641944e-02
5.902847e-02
6.588329e-02
6.529336e-02
6.199454e-02
6.193325e-02
6.572225e-02
6.763009e-02
6.868422e-02
6.873868e-02
6.645614e-02
6.500960e-02
6.489845e-02
6.488611e-02
6.755929e-02
6.960242e-02
6.937557e-02
6.734250e-02
6.856941e-02
7.066179e-02
7.079579e-02
7.053980e-02
7.035057e-02
6.835499e-02
6.960761e-02
7.079349e-02
7.114998e-02
7.099970e-02
7.153855e-02
7.174940e-02
7.205606e-02
7.223399e-02
7.228287e-02
7.289414e-02
7.418834e-02
7.485267e-02
7.485322e-02
7.510204e-02
