0.000000e+00
-3.642390e-73
-2.860146e-67
-1.903750e-65
3.433597e-62
-1.357314e-55
1.783235e-50
1.338897e-44
4.474111e-39
-1.101391e-33
-1.905888e-27
2.379193e-09
6.901363e-09
1.313011e-08
2.274593e-08
4.377962e-08
9.580043e-08
1.577776e-07
2.504152e-07
3.696634e-07
8.067786e-07
1.138331e-06
1.681515e-06
3.132486e-06
4.613413e-06
8.214558e-06
2.185836e-05
3.065543e-05
4.079580e-05
8.127224e-05
1.255167e-04
1.609232e-04
2.996685e-04
5.399440e-04
5.364885e-04
5.330329e-04
7.149474e-04
8.651656e-04
1.709317e-03
2.131777e-03
2.379588e-03
2.458734e-03
2.533809e-03
3.954502e-03
5.076942e-03
5.911688e-03
4.859883e-03
7.528651e-03
1.082214e-02
8.328014e-03
1.225421e-02
1.548010e-02
1.568264e-02
2.167111e-02
2.728059e-02
2.017145e-02
1.906536e-02
2.776712e-02
3.582508e-02
3.598486e-02
2.611299e-02
3.001001e-02
3.368403e-02
4.431565e-02
4.637366e-02
4.322286e-02
3.439515e-02
3.918165e-02
5.296493e-02
5.021012e-02
5.002934e-02
4.960751e-02
3.985151e-02
4.997760e-02
5.684374e-02
5.887283e-02
5.853948e-02
4.949978e-02
5.032097e-02
5.325529e-02
6.122886e-02
6.054794e-02
5.672284e-02
5.662763e-02
6.104993e-02
6.333800e-02
6.459203e-02
6.466907e-02
6.198012e-02
6.029751e-02
6.016009e-02
6.014482e-02
6.330977e-02
6.578217e-02
6.550549e-02
6.311522e-02
6.457341e-02
6.711464e-02
6.727704e-02
6.696644e-02
6.676251e-02
6.439660e-02
6.589415e-02
6.732586e-02
6.778877e-02
6.761380e-02
6.830040e-02
6.853170e-02
6.893608e-02
6.915964e-02
6.921852e-02
7.006057e-02
7.183732e-02
7.283475e-02
7.283741e-02
7.327336e-02
