2.474534e-07
3.491424e-07
5.622828e-07
7.181879e-07
1.081988e-06
1.751897e-06
2.370243e-06
3.396105e-06
5.612398e-06
8.442936e-06
1.066144e-05
1.659573e-05
2.922899e-05
4.171538e-05
5.637460e-05
8.338025e-05
1.337515e-04
1.803333e-04
2.400712e-04
3.050279e-04
5.015950e-04
6.192425e-04
7.906187e-04
1.144118e-03
1.445438e-03
1.993551e-03
3.366477e-03
3.954264e-03
4.549839e-03
6.237689e-03
7.523467e-03
8.321752e-03
1.070210e-02
1.346145e-02
1.341005e-02
1.335866e-02
1.491215e-02
1.604054e-02
2.050913e-02
2.225772e-02
2.316290e-02
2.344790e-02
2.368523e-02
2.776614e-02
3.032448e-02
3.199901e-02
2.982830e-02
3.467603e-02
3.949767e-02
3.602424e-02
4.123492e-02
4.472934e-02
4.486025e-02
5.008139e-02
5.433343e-02
4.894960e-02
4.801154e-02
5.463887e-02
5.961847e-02
5.970050e-02
5.348738e-02
5.610676e-02
5.837911e-02
6.407414e-02
6.505285e-02
6.351665e-02
5.877125e-02
6.139714e-02
6.802011e-02
6.680556e-02
6.672738e-02
6.654496e-02
6.179460e-02
6.673709e-02
6.967296e-02
7.047329e-02
7.033968e-02
6.650604e-02
6.686484e-02
6.816719e-02
7.138995e-02
7.111537e-02
6.961410e-02
6.962284e-02
7.139476e-02
7.223004e-02
7.272628e-02
7.275905e-02
7.173771e-02
7.108930e-02
7.106365e-02
7.106081e-02
7.227671e-02
7.314680e-02
7.307443e-02
7.218085e-02
7.273199e-02
7.368036e-02
7.376032e-02
7.366884e-02
7.357116e-02
7.269089e-02
7.325941e-02
7.379457e-02
7.395826e-02
7.391155e-02
7.412249e-02
7.431833e-02
7.447319e-02
7.460470e-02
7.464500e-02
7.506611e-02
7.597108e-02
7.637408e-02
7.637306e-02
7.647472e-02
