0.000000e+00
1.400795e-79
-5.778633e-73
5.960476e-72
-2.463145e-68
1.031598e-61
2.668429e-57
-4.948791e-51
4.091682e-45
-9.045796e-39
-5.862049e-33
2.858832e-27
1.491790e-09
3.018328e-09
5.502193e-09
1.124517e-08
2.635071e-08
4.526696e-08
7.457905e-08
1.134777e-07
2.611164e-07
3.761515e-07
5.663443e-07
1.078111e-06
1.595070e-06
2.830017e-06
7.186424e-06
9.856533e-06
1.280765e-05
2.428523e-05
3.643165e-05
4.620446e-05
8.488101e-05
1.552175e-04
1.543238e-04
1.534301e-04
2.100133e-04
2.575474e-04
5.563198e-04
7.167656e-04
8.148166e-04
8.461757e-04
8.762741e-04
1.492996e-03
2.023149e-03
2.437860e-03
1.914386e-03
3.304163e-03
5.169016e-03
3.715942e-03
6.036415e-03
8.106088e-03
8.241417e-03
1.247423e-02
1.669285e-02
1.132346e-02
1.052750e-02
1.704568e-02
2.365923e-02
2.378098e-02
1.571981e-02
1.879407e-02
2.180240e-02
3.106925e-02
3.293293e-02
3.004873e-02
2.234968e-02
2.646470e-02
3.904422e-02
3.640983e-02
3.623592e-02
3.583014e-02
2.696059e-02
3.614909e-02
4.271314e-02
4.468775e-02
4.434473e-02
3.563519e-02
3.641152e-02
3.918269e-02
4.692356e-02
4.623767e-02
4.245086e-02
4.234296e-02
4.668278e-02
4.896365e-02
5.021279e-02
5.027463e-02
4.755074e-02
4.585762e-02
4.570662e-02
4.568985e-02
4.884030e-02
5.132146e-02
5.102039e-02
4.858400e-02
5.004230e-02
5.258034e-02
5.273340e-02
5.239976e-02
5.217974e-02
4.976067e-02
5.126499e-02
5.270160e-02
5.313517e-02
5.293909e-02
5.360860e-02
5.380436e-02
5.417331e-02
5.435808e-02
5.440582e-02
5.503795e-02
5.636885e-02
5.711947e-02
5.712090e-02
5.742740e-02
