0.000000e+00
1.789940e-45
1.630080e-39
-6.391751e-38
-1.289470e-32
2.576420e-27
1.745269e-09
3.324739e-09
7.968902e-09
1.548439e-08
2.305965e-08
4.581321e-08
1.069166e-07
1.787761e-07
2.783317e-07
4.720194e-07
8.941300e-07
1.348744e-06
1.980893e-06
2.748007e-06
5.370548e-06
7.253174e-06
1.025787e-05
1.796171e-05
2.564873e-05
4.357196e-05
1.070592e-04
1.447738e-04
1.870167e-04
3.408116e-04
4.927553e-04
6.062706e-04
1.010153e-03
1.621959e-03
1.613595e-03
1.605231e-03
2.026559e-03
2.356940e-03
4.007883e-03
4.767199e-03
5.191907e-03
5.327349e-03
5.454207e-03
7.687663e-03
9.315507e-03
1.047179e-02
9.015525e-03
1.256985e-02
1.663927e-02
1.363145e-02
1.830636e-02
2.188515e-02
2.209917e-02
2.823582e-02
3.369779e-02
2.680378e-02
2.568732e-02
3.418094e-02
4.147781e-02
4.163064e-02
3.265618e-02
3.629891e-02
3.963108e-02
4.879105e-02
5.050959e-02
4.790608e-02
4.030786e-02
4.447789e-02
5.591387e-02
5.372130e-02
5.357904e-02
5.324709e-02
4.513435e-02
5.357755e-02
5.905586e-02
6.064954e-02
6.040312e-02
5.324938e-02
5.391311e-02
5.628094e-02
6.255934e-02
6.203866e-02
5.908715e-02
5.903587e-02
6.249190e-02
6.424802e-02
6.522423e-02
6.529802e-02
6.325783e-02
6.197716e-02
6.188975e-02
6.188004e-02
6.432463e-02
6.621073e-02
6.602617e-02
6.422352e-02
6.534790e-02
6.731835e-02
6.745759e-02
6.724247e-02
6.709367e-02
6.531023e-02
6.646273e-02
6.756712e-02
6.794712e-02
6.783206e-02
6.836692e-02
6.860182e-02
6.894423e-02
6.915964e-02
6.921852e-02
7.006057e-02
7.183732e-02
7.283475e-02
7.283741e-02
7.327336e-02
