0.000000e+00
2.698803e-79
-4.747820e-73
-1.416719e-71
-7.027207e-68
-1.273166e-61
-6.718865e-56
-6.353036e-51
7.252814e-46
7.817497e-39
-2.678246e-34
1.189602e-27
1.428141e-09
2.953744e-09
5.433225e-09
1.143434e-08
2.756439e-08
4.786023e-08
8.002763e-08
1.229488e-07
2.928706e-07
4.260883e-07
6.530964e-07
1.276828e-06
1.931809e-06
3.541103e-06
9.814300e-06
1.389530e-05
1.867833e-05
3.840595e-05
6.087589e-05
7.899849e-05
1.551993e-04
2.975994e-04
2.947464e-04
2.918933e-04
4.044073e-04
5.014375e-04
1.079998e-03
1.383316e-03
1.567836e-03
1.626451e-03
1.679500e-03
2.795367e-03
3.719881e-03
4.427983e-03
3.521111e-03
5.845778e-03
8.844848e-03
6.516754e-03
1.018108e-02
1.331979e-02
1.349213e-02
1.961469e-02
2.554142e-02
1.796799e-02
1.682215e-02
2.598838e-02
3.488093e-02
3.501437e-02
2.411703e-02
2.832704e-02
3.237274e-02
4.443976e-02
4.677713e-02
4.306735e-02
3.303142e-02
3.840595e-02
5.437436e-02
5.104330e-02
5.082581e-02
5.031832e-02
3.900756e-02
5.071047e-02
5.882902e-02
6.121467e-02
6.077592e-02
4.997016e-02
5.093081e-02
5.438790e-02
6.382304e-02
6.298305e-02
5.834221e-02
5.822309e-02
6.349214e-02
6.621999e-02
6.770788e-02
6.776700e-02
6.447472e-02
6.240564e-02
6.222222e-02
6.220185e-02
6.598610e-02
6.894034e-02
6.857421e-02
6.561898e-02
6.736882e-02
7.034880e-02
7.051867e-02
7.011644e-02
6.983884e-02
6.693380e-02
6.872424e-02
7.042242e-02
7.090523e-02
7.065961e-02
7.143839e-02
7.164460e-02
7.204397e-02
7.223399e-02
7.228287e-02
7.289414e-02
7.418834e-02
7.485267e-02
7.485322e-02
7.510204e-02
