1.471928e-15
4.117318e-15
1.593711e-14
4.140267e-14
1.008258e-13
3.809755e-13
8.644371e-13
2.275565e-12
8.271646e-12
2.196206e-11
3.865426e-11
1.064444e-10
3.638946e-10
7.607781e-10
1.410414e-09
2.989147e-09
7.242551e-09
1.260799e-08
2.108264e-08
3.237222e-08
7.635214e-08
1.104790e-07
1.675546e-07
3.201208e-07
4.742597e-07
8.349576e-07
2.058890e-06
2.765049e-06
3.520924e-06
6.261470e-06
8.849504e-06
1.078826e-05
1.756471e-05
2.779583e-05
2.777133e-05
2.774683e-05
3.530450e-05
4.065361e-05
7.295125e-05
8.866205e-05
9.744571e-05
1.002868e-04
1.032701e-04
1.588708e-04
2.063181e-04
2.441320e-04
1.969462e-04
3.302367e-04
5.273568e-04
3.671872e-04
6.293558e-04
9.034318e-04
9.263842e-04
1.678008e-03
2.590672e-03
1.420608e-03
1.270716e-03
2.653603e-03
4.599472e-03
4.624640e-03
2.304343e-03
3.074838e-03
3.941322e-03
7.372278e-03
8.177835e-03
6.895495e-03
4.063486e-03
5.498202e-03
1.109311e-02
9.701218e-03
9.609519e-03
9.395541e-03
5.562102e-03
9.515780e-03
1.301402e-02
1.415000e-02
1.391731e-02
9.169479e-03
9.567209e-03
1.096488e-02
1.535522e-02
1.490737e-02
1.261999e-02
1.254532e-02
1.511095e-02
1.654144e-02
1.734409e-02
1.735695e-02
1.554645e-02
1.446151e-02
1.435107e-02
1.433880e-02
1.630694e-02
1.790844e-02
1.767667e-02
1.602480e-02
1.696096e-02
1.860080e-02
1.868767e-02
1.843355e-02
1.825280e-02
1.659238e-02
1.757509e-02
1.851893e-02
1.874279e-02
1.857801e-02
1.897439e-02
1.906150e-02
1.923407e-02
1.929204e-02
1.930640e-02
1.933943e-02
1.938826e-02
1.938214e-02
1.937998e-02
1.929513e-02
