1.169751e-06
1.467786e-06
2.008387e-06
2.329484e-06
3.078753e-06
4.200015e-06
5.092535e-06
6.387742e-06
8.753005e-06
1.119081e-05
1.295641e-05
1.668964e-05
2.295861e-05
2.786593e-05
3.305444e-05
4.041937e-05
5.184125e-05
6.092455e-05
7.078378e-05
8.043967e-05
1.044181e-04
1.173513e-04
1.335276e-04
1.656725e-04
1.891465e-04
2.301277e-04
3.216270e-04
3.599538e-04
3.961200e-04
5.053402e-04
5.873881e-04
6.389418e-04
8.012414e-04
1.001196e-03
9.985104e-04
9.958249e-04
1.119163e-03
1.201733e-03
1.601369e-03
1.763711e-03
1.848437e-03
1.875114e-03
1.897337e-03
2.334192e-03
2.628302e-03
2.829601e-03
2.563183e-03
3.174367e-03
3.833780e-03
3.332652e-03
4.081750e-03
4.612105e-03
4.629952e-03
5.526464e-03
6.301225e-03
5.296309e-03
5.115681e-03
6.329733e-03
7.334126e-03
7.343254e-03
6.081045e-03
6.579910e-03
7.028778e-03
8.254166e-03
8.470898e-03
8.114162e-03
7.072729e-03
7.622074e-03
9.107483e-03
8.815248e-03
8.792690e-03
8.740054e-03
7.654307e-03
8.764480e-03
9.457070e-03
9.639307e-03
9.597990e-03
8.663470e-03
8.742115e-03
9.043702e-03
9.791735e-03
9.715847e-03
9.343538e-03
9.340545e-03
9.770049e-03
9.961152e-03
1.008230e-02
1.008013e-02
9.808010e-03
9.637197e-03
9.624717e-03
9.623331e-03
9.921364e-03
1.010743e-02
1.008152e-02
9.847254e-03
9.972939e-03
1.018787e-02
1.020756e-02
1.017728e-02
1.013506e-02
9.896507e-03
1.003240e-02
1.014989e-02
1.015306e-02
1.013252e-02
1.013209e-02
1.019142e-02
1.019256e-02
1.020394e-02
1.020991e-02
1.012541e-02
9.927211e-03
9.780569e-03
9.778093e-03
9.634038e-03
