2.581425e-06
3.266353e-06
4.506763e-06
5.257247e-06
7.008477e-06
9.665315e-06
1.181532e-05
1.500043e-05
2.093085e-05
2.715771e-05
3.178699e-05
4.181452e-05
5.938058e-05
7.377244e-05
8.934957e-05
1.129594e-04
1.515590e-04
1.836803e-04
2.207848e-04
2.585554e-04
3.611821e-04
4.191314e-04
4.979004e-04
6.568687e-04
7.842765e-04
1.011129e-03
1.556477e-03
1.786414e-03
2.015193e-03
2.669133e-03
3.161986e-03
3.466667e-03
4.380866e-03
5.442406e-03
5.424012e-03
5.405619e-03
6.009337e-03
6.437687e-03
8.188338e-03
8.872213e-03
9.224314e-03
9.335199e-03
9.427748e-03
1.104387e-02
1.205987e-02
1.272827e-02
1.186262e-02
1.380443e-02
1.574532e-02
1.434011e-02
1.645051e-02
1.786599e-02
1.791920e-02
2.006270e-02
2.181579e-02
1.959597e-02
1.920109e-02
2.193583e-02
2.400673e-02
2.404333e-02
2.146037e-02
2.254233e-02
2.348428e-02
2.586340e-02
2.627787e-02
2.563679e-02
2.364695e-02
2.474166e-02
2.751782e-02
2.701464e-02
2.698085e-02
2.690199e-02
2.490587e-02
2.698466e-02
2.822055e-02
2.855386e-02
2.849812e-02
2.688846e-02
2.703900e-02
2.758712e-02
2.893355e-02
2.881301e-02
2.819063e-02
2.820393e-02
2.895674e-02
2.929712e-02
2.951640e-02
2.953054e-02
2.909283e-02
2.881990e-02
2.881512e-02
2.881459e-02
2.933197e-02
2.967784e-02
2.965455e-02
2.927820e-02
2.950878e-02
2.991727e-02
2.995986e-02
2.992591e-02
2.987359e-02
2.949372e-02
2.973678e-02
2.996085e-02
3.001563e-02
2.999765e-02
3.005330e-02
3.017553e-02
3.023089e-02
3.029346e-02
3.031471e-02
3.044827e-02
3.071914e-02
3.083601e-02
3.083423e-02
3.080763e-02
