8.559931e-16
2.478376e-15
1.001505e-14
2.719062e-14
6.726930e-14
2.653400e-13
6.181925e-13
1.680678e-12
6.371060e-12
1.743862e-11
3.125171e-11
8.896574e-11
3.166833e-10
6.783568e-10
1.283269e-09
2.789599e-09
6.965251e-09
1.235277e-08
2.102543e-08
3.276213e-08
7.969683e-08
1.168531e-07
1.800224e-07
3.525437e-07
5.302757e-07
9.548380e-07
2.447093e-06
3.329146e-06
4.286969e-06
7.837950e-06
1.128812e-05
1.389303e-05
2.333362e-05
3.829059e-05
3.818634e-05
3.808209e-05
4.941817e-05
5.791254e-05
1.113640e-04
1.390517e-04
1.555392e-04
1.608297e-04
1.660477e-04
2.767537e-04
3.780931e-04
4.618577e-04
3.556474e-04
6.571759e-04
1.114329e-03
7.401555e-04
1.350827e-03
1.983384e-03
2.026922e-03
3.623450e-03
5.450357e-03
3.106297e-03
2.795335e-03
5.578807e-03
9.070991e-03
9.116356e-03
4.914607e-03
6.383623e-03
7.955038e-03
1.358811e-02
1.482050e-02
1.284732e-02
8.181234e-03
1.058896e-02
1.911769e-02
1.711395e-02
1.698275e-02
1.667661e-02
1.075045e-02
1.686699e-02
2.182370e-02
2.337226e-02
2.306260e-02
1.637253e-02
1.694406e-02
1.897346e-02
2.501464e-02
2.442540e-02
2.133094e-02
2.123642e-02
2.471228e-02
2.659590e-02
2.763976e-02
2.766163e-02
2.530970e-02
2.387247e-02
2.373204e-02
2.371644e-02
2.631737e-02
2.840026e-02
2.811011e-02
2.597410e-02
2.719907e-02
2.931157e-02
2.942347e-02
2.910655e-02
2.888285e-02
2.675687e-02
2.802866e-02
2.924135e-02
2.954047e-02
2.933729e-02
2.985957e-02
2.997293e-02
3.020749e-02
3.029346e-02
3.031471e-02
3.044827e-02
3.071914e-02
3.083601e-02
3.083423e-02
3.080763e-02
