4.957937e-14
1.214051e-13
3.972267e-13
8.763612e-13
1.994406e-12
6.383958e-12
1.308544e-11
3.050488e-11
9.474683e-11
2.241028e-10
3.692298e-10
9.000256e-10
2.662052e-09
5.106139e-09
8.830810e-09
1.716438e-08
3.768625e-08
6.177356e-08
9.772283e-08
1.433768e-07
3.092837e-07
4.312622e-07
6.268472e-07
1.126171e-06
1.608943e-06
2.692131e-06
6.170108e-06
8.100127e-06
1.013946e-05
1.741096e-05
2.417940e-05
2.916059e-05
4.686513e-05
7.432580e-05
7.408626e-05
7.384671e-05
9.433633e-05
1.097876e-04
2.053546e-04
2.544015e-04
2.836611e-04
2.930120e-04
3.019299e-04
4.930595e-04
6.624239e-04
7.989111e-04
6.245040e-04
1.100504e-03
1.783447e-03
1.232435e-03
2.117325e-03
2.971888e-03
3.024404e-03
4.991044e-03
7.107745e-03
4.388293e-03
4.007148e-03
7.251788e-03
1.095692e-02
1.100434e-02
6.510717e-03
8.136845e-03
9.808994e-03
1.541436e-02
1.658355e-02
1.470628e-02
1.004770e-02
1.247706e-02
2.054311e-02
1.872304e-02
1.860274e-02
1.832203e-02
1.266310e-02
1.850170e-02
2.296379e-02
2.431973e-02
2.405136e-02
1.804691e-02
1.856455e-02
2.041951e-02
2.574784e-02
2.524039e-02
2.254114e-02
2.246321e-02
2.550318e-02
2.711334e-02
2.800427e-02
2.802473e-02
2.602069e-02
2.478187e-02
2.466414e-02
2.465106e-02
2.689003e-02
2.865077e-02
2.841176e-02
2.660045e-02
2.764416e-02
2.943163e-02
2.952990e-02
2.926844e-02
2.907804e-02
2.728096e-02
2.836103e-02
2.938367e-02
2.963481e-02
2.946805e-02
2.989818e-02
3.001334e-02
3.021216e-02
3.029346e-02
3.031471e-02
3.044827e-02
3.071914e-02
3.083601e-02
3.083423e-02
3.080763e-02
