6.952645e-14
1.656430e-13
5.202143e-13
1.102845e-12
2.462396e-12
7.574628e-12
1.518388e-11
3.439442e-11
1.033151e-10
2.366570e-10
3.882572e-10
9.121828e-10
2.592555e-09
4.866017e-09
8.331590e-09
1.574210e-08
3.360821e-08
5.448361e-08
8.493535e-08
1.234271e-07
2.578293e-07
3.563419e-07
5.103942e-07
8.988287e-07
1.265183e-06
2.082714e-06
4.597214e-06
5.986326e-06
7.409218e-06
1.237952e-05
1.685700e-05
2.022856e-05
3.135782e-05
4.754248e-05
4.760151e-05
4.766054e-05
5.950988e-05
6.768270e-05
1.171359e-04
1.410769e-04
1.544329e-04
1.587668e-04
1.634283e-04
2.477220e-04
3.197543e-04
3.769515e-04
3.059486e-04
5.052855e-04
7.940575e-04
5.622177e-04
9.399469e-04
1.317735e-03
1.347976e-03
2.294242e-03
3.370607e-03
1.992565e-03
1.805728e-03
3.450742e-03
5.522673e-03
5.554848e-03
3.063823e-03
3.931651e-03
4.862042e-03
8.239456e-03
8.993522e-03
7.809449e-03
5.008122e-03
6.452573e-03
1.162151e-02
1.041357e-02
1.033302e-02
1.014504e-02
6.556578e-03
1.026330e-02
1.330349e-02
1.426430e-02
1.407957e-02
9.984489e-03
1.033534e-02
1.157624e-02
1.531281e-02
1.494948e-02
1.304724e-02
1.298843e-02
1.514702e-02
1.632163e-02
1.697956e-02
1.699908e-02
1.553827e-02
1.465227e-02
1.456678e-02
1.455728e-02
1.618478e-02
1.748583e-02
1.731067e-02
1.598787e-02
1.675322e-02
1.809873e-02
1.817720e-02
1.798308e-02
1.784455e-02
1.651327e-02
1.731584e-02
1.808398e-02
1.828204e-02
1.815993e-02
1.848577e-02
1.858426e-02
1.874527e-02
1.881620e-02
1.883505e-02
1.897096e-02
1.922985e-02
1.935589e-02
1.935451e-02
1.933922e-02
