4.300124e-10
7.354369e-10
1.508657e-09
2.254024e-09
3.993316e-09
8.080495e-09
1.251836e-08
2.091149e-08
4.210310e-08
7.175331e-08
9.904615e-08
1.711954e-07
3.370926e-07
5.082049e-07
7.262061e-07
1.103029e-06
1.830304e-06
2.536457e-06
3.426421e-06
4.421534e-06
7.343281e-06
9.205395e-06
1.182391e-05
1.771572e-05
2.269098e-05
3.269907e-05
5.998837e-05
7.379942e-05
8.779000e-05
1.351943e-04
1.774692e-04
2.079642e-04
3.133632e-04
4.707442e-04
4.688922e-04
4.670403e-04
5.777003e-04
6.620057e-04
1.117024e-03
1.331338e-03
1.453151e-03
1.491911e-03
1.527518e-03
2.211098e-03
2.733410e-03
3.115608e-03
2.626857e-03
3.839293e-03
5.303097e-03
4.187862e-03
5.922585e-03
7.316540e-03
7.392767e-03
9.958877e-03
1.234355e-02
9.302453e-03
8.819011e-03
1.252260e-02
1.591553e-02
1.597338e-02
1.179733e-02
1.344034e-02
1.498338e-02
1.942406e-02
2.027064e-02
1.895118e-02
1.524760e-02
1.724376e-02
2.296044e-02
2.181502e-02
2.173864e-02
2.156040e-02
1.749055e-02
2.170805e-02
2.453476e-02
2.535406e-02
2.521191e-02
2.147382e-02
2.181092e-02
2.302616e-02
2.627568e-02
2.598950e-02
2.442214e-02
2.439410e-02
2.621070e-02
2.712611e-02
2.764418e-02
2.767148e-02
2.656119e-02
2.586556e-02
2.581424e-02
2.580853e-02
2.710443e-02
2.808394e-02
2.797698e-02
2.699161e-02
2.758501e-02
2.861621e-02
2.868873e-02
2.856549e-02
2.846603e-02
2.748527e-02
2.809874e-02
2.867761e-02
2.884191e-02
2.876914e-02
2.900806e-02
2.913928e-02
2.928308e-02
2.937480e-02
2.940149e-02
2.965945e-02
3.018072e-02
3.045646e-02
3.045563e-02
3.051394e-02
