5.735902e-08
7.956812e-08
1.249092e-07
1.564866e-07
2.301716e-07
3.587319e-07
4.720524e-07
6.505093e-07
1.010565e-06
1.426665e-06
1.741768e-06
2.478654e-06
3.838014e-06
4.999697e-06
6.278206e-06
8.247075e-06
1.147951e-05
1.418656e-05
1.726835e-05
2.039372e-05
2.855950e-05
3.313608e-05
3.907297e-05
5.113714e-05
6.028769e-05
7.670497e-05
1.145285e-04
1.308870e-04
1.463126e-04
1.936691e-04
2.297501e-04
2.531955e-04
3.268399e-04
4.203439e-04
4.196263e-04
4.189087e-04
4.796910e-04
5.196720e-04
7.326009e-04
8.236166e-04
8.720610e-04
8.874406e-04
9.012839e-04
1.171424e-03
1.367903e-03
1.508628e-03
1.324712e-03
1.768965e-03
2.292955e-03
1.886216e-03
2.505679e-03
2.987049e-03
3.008960e-03
3.914526e-03
4.755598e-03
3.663648e-03
3.480518e-03
4.791664e-03
6.004070e-03
6.015145e-03
4.507971e-03
5.083513e-03
5.625275e-03
7.220790e-03
7.519518e-03
7.029712e-03
5.682145e-03
6.387553e-03
8.438786e-03
8.012976e-03
7.981351e-03
7.907555e-03
6.425947e-03
7.941882e-03
8.959417e-03
9.241559e-03
9.179764e-03
7.804644e-03
7.920337e-03
8.355353e-03
9.494922e-03
9.382593e-03
8.808846e-03
8.795837e-03
9.447074e-03
9.759063e-03
9.942619e-03
9.941070e-03
9.522009e-03
9.259244e-03
9.235091e-03
9.232407e-03
9.694472e-03
1.001314e-02
9.966997e-03
9.599021e-03
9.800561e-03
1.014334e-02
1.016816e-02
1.011678e-02
1.006202e-02
9.691705e-03
9.905483e-03
1.009682e-02
1.011836e-02
1.008412e-02
1.011781e-02
1.017653e-02
1.019083e-02
1.020394e-02
1.020991e-02
1.012541e-02
9.927211e-03
9.780569e-03
9.778093e-03
9.634038e-03
