1.020825e-15
2.854007e-15
1.104228e-14
2.866746e-14
6.979528e-14
2.635227e-13
5.975804e-13
1.571489e-12
5.702743e-12
1.512807e-11
2.659319e-11
7.311828e-11
2.493064e-10
5.202940e-10
9.625667e-10
2.035302e-09
4.913520e-09
8.531887e-09
1.422871e-08
2.179700e-08
5.111114e-08
7.374181e-08
1.114624e-07
2.114814e-07
3.119917e-07
5.452954e-07
1.325195e-06
1.769953e-06
2.243362e-06
3.933423e-06
5.503800e-06
6.678699e-06
1.068111e-05
1.655700e-05
1.656411e-05
1.657122e-05
2.085388e-05
2.379396e-05
4.124888e-05
4.948627e-05
5.391725e-05
5.536216e-05
5.697236e-05
8.386989e-05
1.054694e-04
1.219084e-04
1.019007e-04
1.572256e-04
2.330712e-04
1.735610e-04
2.701808e-04
3.626135e-04
3.731082e-04
6.288823e-04
9.463150e-04
5.407766e-04
4.876732e-04
9.688654e-04
1.731619e-03
1.742886e-03
8.432498e-04
1.122019e-03
1.453940e-03
2.991146e-03
3.399719e-03
2.763749e-03
1.503668e-03
2.125430e-03
4.979838e-03
4.201356e-03
4.149443e-03
4.028304e-03
2.131410e-03
4.086631e-03
6.118384e-03
6.832069e-03
6.682603e-03
3.900487e-03
4.125693e-03
4.899197e-03
7.607092e-03
7.309198e-03
5.861941e-03
5.809492e-03
7.433959e-03
8.395990e-03
8.948872e-03
8.955960e-03
7.716338e-03
7.003544e-03
6.926147e-03
6.917549e-03
8.227345e-03
9.334449e-03
9.166434e-03
8.025569e-03
8.662422e-03
9.819813e-03
9.882344e-03
9.695901e-03
9.564456e-03
8.394619e-03
9.077740e-03
9.747318e-03
9.904715e-03
9.782840e-03
1.006129e-02
1.012384e-02
1.024404e-02
1.028144e-02
1.029069e-02
1.027624e-02
1.021572e-02
1.014832e-02
1.014625e-02
1.003922e-02
