1.354825e-13
2.828262e-13
7.508710e-13
1.372201e-12
2.822055e-12
7.346997e-12
1.328656e-11
2.661835e-11
6.801246e-11
1.383687e-10
2.114854e-10
4.382016e-10
1.069367e-09
1.831044e-09
2.903242e-09
4.994634e-09
9.545677e-09
1.443655e-08
2.109053e-08
2.903261e-08
5.432124e-08
7.157688e-08
9.703761e-08
1.567108e-07
2.092605e-07
3.185979e-07
6.179857e-07
7.703557e-07
9.198109e-07
1.403099e-06
1.802263e-06
2.097123e-06
2.970189e-06
4.100506e-06
4.117945e-06
4.135384e-06
4.909889e-06
5.389832e-06
8.111277e-06
9.291710e-06
9.878304e-06
1.007300e-05
1.031684e-05
1.359954e-05
1.601198e-05
1.771231e-05
1.575164e-05
2.112805e-05
2.770077e-05
2.290456e-05
3.064927e-05
3.684804e-05
3.785587e-05
5.192610e-05
6.640147e-05
4.805880e-05
4.493165e-05
6.774451e-05
9.660028e-05
9.748054e-05
6.290263e-05
7.422841e-05
8.629087e-05
1.401674e-04
1.557318e-04
1.342731e-04
8.917256e-05
1.113052e-04
2.130063e-04
1.860321e-04
1.837297e-04
1.783568e-04
1.115340e-04
1.794451e-04
2.579521e-04
2.886520e-04
2.825088e-04
1.741185e-04
1.821631e-04
2.098679e-04
3.231342e-04
3.097136e-04
2.487133e-04
2.446867e-04
3.143301e-04
3.602804e-04
3.872843e-04
3.876182e-04
3.277128e-04
2.963169e-04
2.912039e-04
2.906360e-04
3.521292e-04
4.063532e-04
3.968907e-04
3.424548e-04
3.715929e-04
4.325265e-04
4.366130e-04
4.259543e-04
4.188410e-04
3.584812e-04
3.926203e-04
4.276947e-04
4.367023e-04
4.300566e-04
4.424222e-04
4.486749e-04
4.556938e-04
4.586483e-04
4.595316e-04
4.576742e-04
4.553533e-04
4.585334e-04
4.583814e-04
4.550188e-04
