1.207886e-07
1.511390e-07
2.060243e-07
2.382923e-07
3.135887e-07
4.254939e-07
5.139977e-07
6.408795e-07
8.703025e-07
1.104597e-06
1.272847e-06
1.622138e-06
2.196624e-06
2.638741e-06
3.100346e-06
3.737847e-06
4.702223e-06
5.458473e-06
6.256214e-06
7.028222e-06
8.853931e-06
9.818726e-06
1.098212e-05
1.322391e-05
1.478048e-05
1.742506e-05
2.277535e-05
2.492858e-05
2.680439e-05
3.225181e-05
3.597001e-05
3.838179e-05
4.502192e-05
5.240247e-05
5.250865e-05
5.261483e-05
5.728641e-05
5.971060e-05
7.372106e-05
7.908064e-05
8.155841e-05
8.237171e-05
8.331996e-05
9.710793e-05
1.063841e-04
1.127414e-04
1.049816e-04
1.244623e-04
1.464279e-04
1.298861e-04
1.551858e-04
1.733176e-04
1.751441e-04
2.112692e-04
2.444682e-04
2.012215e-04
1.928943e-04
2.456092e-04
2.963473e-04
2.970433e-04
2.340309e-04
2.569188e-04
2.786823e-04
3.490672e-04
3.636098e-04
3.414673e-04
2.812557e-04
3.117395e-04
4.060701e-04
3.866285e-04
3.848305e-04
3.806351e-04
3.122050e-04
3.816346e-04
4.315643e-04
4.457746e-04
4.426307e-04
3.751392e-04
3.805080e-04
4.010397e-04
4.578590e-04
4.517657e-04
4.231945e-04
4.222983e-04
4.560393e-04
4.720594e-04
4.823405e-04
4.822223e-04
4.594206e-04
4.459318e-04
4.444037e-04
4.442339e-04
4.691879e-04
4.848705e-04
4.825655e-04
4.633200e-04
4.734685e-04
4.930136e-04
4.951205e-04
4.924322e-04
4.887418e-04
4.678740e-04
4.796612e-04
4.901653e-04
4.908002e-04
4.890639e-04
4.883871e-04
4.949952e-04
4.955343e-04
4.972601e-04
4.980525e-04
4.925643e-04
4.823238e-04
4.792450e-04
4.790421e-04
4.709288e-04
