0.000000e+00
1.174532e-24
7.739944e-06
1.120779e-05
1.929990e-05
3.721675e-05
5.577693e-05
8.891396e-05
1.657276e-04
2.699501e-04
3.535285e-04
5.765161e-04
1.034454e-03
1.467191e-03
1.953460e-03
2.782079e-03
4.182717e-03
5.378004e-03
6.793189e-03
8.236122e-03
1.207385e-02
1.419332e-02
1.701553e-02
2.235899e-02
2.646968e-02
3.340413e-02
4.828935e-02
5.417113e-02
5.965765e-02
7.424394e-02
8.439141e-02
9.071456e-02
1.075626e-01
1.254603e-01
1.253337e-01
1.252071e-01
1.350250e-01
1.417129e-01
1.674029e-01
1.771065e-01
1.819220e-01
1.834668e-01
1.849873e-01
2.056297e-01
2.181775e-01
2.262675e-01
2.164891e-01
2.391157e-01
2.609993e-01
2.461053e-01
2.690378e-01
2.841475e-01
2.852115e-01
3.068078e-01
3.239492e-01
3.029509e-01
2.993301e-01
3.261265e-01
3.453459e-01
3.459362e-01
3.222507e-01
3.326657e-01
3.415763e-01
3.633221e-01
3.672551e-01
3.618206e-01
3.441341e-01
3.543471e-01
3.793838e-01
3.752077e-01
3.749735e-01
3.744270e-01
3.569679e-01
3.755102e-01
3.865086e-01
3.897263e-01
3.894237e-01
3.757559e-01
3.771813e-01
3.820286e-01
3.945067e-01
3.936328e-01
3.883198e-01
3.884106e-01
3.950413e-01
3.984013e-01
4.003252e-01
4.006390e-01
3.971694e-01
3.950203e-01
3.950036e-01
3.950017e-01
3.995915e-01
4.032406e-01
4.031157e-01
4.000963e-01
4.022604e-01
4.062283e-01
4.065886e-01
4.063739e-01
4.062672e-01
4.032880e-01
4.054936e-01
4.077326e-01
4.089219e-01
4.089015e-01
4.103512e-01
4.111173e-01
4.122684e-01
4.131313e-01
4.133664e-01
4.176188e-01
4.264633e-01
4.307505e-01
4.307693e-01
4.328517e-01
