7.883893e-14
1.801373e-13
5.400952e-13
1.098640e-12
2.401987e-12
7.043485e-12
1.367459e-11
2.984266e-11
8.494344e-11
1.885896e-10
2.988699e-10
6.798995e-10
1.846459e-09
3.363266e-09
5.564550e-09
1.024459e-08
2.106063e-08
3.311732e-08
5.035409e-08
7.146662e-08
1.437228e-07
1.943106e-07
2.724659e-07
4.613627e-07
6.356480e-07
1.006515e-06
2.094271e-06
2.659187e-06
3.235136e-06
5.152435e-06
6.797379e-06
7.986562e-06
1.176142e-05
1.686232e-05
1.689018e-05
1.691804e-05
2.045790e-05
2.275170e-05
3.583396e-05
4.166656e-05
4.466088e-05
4.564358e-05
4.678818e-05
6.414837e-05
7.732229e-05
8.693662e-05
7.547535e-05
1.066848e-04
1.467032e-04
1.163604e-04
1.651941e-04
2.070033e-04
2.128161e-04
3.884294e-04
2.125921e-02
2.849740e-04
2.617773e-04
5.540245e-02
6.749592e+02
8.903303e+02
8.966330e-03
1.437244e+00
1.157025e+02
4.453672e+06
2.950888e+07
2.120269e+06
3.969509e+02
1.820583e+07
1.224409e+10
1.590257e+09
1.458001e+09
1.149386e+09
2.302647e+05
2.103970e+09
4.594373e+11
2.268646e+12
2.006777e+12
5.078575e+09
4.810625e+10
1.261959e+11
3.410131e+13
1.980155e+13
1.474036e+12
1.628299e+12
4.403152e+13
2.376552e+14
6.349885e+14
7.713849e+14
1.449828e+14
5.123622e+13
5.339100e+13
5.363036e+13
6.305354e+14
3.700566e+15
3.642211e+15
8.246485e+14
2.841680e+15
2.167572e+16
2.627632e+16
2.477979e+16
2.464840e+16
5.761219e+15
1.836496e+16
5.478336e+16
9.751318e+16
9.588975e+16
2.050343e+17
2.880675e+17
5.095527e+17
7.670370e+17
8.603112e+17
6.698220e+18
4.341826e+20
1.225196e+22
1.245823e+22
7.795726e+22
