3.048794e-14
7.171940e-14
2.257355e-13
4.796668e-13
1.072208e-12
3.306675e-12
6.612803e-12
1.491325e-11
4.421841e-11
1.023676e-10
1.635910e-10
3.887860e-10
1.107103e-09
2.074575e-09
3.481694e-09
6.632947e-09
1.409983e-08
2.253429e-08
3.490317e-08
5.022059e-08
1.047918e-07
1.432744e-07
2.046164e-07
3.538898e-07
4.959837e-07
8.000337e-07
1.728086e-06
2.211894e-06
2.721356e-06
4.423545e-06
5.915865e-06
6.977179e-06
1.046765e-05
1.527769e-05
1.527068e-05
1.526367e-05
1.857025e-05
2.079754e-05
3.324085e-05
3.881991e-05
4.173178e-05
4.267901e-05
4.371631e-05
6.059331e-05
7.343713e-05
8.280435e-05
7.139202e-05
1.019617e-04
1.411663e-04
1.111689e-04
1.591285e-04
2.026272e-04
2.444130e-04
4.456738e+00
1.701963e+03
2.745059e-02
4.202533e-03
3.912398e+03
8.463182e+07
1.061779e+08
4.441891e+02
9.628516e+04
9.549829e+06
7.064770e+11
5.006830e+12
2.796491e+11
2.731573e+07
2.563372e+12
2.155819e+15
2.281560e+14
2.042258e+14
1.483853e+14
1.579456e+10
2.427275e+14
7.100855e+16
3.618750e+17
2.991178e+17
4.833094e+14
4.751352e+15
1.250561e+16
4.137750e+18
2.191481e+18
1.285051e+17
1.317644e+17
4.101126e+18
2.313530e+19
6.117004e+19
7.004000e+19
1.103422e+19
3.423023e+18
3.334162e+18
3.324291e+18
4.290908e+19
2.466986e+20
2.231513e+20
4.346452e+19
1.482666e+20
1.036244e+21
1.217760e+21
1.068303e+21
9.975694e+20
2.011684e+20
6.440763e+20
1.843402e+21
2.887854e+21
2.677078e+21
4.986516e+21
6.424886e+21
9.805103e+21
1.295582e+22
1.399418e+22
5.051860e+22
6.762718e+23
6.958144e+24
7.037209e+24
2.489475e+25
