0.000000e+00
2.788227e-47
-4.685940e-41
8.006917e-40
-9.074789e-36
-4.696184e-30
-1.996866e-24
5.231994e-06
1.263413e-05
2.424018e-05
3.435356e-05
6.635849e-05
1.451802e-04
2.317406e-04
3.371800e-04
5.438202e-04
9.388126e-04
1.308959e-03
1.788092e-03
2.308941e-03
3.871058e-03
4.796146e-03
6.132397e-03
8.826505e-03
1.109039e-02
1.512724e-02
2.489268e-02
2.897382e-02
3.304697e-02
4.433519e-02
5.273808e-02
5.793139e-02
7.300801e-02
9.005790e-02
8.976278e-02
8.946764e-02
9.893713e-02
1.057795e-01
1.322584e-01
1.425120e-01
1.477830e-01
1.494474e-01
1.508731e-01
1.741871e-01
1.886618e-01
1.980658e-01
1.859848e-01
2.129973e-01
2.396070e-01
2.206653e-01
2.490922e-01
2.681418e-01
2.689745e-01
2.968932e-01
3.194432e-01
2.910401e-01
2.861580e-01
3.213364e-01
3.474142e-01
3.479013e-01
3.154266e-01
3.292927e-01
3.412528e-01
3.709404e-01
3.760522e-01
3.681523e-01
3.435811e-01
3.573858e-01
3.917963e-01
3.855387e-01
3.851593e-01
3.842740e-01
3.597311e-01
3.853613e-01
4.005930e-01
4.048505e-01
4.042099e-01
3.844599e-01
3.863512e-01
3.931057e-01
4.100901e-01
4.087540e-01
4.009304e-01
4.009000e-01
4.100610e-01
4.145963e-01
4.171053e-01
4.173283e-01
4.121739e-01
4.088654e-01
4.086934e-01
4.086743e-01
4.149800e-01
4.198401e-01
4.194341e-01
4.148471e-01
4.177736e-01
4.227601e-01
4.231064e-01
4.226169e-01
4.222785e-01
4.178346e-01
4.207977e-01
4.236756e-01
4.248086e-01
4.245799e-01
4.261704e-01
4.268033e-01
4.278385e-01
4.285281e-01
4.287121e-01
4.318588e-01
4.383809e-01
4.410601e-01
4.410692e-01
4.422350e-01
