0.000000e+00
-6.672906e-70
6.753728e-64
-1.957607e-61
-4.480642e-59
-1.216316e-51
-3.776941e-46
9.273231e-41
-1.751483e-36
3.083954e-29
3.670607e-24
1.361799e-05
3.430986e-05
5.956626e-05
9.350595e-05
1.634725e-04
3.112691e-04
4.624306e-04
6.682911e-04
9.050318e-04
1.655913e-03
2.135606e-03
2.846481e-03
4.381123e-03
5.714085e-03
8.248720e-03
1.472657e-02
1.764213e-02
2.053066e-02
2.892480e-02
3.538333e-02
3.959430e-02
5.176420e-02
6.594395e-02
6.581098e-02
6.567801e-02
7.392884e-02
7.973884e-02
1.036086e-01
1.130538e-01
1.178791e-01
1.194226e-01
1.209059e-01
1.427424e-01
1.565940e-01
1.657194e-01
1.544703e-01
1.806436e-01
2.070022e-01
1.885627e-01
2.168364e-01
2.360368e-01
2.372974e-01
2.660939e-01
2.895268e-01
2.603710e-01
2.553356e-01
2.919281e-01
3.195810e-01
3.202631e-01
2.862004e-01
3.007781e-01
3.134237e-01
3.453556e-01
3.511065e-01
3.427420e-01
3.164883e-01
3.313227e-01
3.687554e-01
3.621425e-01
3.617323e-01
3.607750e-01
3.343558e-01
3.620672e-01
3.788703e-01
3.837220e-01
3.831025e-01
3.616492e-01
3.637446e-01
3.710975e-01
3.901122e-01
3.886839e-01
3.801454e-01
3.800684e-01
3.902714e-01
3.954608e-01
3.983054e-01
3.986305e-01
3.929832e-01
3.894303e-01
3.892278e-01
3.892053e-01
3.963017e-01
4.018873e-01
4.014664e-01
3.965113e-01
3.997829e-01
4.055928e-01
4.060279e-01
4.055096e-01
4.052301e-01
4.003631e-01
4.036935e-01
4.069772e-01
4.084355e-01
4.082258e-01
4.101440e-01
4.109033e-01
4.122433e-01
4.131313e-01
4.133664e-01
4.176188e-01
4.264633e-01
4.307505e-01
4.307693e-01
4.328517e-01
