5.348253e-09
7.448398e-09
1.165485e-08
1.455999e-08
2.133903e-08
3.308231e-08
4.346109e-08
5.975024e-08
9.267171e-08
1.295930e-07
1.593709e-07
2.239702e-07
3.423998e-07
4.429193e-07
5.564630e-07
7.209410e-07
9.900519e-07
1.218447e-06
1.471140e-06
1.728404e-06
2.363627e-06
2.723803e-06
3.172439e-06
4.072940e-06
4.727835e-06
5.900396e-06
8.392387e-06
9.467134e-06
1.040944e-05
1.318833e-05
1.516175e-05
1.653028e-05
2.018229e-05
2.434794e-05
2.444283e-05
2.453772e-05
2.724860e-05
2.869826e-05
3.707882e-05
4.040902e-05
4.195900e-05
4.247606e-05
4.314398e-05
5.172112e-05
5.766963e-05
6.178884e-05
5.702575e-05
6.970993e-05
8.452417e-05
7.364322e-05
9.081025e-05
1.037504e-04
1.055171e-04
1.329691e-04
1.595298e-04
1.254270e-04
1.192197e-04
1.612099e-04
2.062749e-04
2.072003e-04
1.521997e-04
1.715629e-04
1.908407e-04
2.597377e-04
2.755160e-04
2.524911e-04
1.941979e-04
2.236440e-04
3.249932e-04
3.028275e-04
3.008706e-04
2.963041e-04
2.246936e-04
2.976981e-04
3.569414e-04
3.754439e-04
3.717616e-04
2.919298e-04
2.983516e-04
3.219169e-04
3.938838e-04
3.863987e-04
3.500187e-04
3.483946e-04
3.910908e-04
4.136092e-04
4.271444e-04
4.273302e-04
3.975298e-04
3.802459e-04
3.780013e-04
3.777520e-04
4.107087e-04
4.343349e-04
4.309077e-04
4.050938e-04
4.192313e-04
4.468459e-04
4.493416e-04
4.454254e-04
4.414699e-04
4.135011e-04
4.297024e-04
4.449287e-04
4.476616e-04
4.452300e-04
4.476315e-04
4.540680e-04
4.563415e-04
4.586483e-04
4.595316e-04
4.576742e-04
4.553533e-04
4.585334e-04
4.583814e-04
4.550188e-04
