5.863915e-14
1.265831e-13
3.507774e-13
6.649899e-13
1.398195e-12
3.797620e-12
7.049272e-12
1.456843e-11
3.877373e-11
8.129478e-11
1.264574e-10
2.704494e-10
6.855737e-10
1.200902e-09
1.940199e-09
3.415522e-09
6.704456e-09
1.030912e-08
1.529381e-08
2.132276e-08
4.091758e-08
5.449830e-08
7.479814e-08
1.230496e-07
1.661606e-07
2.570509e-07
5.111028e-07
6.422253e-07
7.718408e-07
1.194830e-06
1.548380e-06
1.810908e-06
2.595445e-06
3.622168e-06
3.637479e-06
3.652789e-06
4.360195e-06
4.802603e-06
7.316534e-06
8.414495e-06
8.962945e-06
9.144880e-06
9.372001e-06
1.244967e-05
1.472240e-05
1.632795e-05
1.447478e-05
1.956243e-05
2.580402e-05
2.124652e-05
2.861322e-05
3.453437e-05
3.549716e-05
4.896340e-05
6.284640e-05
4.526576e-05
4.227887e-05
6.415576e-05
9.195902e-05
9.282672e-05
5.952501e-05
7.041261e-05
8.202808e-05
1.343450e-04
1.496388e-04
1.286391e-04
8.484958e-05
1.063206e-04
2.064300e-04
1.796242e-04
1.773377e-04
1.720021e-04
1.065301e-04
1.730536e-04
2.515959e-04
2.827755e-04
2.765327e-04
1.678730e-04
1.758874e-04
2.033840e-04
3.180995e-04
3.043505e-04
2.423575e-04
2.382223e-04
3.089366e-04
3.562819e-04
3.841953e-04
3.845406e-04
3.227137e-04
2.905999e-04
2.853346e-04
2.847498e-04
3.478191e-04
4.041347e-04
3.942217e-04
3.378842e-04
3.679782e-04
4.313607e-04
4.355740e-04
4.243827e-04
4.170270e-04
3.543781e-04
3.897410e-04
4.262995e-04
4.358065e-04
4.288246e-04
4.419912e-04
4.482295e-04
4.556401e-04
4.586483e-04
4.595316e-04
4.576742e-04
4.553533e-04
4.585334e-04
4.583814e-04
4.550188e-04
