2.423223e-05
3.633884e-05
6.312260e-05
8.368939e-05
1.316814e-04
2.233853e-04
3.094685e-04
4.498775e-04
7.422912e-04
1.101646e-03
1.369475e-03
2.030226e-03
3.250623e-03
4.307603e-03
5.425993e-03
7.213949e-03
1.001877e-02
1.227004e-02
1.481346e-02
1.730418e-02
2.354824e-02
2.683302e-02
3.105114e-02
3.869570e-02
4.433928e-02
5.349315e-02
7.202576e-02
7.904239e-02
8.544518e-02
1.019650e-01
1.130853e-01
1.199250e-01
1.376076e-01
1.558196e-01
1.557135e-01
1.556074e-01
1.654110e-01
1.720202e-01
1.968107e-01
2.060454e-01
2.105852e-01
2.120444e-01
2.135028e-01
2.325677e-01
2.439930e-01
2.513251e-01
2.425950e-01
2.628665e-01
2.822187e-01
2.692272e-01
2.893405e-01
3.024855e-01
3.034663e-01
3.219251e-01
3.364372e-01
3.188224e-01
3.158059e-01
3.383131e-01
3.544727e-01
3.550275e-01
3.353860e-01
3.441432e-01
3.516064e-01
3.695617e-01
3.728410e-01
3.684665e-01
3.539673e-01
3.624487e-01
3.830136e-01
3.796955e-01
3.795230e-01
3.791207e-01
3.649108e-01
3.801306e-01
3.890993e-01
3.917556e-01
3.915620e-01
3.806116e-01
3.818023e-01
3.857670e-01
3.959870e-01
3.953020e-01
3.910949e-01
3.912418e-01
3.966490e-01
3.993864e-01
4.010013e-01
4.013117e-01
3.985759e-01
3.969088e-01
3.969540e-01
3.969590e-01
4.006963e-01
4.036936e-01
4.036697e-01
4.013032e-01
4.030905e-01
4.064423e-01
4.067778e-01
4.066626e-01
4.066134e-01
4.042688e-01
4.060949e-01
4.079836e-01
4.090856e-01
4.091264e-01
4.104208e-01
4.111917e-01
4.122770e-01
4.131313e-01
4.133664e-01
4.176188e-01
4.264633e-01
4.307505e-01
4.307693e-01
4.328517e-01
