1.434687e-03
1.775750e-03
2.374263e-03
2.707244e-03
3.484245e-03
4.594326e-03
5.457093e-03
6.637617e-03
8.652981e-03
1.065228e-02
1.202374e-02
1.474962e-02
1.888229e-02
2.191585e-02
2.486566e-02
2.884166e-02
3.431690e-02
3.831821e-02
4.238787e-02
4.612120e-02
5.423747e-02
5.824151e-02
6.291695e-02
7.084829e-02
7.616292e-02
8.435113e-02
9.887073e-02
1.041259e-01
1.085457e-01
1.193860e-01
1.262147e-01
1.305746e-01
1.405325e-01
1.501750e-01
1.502709e-01
1.503669e-01
1.554917e-01
1.587502e-01
1.709072e-01
1.753507e-01
1.774548e-01
1.781460e-01
1.789554e-01
1.874020e-01
1.923762e-01
1.955464e-01
1.921325e-01
2.005911e-01
2.085142e-01
2.035499e-01
2.115786e-01
2.167870e-01
2.173431e-01
2.243867e-01
2.298432e-01
2.235331e-01
2.224715e-01
2.308113e-01
2.366899e-01
2.370089e-01
2.300835e-01
2.332922e-01
2.360139e-01
2.424170e-01
2.436737e-01
2.422602e-01
2.372394e-01
2.402979e-01
2.475493e-01
2.465379e-01
2.464945e-01
2.463933e-01
2.415564e-01
2.468649e-01
2.499954e-01
2.509785e-01
2.509769e-01
2.474075e-01
2.478450e-01
2.492115e-01
2.528276e-01
2.526161e-01
2.513034e-01
2.514088e-01
2.533038e-01
2.542630e-01
2.548818e-01
2.550478e-01
2.541806e-01
2.536952e-01
2.537669e-01
2.537749e-01
2.550782e-01
2.561167e-01
2.561793e-01
2.554705e-01
2.560984e-01
2.573869e-01
2.575518e-01
2.575683e-01
2.575772e-01
2.568470e-01
2.575239e-01
2.582626e-01
2.588085e-01
2.589014e-01
2.594648e-01
2.599428e-01
2.605137e-01
2.610092e-01
2.611483e-01
2.635978e-01
2.686924e-01
2.707971e-01
2.708052e-01
2.717412e-01
