3.597494e-03
4.292154e-03
5.473885e-03
6.096392e-03
7.548994e-03
9.511129e-03
1.097314e-02
1.291546e-02
1.608607e-02
1.916425e-02
2.111991e-02
2.509679e-02
3.086528e-02
3.494396e-02
3.872353e-02
4.389120e-02
5.074093e-02
5.552996e-02
6.037664e-02
6.470549e-02
7.414356e-02
7.860383e-02
8.383834e-02
9.246685e-02
9.823550e-02
1.068098e-01
1.219500e-01
1.271814e-01
1.316701e-01
1.425352e-01
1.492941e-01
1.533629e-01
1.630922e-01
1.724225e-01
1.724089e-01
1.723953e-01
1.772163e-01
1.803546e-01
1.922007e-01
1.956745e-01
1.976359e-01
1.982628e-01
1.988616e-01
2.066833e-01
2.111945e-01
2.140585e-01
2.107833e-01
2.188021e-01
2.256008e-01
2.209682e-01
2.282071e-01
2.328241e-01
2.331993e-01
2.394358e-01
2.442411e-01
2.385255e-01
2.375358e-01
2.449299e-01
2.500850e-01
2.502982e-01
2.441034e-01
2.469242e-01
2.493058e-01
2.548808e-01
2.559147e-01
2.546220e-01
2.501684e-01
2.528170e-01
2.590860e-01
2.581426e-01
2.580972e-01
2.579913e-01
2.537177e-01
2.583518e-01
2.610299e-01
2.618231e-01
2.617876e-01
2.586190e-01
2.589840e-01
2.601694e-01
2.631858e-01
2.629851e-01
2.618129e-01
2.619081e-01
2.635082e-01
2.642851e-01
2.647931e-01
2.649029e-01
2.641250e-01
2.636699e-01
2.637155e-01
2.637206e-01
2.648135e-01
2.656361e-01
2.656656e-01
2.650119e-01
2.655278e-01
2.665365e-01
2.666623e-01
2.666564e-01
2.666271e-01
2.659600e-01
2.665268e-01
2.671382e-01
2.675525e-01
2.676159e-01
2.680400e-01
2.684458e-01
2.688749e-01
2.692647e-01
2.693759e-01
2.712328e-01
2.750925e-01
2.763212e-01
2.763239e-01
2.767722e-01
