0.000000e+00
1.307414e-70
5.186954e-64
-2.185880e-62
6.611954e-59
2.368686e-52
-4.447480e-47
2.674238e-41
2.721269e-36
6.360191e-30
-1.023636e-23
3.780573e-06
1.020931e-05
1.847569e-05
3.008486e-05
5.480734e-05
1.097196e-04
1.682144e-04
2.504027e-04
3.474580e-04
6.667625e-04
8.781072e-04
1.197440e-03
1.911423e-03
2.546103e-03
3.790849e-03
7.096566e-03
8.634514e-03
1.017033e-02
1.475302e-02
1.835470e-02
2.073443e-02
2.773748e-02
3.607406e-02
3.600008e-02
3.592609e-02
4.086941e-02
4.433639e-02
5.899084e-02
6.483860e-02
6.783257e-02
6.879075e-02
6.971546e-02
8.352932e-02
9.238149e-02
9.824374e-02
9.098101e-02
1.079094e-01
1.251313e-01
1.129569e-01
1.315446e-01
1.441921e-01
1.450066e-01
1.643290e-01
1.801391e-01
1.602783e-01
1.567980e-01
1.815490e-01
2.004525e-01
2.008453e-01
1.774014e-01
1.872407e-01
1.958414e-01
2.178453e-01
2.217684e-01
2.158617e-01
1.976309e-01
2.077570e-01
2.335863e-01
2.288823e-01
2.285620e-01
2.278146e-01
2.093979e-01
2.285066e-01
2.401514e-01
2.434487e-01
2.429325e-01
2.277805e-01
2.291782e-01
2.342357e-01
2.472607e-01
2.462202e-01
2.401504e-01
2.399777e-01
2.470075e-01
2.505597e-01
2.524487e-01
2.525723e-01
2.485156e-01
2.459403e-01
2.456975e-01
2.456705e-01
2.505491e-01
2.542821e-01
2.538601e-01
2.503084e-01
2.524782e-01
2.562380e-01
2.564710e-01
2.560093e-01
2.557265e-01
2.522373e-01
2.544801e-01
2.566387e-01
2.574442e-01
2.572225e-01
2.583288e-01
2.587126e-01
2.594158e-01
2.598313e-01
2.599391e-01
2.617303e-01
2.654566e-01
2.666467e-01
2.666493e-01
2.670820e-01
