1.369126e-05
2.037803e-05
3.533899e-05
4.681928e-05
7.360816e-05
1.250942e-04
1.733568e-04
2.517984e-04
4.148103e-04
6.197974e-04
7.656860e-04
1.143519e-03
1.842804e-03
2.452014e-03
3.081649e-03
4.130025e-03
5.769147e-03
7.071598e-03
8.563611e-03
1.001890e-02
1.376697e-02
1.570638e-02
1.826385e-02
2.284342e-02
2.630816e-02
3.184455e-02
4.336214e-02
4.761507e-02
5.167482e-02
6.204171e-02
6.910490e-02
7.324859e-02
8.457911e-02
9.639397e-02
9.618664e-02
9.597930e-02
1.021714e-01
1.065382e-01
1.224034e-01
1.282756e-01
1.312243e-01
1.321527e-01
1.329263e-01
1.454161e-01
1.528552e-01
1.575780e-01
1.514741e-01
1.648328e-01
1.774779e-01
1.685381e-01
1.818497e-01
1.904073e-01
1.907203e-01
2.028464e-01
2.124070e-01
2.003409e-01
1.982189e-01
2.131280e-01
2.237997e-01
2.239756e-01
2.106244e-01
2.163627e-01
2.212450e-01
2.330722e-01
2.350528e-01
2.319348e-01
2.221105e-01
2.276041e-01
2.410438e-01
2.386196e-01
2.384689e-01
2.381173e-01
2.284840e-01
2.385121e-01
2.443201e-01
2.459006e-01
2.456426e-01
2.380715e-01
2.387866e-01
2.413783e-01
2.477350e-01
2.472176e-01
2.442667e-01
2.442649e-01
2.477047e-01
2.493554e-01
2.502894e-01
2.503531e-01
2.484026e-01
2.471475e-01
2.470844e-01
2.470774e-01
2.494157e-01
2.511362e-01
2.509800e-01
2.492516e-01
2.503165e-01
2.521021e-01
2.522292e-01
2.520400e-01
2.518749e-01
2.502013e-01
2.513088e-01
2.523813e-01
2.527949e-01
2.527283e-01
2.532865e-01
2.536071e-01
2.539989e-01
2.542900e-01
2.543729e-01
2.556361e-01
2.582625e-01
2.587593e-01
2.587576e-01
2.588130e-01
