7.196717e-05
1.005634e-04
1.581977e-04
1.973292e-04
2.886415e-04
4.451734e-04
5.824303e-04
7.921752e-04
1.199633e-03
1.657404e-03
1.998958e-03
2.753319e-03
4.052605e-03
5.113456e-03
6.221093e-03
7.845737e-03
1.029217e-02
1.221533e-02
1.429116e-02
1.629068e-02
2.098537e-02
2.343253e-02
2.643742e-02
3.179523e-02
3.558594e-02
4.169221e-02
5.337008e-02
5.779408e-02
6.165149e-02
7.146504e-02
7.790254e-02
8.202667e-02
9.195838e-02
1.019467e-01
1.020051e-01
1.020634e-01
1.074797e-01
1.109741e-01
1.244077e-01
1.293730e-01
1.317549e-01
1.325319e-01
1.333997e-01
1.433000e-01
1.492262e-01
1.530008e-01
1.487312e-01
1.590391e-01
1.688433e-01
1.624675e-01
1.725216e-01
1.790943e-01
1.797032e-01
1.888354e-01
1.959728e-01
1.874652e-01
1.859879e-01
1.969992e-01
2.048756e-01
2.052086e-01
1.957301e-01
1.999732e-01
2.035813e-01
2.122876e-01
2.139293e-01
2.118699e-01
2.048821e-01
2.089899e-01
2.188883e-01
2.173607e-01
2.172754e-01
2.170763e-01
2.102763e-01
2.175491e-01
2.218598e-01
2.231610e-01
2.230836e-01
2.178912e-01
2.184537e-01
2.203271e-01
2.252283e-01
2.249030e-01
2.229322e-01
2.229772e-01
2.255689e-01
2.268773e-01
2.276588e-01
2.278093e-01
2.265086e-01
2.257296e-01
2.257474e-01
2.257494e-01
2.275312e-01
2.289237e-01
2.289061e-01
2.278159e-01
2.286422e-01
2.302400e-01
2.304067e-01
2.303456e-01
2.303169e-01
2.292164e-01
2.300880e-01
2.309934e-01
2.315459e-01
2.315902e-01
2.321934e-01
2.326315e-01
2.331877e-01
2.336400e-01
2.337668e-01
2.359550e-01
2.405106e-01
2.424074e-01
2.424148e-01
2.432533e-01
