1.294742e-04
1.753114e-04
2.675113e-04
3.279396e-04
4.689472e-04
7.037093e-04
9.034642e-04
1.200850e-03
1.758322e-03
2.395140e-03
2.815582e-03
3.827079e-03
5.512575e-03
6.859046e-03
8.168745e-03
1.021976e-02
1.319442e-02
1.541670e-02
1.784736e-02
2.012368e-02
2.565306e-02
2.837334e-02
3.183423e-02
3.776058e-02
4.206280e-02
4.866277e-02
6.160327e-02
6.616617e-02
7.043446e-02
8.099305e-02
8.794072e-02
9.195463e-02
1.026153e-01
1.133249e-01
1.131680e-01
1.130112e-01
1.185322e-01
1.223865e-01
1.360388e-01
1.410145e-01
1.434844e-01
1.442632e-01
1.449216e-01
1.551789e-01
1.611924e-01
1.649846e-01
1.601281e-01
1.707687e-01
1.806557e-01
1.737227e-01
1.840676e-01
1.906366e-01
1.908910e-01
2.000417e-01
2.071812e-01
1.982173e-01
1.966311e-01
2.077649e-01
2.156086e-01
2.157547e-01
2.059614e-01
2.102113e-01
2.138086e-01
2.224135e-01
2.239006e-01
2.216252e-01
2.145037e-01
2.185053e-01
2.282192e-01
2.265174e-01
2.264134e-01
2.261706e-01
2.192295e-01
2.264827e-01
2.306405e-01
2.317412e-01
2.316009e-01
2.262200e-01
2.267388e-01
2.286057e-01
2.331501e-01
2.327825e-01
2.306733e-01
2.307421e-01
2.332093e-01
2.343652e-01
2.350487e-01
2.351074e-01
2.337389e-01
2.328596e-01
2.328472e-01
2.328458e-01
2.344996e-01
2.357059e-01
2.356186e-01
2.344099e-01
2.351717e-01
2.364676e-01
2.365726e-01
2.364563e-01
2.363376e-01
2.351609e-01
2.359632e-01
2.367518e-01
2.370900e-01
2.370641e-01
2.374841e-01
2.377896e-01
2.381221e-01
2.383941e-01
2.384718e-01
2.396516e-01
2.421098e-01
2.425788e-01
2.425773e-01
2.426270e-01
