5.965166e-05
8.389402e-05
1.331295e-04
1.669178e-04
2.457619e-04
3.822453e-04
5.026851e-04
6.878058e-04
1.049867e-03
1.459518e-03
1.766195e-03
2.448098e-03
3.630193e-03
4.600947e-03
5.617643e-03
7.116768e-03
9.384571e-03
1.117319e-02
1.311069e-02
1.498129e-02
1.939327e-02
2.169834e-02
2.453819e-02
2.961407e-02
3.321468e-02
3.902807e-02
5.019508e-02
5.443458e-02
5.814623e-02
6.757978e-02
7.378858e-02
7.776368e-02
8.736979e-02
9.704512e-02
9.709965e-02
9.715416e-02
1.024104e-01
1.058015e-01
1.188626e-01
1.236961e-01
1.260157e-01
1.267717e-01
1.276116e-01
1.372705e-01
1.430544e-01
1.467344e-01
1.425586e-01
1.526342e-01
1.622220e-01
1.559731e-01
1.658663e-01
1.722541e-01
1.728464e-01
1.817989e-01
1.887955e-01
1.804900e-01
1.789894e-01
1.898064e-01
1.975350e-01
1.978553e-01
1.885395e-01
1.927037e-01
1.962545e-01
2.048082e-01
2.063285e-01
2.043911e-01
1.975157e-01
2.015461e-01
2.114756e-01
2.097505e-01
2.096723e-01
2.094899e-01
2.027932e-01
2.099390e-01
2.145089e-01
2.154652e-01
2.153849e-01
2.102693e-01
2.108078e-01
2.126315e-01
2.174703e-01
2.171467e-01
2.150563e-01
2.152914e-01
2.176194e-01
2.190877e-01
2.198507e-01
2.199977e-01
2.187132e-01
2.179332e-01
2.179598e-01
2.179627e-01
2.197157e-01
2.210822e-01
2.210627e-01
2.199850e-01
2.207949e-01
2.223601e-01
2.225234e-01
2.224647e-01
2.224317e-01
2.213413e-01
2.221985e-01
2.230877e-01
2.236232e-01
2.236616e-01
2.242501e-01
2.246723e-01
2.252120e-01
2.256526e-01
2.257738e-01
2.278857e-01
2.322849e-01
2.341133e-01
2.341198e-01
2.349300e-01
