1.059547e-05
1.603502e-05
2.803653e-05
3.731945e-05
5.898084e-05
1.007797e-04
1.404480e-04
2.055962e-04
3.434473e-04
5.112780e-04
6.437933e-04
9.565458e-04
1.542400e-03
2.055309e-03
2.616868e-03
3.485789e-03
4.873954e-03
6.019553e-03
7.304636e-03
8.583489e-03
1.173559e-02
1.344195e-02
1.560255e-02
1.959039e-02
2.250971e-02
2.735899e-02
3.709184e-02
4.090264e-02
4.429215e-02
5.312468e-02
5.907930e-02
6.292112e-02
7.243565e-02
8.225004e-02
8.229278e-02
8.233551e-02
8.773946e-02
9.125402e-02
1.050331e-01
1.101792e-01
1.126689e-01
1.134796e-01
1.143730e-01
1.249763e-01
1.312905e-01
1.353787e-01
1.306650e-01
1.419163e-01
1.527412e-01
1.456163e-01
1.567933e-01
1.641534e-01
1.647983e-01
1.751729e-01
1.833517e-01
1.735089e-01
1.717833e-01
1.844241e-01
1.935668e-01
1.939114e-01
1.828332e-01
1.877390e-01
1.919109e-01
2.021023e-01
2.040049e-01
2.015328e-01
1.932775e-01
1.980654e-01
2.097090e-01
2.077488e-01
2.076671e-01
2.074764e-01
1.993972e-01
2.079619e-01
2.130653e-01
2.145786e-01
2.144576e-01
2.082063e-01
2.088563e-01
2.110697e-01
2.168351e-01
2.164312e-01
2.140357e-01
2.140557e-01
2.171298e-01
2.186651e-01
2.195579e-01
2.197062e-01
2.181129e-01
2.171445e-01
2.171459e-01
2.171460e-01
2.192482e-01
2.208881e-01
2.208229e-01
2.194803e-01
2.204425e-01
2.222667e-01
2.224413e-01
2.223373e-01
2.222825e-01
2.209371e-01
2.219476e-01
2.229786e-01
2.235552e-01
2.235673e-01
2.242182e-01
2.246399e-01
2.252086e-01
2.256526e-01
2.257738e-01
2.278857e-01
2.322849e-01
2.341133e-01
2.341198e-01
2.349300e-01
