3.816772e-04
4.970699e-04
7.142752e-04
8.466131e-04
1.155419e-03
1.632350e-03
2.020815e-03
2.579598e-03
3.581571e-03
4.646858e-03
5.366840e-03
6.945710e-03
9.461349e-03
1.138476e-02
1.326134e-02
1.598827e-02
1.984873e-02
2.269430e-02
2.570025e-02
2.848127e-02
3.489447e-02
3.804851e-02
4.188567e-02
4.845350e-02
5.301460e-02
6.003281e-02
7.310858e-02
7.776868e-02
8.188547e-02
9.211010e-02
9.864955e-02
1.026116e-01
1.124387e-01
1.221511e-01
1.220934e-01
1.220356e-01
1.271012e-01
1.304563e-01
1.427079e-01
1.471499e-01
1.493016e-01
1.499930e-01
1.506828e-01
1.595505e-01
1.647251e-01
1.680054e-01
1.641177e-01
1.730952e-01
1.814998e-01
1.757762e-01
1.845349e-01
1.900443e-01
1.904368e-01
1.980661e-01
2.039800e-01
1.967859e-01
1.955135e-01
2.046854e-01
2.111403e-01
2.113496e-01
2.034639e-01
2.069685e-01
2.099227e-01
2.169973e-01
2.182558e-01
2.165288e-01
2.107998e-01
2.141221e-01
2.220841e-01
2.208008e-01
2.207275e-01
2.205566e-01
2.150103e-01
2.209152e-01
2.243362e-01
2.253275e-01
2.253171e-01
2.210127e-01
2.214651e-01
2.229717e-01
2.267804e-01
2.265057e-01
2.249126e-01
2.249599e-01
2.270005e-01
2.279925e-01
2.285958e-01
2.286933e-01
2.276353e-01
2.269876e-01
2.269949e-01
2.269957e-01
2.283927e-01
2.294336e-01
2.294112e-01
2.285068e-01
2.291480e-01
2.303392e-01
2.304642e-01
2.304084e-01
2.303532e-01
2.294450e-01
2.301320e-01
2.308388e-01
2.312364e-01
2.312614e-01
2.316978e-01
2.320604e-01
2.324623e-01
2.328072e-01
2.329053e-01
2.345064e-01
2.378381e-01
2.389116e-01
2.389136e-01
2.393007e-01
