0.000000e+00
-1.258598e-70
-2.002971e-64
-7.102685e-63
-5.911865e-59
-6.566088e-53
6.243578e-48
-2.690493e-42
9.448036e-37
-5.340219e-30
-5.719178e-25
1.497317e-06
4.310304e-06
8.107960e-06
1.344671e-05
2.568986e-05
5.382609e-05
8.440804e-05
1.288256e-04
1.821697e-04
3.679241e-04
4.921037e-04
6.886454e-04
1.131548e-03
1.544341e-03
2.359955e-03
4.660047e-03
5.735466e-03
6.867855e-03
1.026007e-02
1.302307e-02
1.479943e-02
2.035082e-02
2.719134e-02
2.705150e-02
2.691166e-02
3.090648e-02
3.389970e-02
4.616105e-02
5.112097e-02
5.374898e-02
5.457571e-02
5.525840e-02
6.744408e-02
7.532886e-02
8.055767e-02
7.371855e-02
8.908114e-02
1.048015e-01
9.331951e-02
1.105210e-01
1.223598e-01
1.227871e-01
1.409555e-01
1.560214e-01
1.367943e-01
1.335226e-01
1.570179e-01
1.751539e-01
1.753883e-01
1.527113e-01
1.621511e-01
1.704184e-01
1.915739e-01
1.951929e-01
1.893116e-01
1.716381e-01
1.813565e-01
2.062920e-01
2.015174e-01
2.012091e-01
2.004896e-01
1.825589e-01
2.010853e-01
2.122780e-01
2.154070e-01
2.148367e-01
1.999454e-01
2.012922e-01
2.062432e-01
2.186849e-01
2.176333e-01
2.116351e-01
2.115171e-01
2.182948e-01
2.216335e-01
2.234344e-01
2.235018e-01
2.194931e-01
2.168875e-01
2.166775e-01
2.166542e-01
2.213282e-01
2.248588e-01
2.244328e-01
2.208476e-01
2.229736e-01
2.264609e-01
2.266517e-01
2.261863e-01
2.258472e-01
2.223895e-01
2.245549e-01
2.265964e-01
2.272197e-01
2.269617e-01
2.279504e-01
2.282428e-01
2.287744e-01
2.290632e-01
2.291387e-01
2.302708e-01
2.326313e-01
2.330839e-01
2.330822e-01
2.331300e-01
