0.000000e+00
1.433595e-82
-7.626816e-76
-6.062590e-74
3.961860e-70
-2.689916e-64
-2.789467e-58
1.947396e-53
-2.169216e-47
-3.950541e-41
9.715461e-36
1.275736e-29
1.182610e-24
1.713476e-06
3.136663e-06
6.621210e-06
1.569544e-05
2.669753e-05
4.373774e-05
6.568969e-05
1.477757e-04
2.079638e-04
3.062290e-04
5.478006e-04
7.818418e-04
1.282768e-03
2.793167e-03
3.564164e-03
4.366924e-03
6.920451e-03
9.077543e-03
1.055537e-02
1.515092e-02
2.100046e-02
2.094107e-02
2.088167e-02
2.450102e-02
2.711106e-02
3.865181e-02
4.343147e-02
4.593229e-02
4.673209e-02
4.749953e-02
5.944763e-02
6.735725e-02
7.268880e-02
6.604881e-02
8.168399e-02
9.807445e-02
8.633921e-02
1.043067e-01
1.168685e-01
1.176667e-01
1.374519e-01
1.539690e-01
1.331480e-01
1.295478e-01
1.553874e-01
1.757126e-01
1.761090e-01
1.509374e-01
1.614000e-01
1.706095e-01
1.947251e-01
1.990627e-01
1.924641e-01
1.724497e-01
1.834968e-01
2.122193e-01
2.068792e-01
2.065135e-01
2.056600e-01
1.851649e-01
2.063870e-01
2.195423e-01
2.232840e-01
2.226697e-01
2.054594e-01
2.070267e-01
2.127185e-01
2.274942e-01
2.262926e-01
2.193259e-01
2.190996e-01
2.271069e-01
2.311778e-01
2.333263e-01
2.334451e-01
2.287533e-01
2.257757e-01
2.254750e-01
2.254416e-01
2.310245e-01
2.353098e-01
2.347930e-01
2.306737e-01
2.331590e-01
2.374374e-01
2.376878e-01
2.371293e-01
2.367890e-01
2.327467e-01
2.353042e-01
2.377603e-01
2.386173e-01
2.383321e-01
2.395545e-01
2.399145e-01
2.406491e-01
2.410467e-01
2.411470e-01
2.428058e-01
2.462625e-01
2.473701e-01
2.473724e-01
2.477727e-01
