0.000000e+00
2.131797e-47
-3.515578e-41
7.361189e-40
-2.254010e-35
-1.153401e-29
-5.265198e-24
1.797699e-06
4.460731e-06
8.758757e-06
1.255775e-05
2.487505e-05
5.611386e-05
9.126796e-05
1.347311e-04
2.218112e-04
3.920628e-04
5.544923e-04
7.680623e-04
1.003193e-03
1.724253e-03
2.157682e-03
2.793245e-03
4.093355e-03
5.204789e-03
7.212857e-03
1.219697e-02
1.430970e-02
1.644720e-02
2.243674e-02
2.696615e-02
2.976555e-02
3.805121e-02
4.757335e-02
4.738888e-02
4.720442e-02
5.251806e-02
5.640019e-02
7.153144e-02
7.742496e-02
8.047876e-02
8.143923e-02
8.223066e-02
9.588206e-02
1.044126e-01
1.099645e-01
1.027185e-01
1.187868e-01
1.347061e-01
1.232189e-01
1.403617e-01
1.518239e-01
1.522309e-01
1.692609e-01
1.830876e-01
1.654943e-01
1.624506e-01
1.840346e-01
2.001710e-01
2.003912e-01
1.801807e-01
1.886943e-01
1.960595e-01
2.144970e-01
2.176106e-01
2.125843e-01
1.972108e-01
2.057051e-01
2.271119e-01
2.230928e-01
2.228356e-01
2.222354e-01
2.068378e-01
2.227757e-01
2.322552e-01
2.348470e-01
2.343826e-01
2.218624e-01
2.230073e-01
2.272077e-01
2.376548e-01
2.367838e-01
2.317984e-01
2.317213e-01
2.373961e-01
2.401652e-01
2.416751e-01
2.417424e-01
2.384322e-01
2.362865e-01
2.361226e-01
2.361044e-01
2.399965e-01
2.429124e-01
2.425824e-01
2.396282e-01
2.414005e-01
2.443073e-01
2.444788e-01
2.441123e-01
2.438294e-01
2.409834e-01
2.427914e-01
2.445061e-01
2.450712e-01
2.448797e-01
2.457245e-01
2.460356e-01
2.465282e-01
2.468247e-01
2.469059e-01
2.481330e-01
2.506782e-01
2.511640e-01
2.511625e-01
2.512152e-01
