2.939269e-06
4.645463e-06
8.730927e-06
1.219359e-05
2.027360e-05
3.726207e-05
5.418024e-05
8.322613e-05
1.476293e-04
2.336506e-04
2.977141e-04
4.715709e-04
8.150109e-04
1.130669e-03
1.469195e-03
2.054970e-03
3.014024e-03
3.805489e-03
4.738394e-03
5.671260e-03
8.161636e-03
9.490603e-03
1.128208e-02
1.457781e-02
1.713533e-02
2.132432e-02
3.035902e-02
3.378998e-02
3.710560e-02
4.573245e-02
5.173705e-02
5.529507e-02
6.518848e-02
7.571092e-02
7.552066e-02
7.533041e-02
8.091653e-02
8.487744e-02
9.982529e-02
1.049605e-01
1.077201e-01
1.085889e-01
1.093113e-01
1.211401e-01
1.282572e-01
1.327873e-01
1.269097e-01
1.398082e-01
1.521312e-01
1.433793e-01
1.564129e-01
1.648547e-01
1.651572e-01
1.772394e-01
1.868493e-01
1.747026e-01
1.725759e-01
1.875197e-01
1.983108e-01
1.984854e-01
1.849732e-01
1.907537e-01
1.956895e-01
2.077256e-01
2.097339e-01
2.065454e-01
1.965338e-01
2.021112e-01
2.158481e-01
2.133306e-01
2.131737e-01
2.128075e-01
2.029622e-01
2.132016e-01
2.191712e-01
2.207935e-01
2.205219e-01
2.127218e-01
2.134542e-01
2.161074e-01
2.226350e-01
2.220991e-01
2.190447e-01
2.190315e-01
2.225708e-01
2.242699e-01
2.252273e-01
2.252857e-01
2.232641e-01
2.219598e-01
2.218850e-01
2.218767e-01
2.242866e-01
2.260611e-01
2.258895e-01
2.240968e-01
2.251901e-01
2.270192e-01
2.271456e-01
2.269417e-01
2.267679e-01
2.250319e-01
2.261664e-01
2.272578e-01
2.276570e-01
2.275725e-01
2.281257e-01
2.284232e-01
2.287950e-01
2.290632e-01
2.291387e-01
2.302708e-01
2.326313e-01
2.330839e-01
2.330822e-01
2.331300e-01
