8.649448e-07
1.436144e-06
2.882308e-06
4.212259e-06
7.315658e-06
1.433672e-05
2.168259e-05
3.487519e-05
6.573324e-05
1.090325e-04
1.424995e-04
2.368718e-04
4.335640e-04
6.224448e-04
8.312754e-04
1.204215e-03
1.838467e-03
2.378368e-03
3.029874e-03
3.694869e-03
5.523444e-03
6.524491e-03
7.898340e-03
1.048301e-02
1.253088e-02
1.595502e-02
2.356318e-02
2.652020e-02
2.940689e-02
3.703403e-02
4.243806e-02
4.566718e-02
5.476752e-02
6.460568e-02
6.442516e-02
6.424462e-02
6.951918e-02
7.328919e-02
8.734563e-02
9.264604e-02
9.533898e-02
9.618620e-02
9.688634e-02
1.085265e-01
1.155817e-01
1.201016e-01
1.142304e-01
1.271279e-01
1.395415e-01
1.306905e-01
1.438819e-01
1.524656e-01
1.527750e-01
1.651082e-01
1.750541e-01
1.625311e-01
1.602774e-01
1.757592e-01
1.869862e-01
1.871473e-01
1.730971e-01
1.790829e-01
1.842132e-01
1.967794e-01
1.988865e-01
1.955258e-01
1.850600e-01
1.908675e-01
2.052733e-01
2.026332e-01
2.024660e-01
2.020759e-01
1.917374e-01
2.024677e-01
2.087454e-01
2.104512e-01
2.101591e-01
2.019267e-01
2.026921e-01
2.054849e-01
2.123616e-01
2.117939e-01
2.085604e-01
2.085375e-01
2.122688e-01
2.140639e-01
2.150661e-01
2.151253e-01
2.129823e-01
2.115978e-01
2.115138e-01
2.115044e-01
2.140466e-01
2.159261e-01
2.157342e-01
2.138335e-01
2.149870e-01
2.169083e-01
2.170357e-01
2.168144e-01
2.166304e-01
2.147911e-01
2.159835e-01
2.171236e-01
2.175288e-01
2.174298e-01
2.179996e-01
2.182868e-01
2.186596e-01
2.189189e-01
2.189917e-01
2.200713e-01
2.223246e-01
2.227596e-01
2.227579e-01
2.228022e-01
