0.000000e+00
3.508853e-26
1.596730e-07
2.640538e-07
5.076231e-07
1.167839e-06
1.954448e-06
3.547708e-06
7.876852e-06
1.453709e-05
2.069315e-05
3.836524e-05
8.066359e-05
1.259543e-04
1.826841e-04
2.855900e-04
4.805309e-04
6.654189e-04
8.977295e-04
1.151344e-03
1.872549e-03
2.308060e-03
2.910967e-03
4.139525e-03
5.133732e-03
6.939160e-03
1.111179e-02
1.291007e-02
1.460367e-02
1.932517e-02
2.277330e-02
2.505690e-02
3.115861e-02
3.793361e-02
3.793466e-02
3.793571e-02
4.182524e-02
4.444844e-02
5.519823e-02
5.936626e-02
6.143776e-02
6.210789e-02
6.281231e-02
7.197402e-02
7.770436e-02
8.142778e-02
7.700849e-02
8.753131e-02
9.796911e-02
9.086678e-02
1.018909e-01
1.092993e-01
1.098853e-01
1.207713e-01
1.295249e-01
1.187842e-01
1.169091e-01
1.305200e-01
1.406607e-01
1.409783e-01
1.285665e-01
1.339129e-01
1.385239e-01
1.501039e-01
1.522323e-01
1.492814e-01
1.398020e-01
1.451818e-01
1.586098e-01
1.563281e-01
1.561788e-01
1.558302e-01
1.463864e-01
1.562800e-01
1.622625e-01
1.640061e-01
1.638088e-01
1.562524e-01
1.569893e-01
1.595794e-01
1.663147e-01
1.658148e-01
1.628479e-01
1.627975e-01
1.664041e-01
1.682304e-01
1.692422e-01
1.693617e-01
1.673836e-01
1.661567e-01
1.660866e-01
1.660789e-01
1.685712e-01
1.704879e-01
1.703389e-01
1.686462e-01
1.697654e-01
1.718097e-01
1.719735e-01
1.717907e-01
1.716859e-01
1.700010e-01
1.711675e-01
1.723174e-01
1.728435e-01
1.727925e-01
1.734386e-01
1.737821e-01
1.742857e-01
1.746413e-01
1.747378e-01
1.763572e-01
1.797401e-01
1.811633e-01
1.811681e-01
1.817841e-01
