9.716764e-06
1.470865e-05
2.609014e-05
3.507321e-05
5.603493e-05
9.735787e-05
1.367689e-04
2.018436e-04
3.396274e-04
5.158720e-04
6.430483e-04
9.767435e-04
1.606227e-03
2.163480e-03
2.745691e-03
3.726000e-03
5.279968e-03
6.529267e-03
7.972444e-03
9.390661e-03
1.308323e-02
1.501204e-02
1.757235e-02
2.219648e-02
2.572151e-02
3.139712e-02
4.334258e-02
4.779025e-02
5.205326e-02
6.300630e-02
7.051758e-02
7.493787e-02
8.709234e-02
9.984446e-02
9.961861e-02
9.939276e-02
1.061017e-01
1.108457e-01
1.281578e-01
1.345864e-01
1.378219e-01
1.388405e-01
1.396877e-01
1.534390e-01
1.616544e-01
1.668780e-01
1.600929e-01
1.749187e-01
1.889754e-01
1.790681e-01
1.938342e-01
2.033819e-01
2.037270e-01
2.173029e-01
2.280274e-01
2.144788e-01
2.120999e-01
2.288310e-01
2.408294e-01
2.410224e-01
2.260008e-01
2.324503e-01
2.379369e-01
2.512717e-01
2.535032e-01
2.499793e-01
2.388942e-01
2.450901e-01
2.602629e-01
2.575147e-01
2.573433e-01
2.569431e-01
2.460623e-01
2.573822e-01
2.639511e-01
2.657391e-01
2.654454e-01
2.568689e-01
2.576765e-01
2.606068e-01
2.678007e-01
2.672158e-01
2.638653e-01
2.638558e-01
2.677484e-01
2.696190e-01
2.706732e-01
2.707444e-01
2.685323e-01
2.671055e-01
2.670271e-01
2.670184e-01
2.696661e-01
2.716220e-01
2.714379e-01
2.694775e-01
2.706808e-01
2.726980e-01
2.728376e-01
2.726186e-01
2.724324e-01
2.705338e-01
2.717856e-01
2.729959e-01
2.734585e-01
2.733739e-01
2.740073e-01
2.743449e-01
2.747783e-01
2.750925e-01
2.751810e-01
2.765495e-01
2.793924e-01
2.799221e-01
2.799205e-01
2.799823e-01
