0.000000e+00
1.167209e-82
8.622675e-77
8.243223e-75
-3.731930e-71
5.623157e-65
-3.146512e-59
-1.198005e-55
2.257818e-48
2.925911e-42
-3.547789e-36
-4.849492e-31
2.809102e-25
2.546436e-07
5.054175e-07
1.184784e-06
3.164245e-06
5.784492e-06
1.014200e-05
1.610005e-05
4.055389e-05
5.977205e-05
9.298445e-05
1.801515e-04
2.699800e-04
4.740833e-04
1.148529e-03
1.514790e-03
1.908689e-03
3.216651e-03
4.379664e-03
5.194009e-03
7.834435e-03
1.136044e-02
1.131742e-02
1.127440e-02
1.351304e-02
1.517114e-02
2.268902e-02
2.588491e-02
2.758825e-02
2.813183e-02
2.864398e-02
3.696597e-02
4.260001e-02
4.644455e-02
4.161955e-02
5.302531e-02
6.522655e-02
5.639714e-02
6.992706e-02
7.957690e-02
8.015645e-02
9.565993e-02
1.087960e-01
9.218736e-02
8.935847e-02
1.098836e-01
1.263594e-01
1.266612e-01
1.062558e-01
1.146728e-01
1.221454e-01
1.419411e-01
1.455126e-01
1.400140e-01
1.235661e-01
1.326060e-01
1.564249e-01
1.519233e-01
1.516170e-01
1.509022e-01
1.339005e-01
1.514930e-01
1.625086e-01
1.656383e-01
1.651088e-01
1.506438e-01
1.519538e-01
1.567179e-01
1.691113e-01
1.680867e-01
1.621933e-01
1.620109e-01
1.687533e-01
1.721759e-01
1.739895e-01
1.740830e-01
1.700928e-01
1.675571e-01
1.673059e-01
1.672780e-01
1.719880e-01
1.756002e-01
1.751592e-01
1.716430e-01
1.737484e-01
1.773523e-01
1.775598e-01
1.770824e-01
1.767814e-01
1.733363e-01
1.755018e-01
1.775647e-01
1.782513e-01
1.779969e-01
1.789983e-01
1.792907e-01
1.798713e-01
1.801790e-01
1.802572e-01
1.814818e-01
1.840433e-01
1.848837e-01
1.848849e-01
1.851755e-01
