0.000000e+00
6.657925e-07
1.475537e-06
2.217485e-06
3.948797e-06
8.023228e-06
1.243973e-05
2.063352e-05
4.068161e-05
6.863505e-05
9.288582e-05
1.569048e-04
2.951612e-04
4.312758e-04
5.926393e-04
8.661252e-04
1.348290e-03
1.780619e-03
2.298182e-03
2.841966e-03
4.296937e-03
5.137305e-03
6.256913e-03
8.446981e-03
1.014581e-02
1.311942e-02
1.959100e-02
2.227562e-02
2.473944e-02
3.142189e-02
3.613789e-02
3.923285e-02
4.723265e-02
5.584189e-02
5.586181e-02
5.588174e-02
6.074372e-02
6.396504e-02
7.695776e-02
8.191521e-02
8.434916e-02
8.513886e-02
8.598751e-02
9.656616e-02
1.030900e-01
1.072989e-01
1.023709e-01
1.141518e-01
1.256917e-01
1.179384e-01
1.300147e-01
1.380476e-01
1.387195e-01
1.503418e-01
1.595967e-01
1.483148e-01
1.463408e-01
1.607151e-01
1.712983e-01
1.716527e-01
1.587579e-01
1.643671e-01
1.691774e-01
1.811452e-01
1.833574e-01
1.803647e-01
1.706106e-01
1.761932e-01
1.899770e-01
1.876882e-01
1.875412e-01
1.871984e-01
1.775507e-01
1.876962e-01
1.937995e-01
1.955936e-01
1.954127e-01
1.877814e-01
1.885415e-01
1.911829e-01
1.980648e-01
1.975680e-01
1.945933e-01
1.945555e-01
1.982257e-01
2.000910e-01
2.011320e-01
2.012702e-01
1.992953e-01
1.980789e-01
1.980212e-01
1.980148e-01
2.005488e-01
2.025089e-01
2.023795e-01
2.006967e-01
2.018393e-01
2.039512e-01
2.041305e-01
2.039633e-01
2.038727e-01
2.021935e-01
2.033868e-01
2.045771e-01
2.051660e-01
2.051353e-01
2.058363e-01
2.062275e-01
2.067981e-01
2.072127e-01
2.073252e-01
2.092595e-01
2.132926e-01
2.149760e-01
2.149821e-01
2.157207e-01
