1.710908e-04
2.278834e-04
3.400384e-04
4.115396e-04
5.783853e-04
8.491955e-04
1.075687e-03
1.407685e-03
2.018688e-03
2.704902e-03
3.151635e-03
4.212776e-03
5.947731e-03
7.312194e-03
8.624423e-03
1.065719e-02
1.356510e-02
1.571293e-02
1.804276e-02
2.020811e-02
2.541216e-02
2.794838e-02
3.115433e-02
3.659754e-02
4.052037e-02
4.649172e-02
5.807194e-02
6.213002e-02
6.589603e-02
7.516982e-02
8.123483e-02
8.473144e-02
9.395745e-02
1.032133e-01
1.030626e-01
1.029118e-01
1.076426e-01
1.109366e-01
1.225585e-01
1.267820e-01
1.288764e-01
1.295367e-01
1.300948e-01
1.387539e-01
1.438139e-01
1.470007e-01
1.429280e-01
1.518393e-01
1.601183e-01
1.543361e-01
1.629697e-01
1.684441e-01
1.686523e-01
1.762491e-01
1.821735e-01
1.747559e-01
1.734442e-01
1.826564e-01
1.891415e-01
1.892678e-01
1.811856e-01
1.846982e-01
1.876690e-01
1.947589e-01
1.959511e-01
1.941222e-01
1.882549e-01
1.915617e-01
1.995481e-01
1.981480e-01
1.980636e-01
1.978667e-01
1.921704e-01
1.981343e-01
2.015512e-01
2.024794e-01
2.023409e-01
1.979455e-01
1.983732e-01
1.999033e-01
2.036249e-01
2.033232e-01
2.016411e-01
2.016720e-01
2.036895e-01
2.046359e-01
2.052033e-01
2.052544e-01
2.041333e-01
2.034194e-01
2.034050e-01
2.034034e-01
2.047684e-01
2.057491e-01
2.056812e-01
2.046991e-01
2.053211e-01
2.063912e-01
2.064842e-01
2.063939e-01
2.062920e-01
2.053295e-01
2.059921e-01
2.066435e-01
2.069246e-01
2.069092e-01
2.072474e-01
2.075304e-01
2.078111e-01
2.080492e-01
2.081189e-01
2.091424e-01
2.112804e-01
2.116965e-01
2.116948e-01
2.117355e-01
