0.000000e+00
3.550173e-53
3.570814e-47
-2.910705e-45
1.178212e-41
-9.227631e-37
-4.005934e-30
1.016608e-24
1.404299e-06
3.049693e-06
4.598709e-06
9.694529e-06
2.367470e-05
4.034450e-05
6.245509e-05
1.071453e-04
1.998476e-04
2.933663e-04
4.191260e-04
5.623584e-04
1.009552e-03
1.292754e-03
1.707540e-03
2.596186e-03
3.359321e-03
4.798430e-03
8.427208e-03
1.004484e-02
1.163821e-02
1.625317e-02
1.977373e-02
2.205592e-02
2.863844e-02
3.626082e-02
3.618872e-02
3.611663e-02
4.053816e-02
4.362459e-02
5.634144e-02
6.133802e-02
6.388284e-02
6.469602e-02
6.547079e-02
7.700958e-02
8.430292e-02
8.909280e-02
8.313985e-02
9.689587e-02
1.107041e-01
1.009733e-01
1.157889e-01
1.257667e-01
1.263774e-01
1.413953e-01
1.535947e-01
1.382875e-01
1.355982e-01
1.546730e-01
1.690670e-01
1.693647e-01
1.515201e-01
1.590651e-01
1.656004e-01
1.821946e-01
1.851188e-01
1.807091e-01
1.669680e-01
1.746062e-01
1.939769e-01
1.904748e-01
1.902408e-01
1.896946e-01
1.758918e-01
1.902319e-01
1.988911e-01
2.013311e-01
2.009534e-01
1.897109e-01
1.907566e-01
1.945338e-01
2.041860e-01
2.034167e-01
1.989418e-01
1.988396e-01
2.040494e-01
2.066575e-01
2.080653e-01
2.081653e-01
2.051800e-01
2.032850e-01
2.031246e-01
2.031068e-01
2.067077e-01
2.094467e-01
2.091566e-01
2.065456e-01
2.081525e-01
2.109402e-01
2.111235e-01
2.107977e-01
2.105857e-01
2.080218e-01
2.096844e-01
2.112899e-01
2.118958e-01
2.117468e-01
2.125697e-01
2.129031e-01
2.134436e-01
2.137850e-01
2.138758e-01
2.153407e-01
2.183955e-01
2.193857e-01
2.193875e-01
2.197388e-01
