0.000000e+00
-1.849889e-59
2.429656e-53
3.256127e-52
1.155169e-47
5.792968e-42
6.844316e-36
-2.517190e-31
1.745844e-25
4.435242e-07
7.144712e-07
1.704099e-06
4.821803e-06
8.970948e-06
1.490768e-05
2.796677e-05
5.779808e-05
9.032177e-05
1.368069e-04
1.925758e-04
3.809046e-04
5.075766e-04
7.023572e-04
1.143899e-03
1.543805e-03
2.338217e-03
4.501726e-03
5.521599e-03
6.553354e-03
9.657441e-03
1.213261e-02
1.377008e-02
1.866008e-02
2.455840e-02
2.449568e-02
2.443296e-02
2.794069e-02
3.043499e-02
4.097832e-02
4.521570e-02
4.740198e-02
4.809991e-02
4.875938e-02
5.889077e-02
6.541807e-02
6.975291e-02
6.433939e-02
7.690705e-02
8.975092e-02
8.061820e-02
9.453571e-02
1.040609e-01
1.046304e-01
1.192357e-01
1.312463e-01
1.161301e-01
1.134992e-01
1.322750e-01
1.466972e-01
1.469809e-01
1.290962e-01
1.366007e-01
1.431469e-01
1.599717e-01
1.629590e-01
1.584134e-01
1.444595e-01
1.521948e-01
1.719931e-01
1.683578e-01
1.681130e-01
1.675417e-01
1.534133e-01
1.680695e-01
1.770091e-01
1.795296e-01
1.791251e-01
1.674673e-01
1.685414e-01
1.724322e-01
1.824163e-01
1.816093e-01
1.769364e-01
1.768183e-01
1.822226e-01
1.849349e-01
1.863900e-01
1.864818e-01
1.833519e-01
1.813623e-01
1.811843e-01
1.811645e-01
1.849103e-01
1.877623e-01
1.874438e-01
1.846981e-01
1.863704e-01
1.892523e-01
1.894352e-01
1.890823e-01
1.888534e-01
1.861608e-01
1.878860e-01
1.895425e-01
1.901367e-01
1.899647e-01
1.907921e-01
1.910987e-01
1.916206e-01
1.919339e-01
1.920167e-01
1.933257e-01
1.960605e-01
1.969536e-01
1.969550e-01
1.972668e-01
