0.000000e+00
3.364985e-30
-1.022344e-23
1.439605e-06
4.798877e-06
9.757209e-06
1.513883e-05
2.513764e-05
4.966429e-05
8.379218e-05
1.136861e-04
1.920467e-04
3.616580e-04
5.288847e-04
7.283713e-04
1.064482e-03
1.659553e-03
2.194937e-03
2.835582e-03
3.510526e-03
5.311790e-03
6.357108e-03
7.745940e-03
1.047413e-02
1.258544e-02
1.629861e-02
2.436651e-02
2.773333e-02
3.080361e-02
3.915793e-02
4.505251e-02
4.895352e-02
5.895977e-02
6.972139e-02
6.977053e-02
6.981966e-02
7.592826e-02
7.993916e-02
9.627748e-02
1.025128e-01
1.055599e-01
1.065515e-01
1.076400e-01
1.209120e-01
1.291123e-01
1.343998e-01
1.282676e-01
1.430476e-01
1.575474e-01
1.478556e-01
1.630049e-01
1.730967e-01
1.739910e-01
1.886045e-01
2.002364e-01
1.860986e-01
1.836136e-01
2.016903e-01
2.149909e-01
2.154584e-01
1.992620e-01
2.063038e-01
2.123529e-01
2.274269e-01
2.302361e-01
2.264818e-01
2.142001e-01
2.212315e-01
2.386096e-01
2.357433e-01
2.355556e-01
2.351178e-01
2.229850e-01
2.357388e-01
2.434436e-01
2.457245e-01
2.455014e-01
2.358829e-01
2.368391e-01
2.401601e-01
2.488727e-01
2.482512e-01
2.444932e-01
2.444252e-01
2.490598e-01
2.514330e-01
2.527424e-01
2.529188e-01
2.504271e-01
2.488956e-01
2.488117e-01
2.488024e-01
2.520065e-01
2.544997e-01
2.543239e-01
2.522086e-01
2.536450e-01
2.563173e-01
2.565390e-01
2.563174e-01
2.562132e-01
2.540967e-01
2.556027e-01
2.571053e-01
2.578596e-01
2.578202e-01
2.587211e-01
2.591897e-01
2.599167e-01
2.604320e-01
2.605710e-01
2.630153e-01
2.680988e-01
2.701988e-01
2.702068e-01
2.711412e-01
