0.000000e+00
-4.102785e-53
1.680634e-46
-4.986652e-45
-1.109380e-40
-4.238833e-35
3.130792e-29
3.066384e-24
6.280241e-06
1.253148e-05
1.826389e-05
3.499861e-05
7.671193e-05
1.228445e-04
1.824749e-04
2.921246e-04
5.064061e-04
7.156525e-04
9.825893e-04
1.279555e-03
2.138121e-03
2.669620e-03
3.411935e-03
4.958347e-03
6.223366e-03
8.571986e-03
1.409660e-02
1.653949e-02
1.883512e-02
2.533493e-02
3.013227e-02
3.337621e-02
4.201237e-02
5.169582e-02
5.173082e-02
5.176582e-02
5.741790e-02
6.118533e-02
7.700509e-02
8.318027e-02
8.623709e-02
8.723100e-02
8.831567e-02
1.019636e-01
1.105673e-01
1.161699e-01
1.096094e-01
1.254584e-01
1.413023e-01
1.305848e-01
1.473166e-01
1.586236e-01
1.596091e-01
1.763503e-01
1.898437e-01
1.733385e-01
1.704445e-01
1.914409e-01
2.071808e-01
2.076984e-01
1.884774e-01
1.967283e-01
2.038773e-01
2.219508e-01
2.253223e-01
2.207230e-01
2.059337e-01
2.143290e-01
2.353611e-01
2.318015e-01
2.315609e-01
2.309993e-01
2.162209e-01
2.316736e-01
2.410985e-01
2.438795e-01
2.435713e-01
2.316732e-01
2.328238e-01
2.368733e-01
2.475322e-01
2.467506e-01
2.420539e-01
2.419161e-01
2.476080e-01
2.505344e-01
2.521164e-01
2.522975e-01
2.491670e-01
2.472282e-01
2.470832e-01
2.470671e-01
2.510140e-01
2.540811e-01
2.538115e-01
2.511423e-01
2.528955e-01
2.561154e-01
2.563594e-01
2.560462e-01
2.558943e-01
2.532337e-01
2.550658e-01
2.568718e-01
2.577102e-01
2.576173e-01
2.586513e-01
2.591166e-01
2.599081e-01
2.604320e-01
2.605710e-01
2.630153e-01
2.680988e-01
2.701988e-01
2.702068e-01
2.711412e-01
