7.613926e-04
9.511044e-04
1.289178e-03
1.480385e-03
1.926560e-03
2.574054e-03
3.081648e-03
3.781822e-03
4.986815e-03
6.203048e-03
7.027939e-03
8.711025e-03
1.128283e-02
1.318572e-02
1.502805e-02
1.756394e-02
2.106488e-02
2.362268e-02
2.624716e-02
2.865630e-02
3.396722e-02
3.657775e-02
3.966640e-02
4.488277e-02
4.841950e-02
5.384849e-02
6.359673e-02
6.710296e-02
7.009769e-02
7.743284e-02
8.207961e-02
8.500157e-02
9.181412e-02
9.843852e-02
9.847741e-02
9.851630e-02
1.020135e-01
1.042746e-01
1.126048e-01
1.156515e-01
1.171045e-01
1.175791e-01
1.181135e-01
1.239586e-01
1.273992e-01
1.295905e-01
1.271762e-01
1.330530e-01
1.385484e-01
1.350554e-01
1.406360e-01
1.442699e-01
1.446193e-01
1.495267e-01
1.533330e-01
1.488953e-01
1.481446e-01
1.539667e-01
1.580711e-01
1.582803e-01
1.534172e-01
1.556563e-01
1.575572e-01
1.620229e-01
1.628867e-01
1.618862e-01
1.583617e-01
1.604915e-01
1.655488e-01
1.648285e-01
1.647966e-01
1.647221e-01
1.613285e-01
1.650437e-01
1.672223e-01
1.678940e-01
1.678861e-01
1.653774e-01
1.656806e-01
1.666377e-01
1.691316e-01
1.689776e-01
1.680588e-01
1.681424e-01
1.694596e-01
1.701113e-01
1.705447e-01
1.706527e-01
1.700399e-01
1.696933e-01
1.697463e-01
1.697522e-01
1.706571e-01
1.713576e-01
1.714024e-01
1.708985e-01
1.713347e-01
1.722213e-01
1.723381e-01
1.723512e-01
1.723461e-01
1.718265e-01
1.722940e-01
1.728014e-01
1.731549e-01
1.732183e-01
1.735774e-01
1.739278e-01
1.743028e-01
1.746413e-01
1.747378e-01
1.763572e-01
1.797401e-01
1.811633e-01
1.811681e-01
1.817841e-01
