0.000000e+00
-1.134393e-82
2.312874e-76
4.382856e-75
-1.062981e-70
2.798596e-65
9.490098e-60
-3.226967e-54
1.678496e-48
-5.645832e-42
2.378907e-36
8.420166e-31
-3.277622e-25
2.146596e-07
4.233991e-07
1.009661e-06
2.725296e-06
4.983979e-06
8.787599e-06
1.398467e-05
3.590497e-05
5.301744e-05
8.336487e-05
1.625135e-04
2.461670e-04
4.352164e-04
1.080616e-03
1.428727e-03
1.816843e-03
3.101419e-03
4.267514e-03
5.062985e-03
7.754098e-03
1.142745e-02
1.134802e-02
1.126858e-02
1.355947e-02
1.534600e-02
2.321597e-02
2.658342e-02
2.842587e-02
2.900574e-02
2.948675e-02
3.849782e-02
4.463159e-02
4.881747e-02
4.334139e-02
5.590871e-02
6.938876e-02
5.939693e-02
7.448024e-02
8.532666e-02
8.573178e-02
1.031761e-01
1.180970e-01
9.900954e-02
9.583526e-02
1.190764e-01
1.378402e-01
1.380677e-01
1.146659e-01
1.242525e-01
1.328063e-01
1.553557e-01
1.592846e-01
1.528650e-01
1.340430e-01
1.443106e-01
1.714951e-01
1.661653e-01
1.658195e-01
1.650124e-01
1.454910e-01
1.656390e-01
1.781848e-01
1.816692e-01
1.810068e-01
1.643067e-01
1.658015e-01
1.712928e-01
1.853043e-01
1.841006e-01
1.772743e-01
1.771108e-01
1.847839e-01
1.886040e-01
1.906505e-01
1.907131e-01
1.861019e-01
1.831196e-01
1.828588e-01
1.828298e-01
1.881570e-01
1.922172e-01
1.917027e-01
1.875660e-01
1.899972e-01
1.939813e-01
1.941852e-01
1.936323e-01
1.932390e-01
1.892477e-01
1.917137e-01
1.940341e-01
1.946999e-01
1.943750e-01
1.954747e-01
1.957323e-01
1.962831e-01
1.965467e-01
1.966133e-01
1.975773e-01
1.995933e-01
1.999886e-01
1.999869e-01
2.000234e-01
