9.246080e-05
1.245543e-04
1.887694e-04
2.304998e-04
3.278765e-04
4.887326e-04
6.248340e-04
8.264448e-04
1.201948e-03
1.628651e-03
1.908717e-03
2.580040e-03
3.690930e-03
4.573255e-03
5.427270e-03
6.759873e-03
8.681741e-03
1.011116e-02
1.166892e-02
1.312341e-02
1.664077e-02
1.836346e-02
2.055084e-02
2.428002e-02
2.697951e-02
3.110489e-02
3.915801e-02
4.198376e-02
4.462302e-02
5.113665e-02
5.540825e-02
5.787419e-02
6.440135e-02
7.097396e-02
7.087192e-02
7.076988e-02
7.412145e-02
7.646403e-02
8.475620e-02
8.777627e-02
8.927350e-02
8.974531e-02
9.014143e-02
9.634866e-02
9.997755e-02
1.022681e-01
9.933775e-02
1.057440e-01
1.117007e-01
1.075302e-01
1.137546e-01
1.176975e-01
1.178434e-01
1.233287e-01
1.276100e-01
1.222424e-01
1.212922e-01
1.279452e-01
1.326409e-01
1.327258e-01
1.268807e-01
1.294252e-01
1.315642e-01
1.366968e-01
1.375583e-01
1.362320e-01
1.319762e-01
1.343675e-01
1.401507e-01
1.391367e-01
1.390743e-01
1.389287e-01
1.348067e-01
1.391208e-01
1.415920e-01
1.422602e-01
1.421582e-01
1.389741e-01
1.392824e-01
1.403898e-01
1.430705e-01
1.428482e-01
1.416338e-01
1.416612e-01
1.431232e-01
1.437983e-01
1.442144e-01
1.442477e-01
1.434314e-01
1.429131e-01
1.429050e-01
1.429041e-01
1.438928e-01
1.445859e-01
1.445415e-01
1.438281e-01
1.442755e-01
1.450484e-01
1.451208e-01
1.450559e-01
1.449761e-01
1.442747e-01
1.447528e-01
1.452203e-01
1.454111e-01
1.453993e-01
1.456219e-01
1.458448e-01
1.460363e-01
1.462093e-01
1.462613e-01
1.469609e-01
1.484332e-01
1.487318e-01
1.487301e-01
1.487451e-01
