0.000000e+00
4.103023e-78
-4.240428e-72
3.156753e-70
-1.066397e-66
-2.698261e-61
3.434706e-55
-2.223406e-49
5.648984e-44
6.116244e-38
1.099706e-31
4.548888e-26
1.829831e-08
4.564133e-08
9.515707e-08
2.441172e-07
7.188722e-07
1.387797e-06
2.576216e-06
4.278203e-06
1.199155e-05
1.836377e-05
3.015610e-05
6.266930e-05
9.866283e-05
1.842384e-04
4.982997e-04
6.768313e-04
8.801079e-04
1.578505e-03
2.238239e-03
2.698260e-03
4.300782e-03
6.571999e-03
6.521845e-03
6.471691e-03
7.922364e-03
9.070062e-03
1.426279e-02
1.652881e-02
1.778386e-02
1.817891e-02
1.850704e-02
2.475260e-02
2.909733e-02
3.208524e-02
2.817849e-02
3.722197e-02
4.708685e-02
3.973639e-02
5.086340e-02
5.898856e-02
5.939344e-02
7.267766e-02
8.406880e-02
6.936411e-02
6.693834e-02
8.481963e-02
9.948906e-02
9.966364e-02
8.140112e-02
8.883516e-02
9.551863e-02
1.133265e-01
1.164273e-01
1.113364e-01
9.647655e-02
1.045638e-01
1.261974e-01
1.219170e-01
1.216415e-01
1.209986e-01
1.054751e-01
1.214915e-01
1.315550e-01
1.343555e-01
1.338199e-01
1.204105e-01
1.216066e-01
1.260010e-01
1.372576e-01
1.362800e-01
1.307881e-01
1.306492e-01
1.368189e-01
1.399148e-01
1.415683e-01
1.416164e-01
1.378818e-01
1.354722e-01
1.352574e-01
1.352335e-01
1.395369e-01
1.428093e-01
1.423923e-01
1.390427e-01
1.410054e-01
1.442251e-01
1.443919e-01
1.439407e-01
1.436161e-01
1.403832e-01
1.423736e-01
1.442432e-01
1.447645e-01
1.444977e-01
1.453649e-01
1.455765e-01
1.460058e-01
1.462093e-01
1.462613e-01
1.469609e-01
1.484332e-01
1.487318e-01
1.487301e-01
1.487451e-01
