0.000000e+00
2.145959e-08
5.538739e-08
9.446072e-08
1.856371e-07
4.452720e-07
7.653501e-07
1.435856e-06
3.333500e-06
6.374215e-06
9.244740e-06
1.781105e-05
3.922095e-05
6.297023e-05
9.333484e-05
1.502547e-04
2.613730e-04
3.691961e-04
5.076434e-04
6.611674e-04
1.110510e-03
1.386848e-03
1.776371e-03
2.583320e-03
3.249839e-03
4.477376e-03
7.396748e-03
8.672997e-03
9.892684e-03
1.333129e-02
1.588245e-02
1.757090e-02
2.217269e-02
2.735879e-02
2.734826e-02
2.733773e-02
3.032775e-02
3.237097e-02
4.076282e-02
4.404027e-02
4.568167e-02
4.621108e-02
4.675502e-02
5.406915e-02
5.866659e-02
6.166535e-02
5.806676e-02
6.658454e-02
7.507552e-02
6.925932e-02
7.826168e-02
8.434343e-02
8.479404e-02
9.378854e-02
1.010539e-01
9.209945e-02
9.054008e-02
1.018423e-01
1.103072e-01
1.105567e-01
1.001711e-01
1.046258e-01
1.084784e-01
1.181761e-01
1.199458e-01
1.174483e-01
1.094913e-01
1.139882e-01
1.252503e-01
1.233533e-01
1.232184e-01
1.229035e-01
1.149505e-01
1.232613e-01
1.282986e-01
1.297555e-01
1.295799e-01
1.231919e-01
1.238111e-01
1.259956e-01
1.316459e-01
1.312178e-01
1.287074e-01
1.286701e-01
1.317061e-01
1.332334e-01
1.340836e-01
1.341767e-01
1.324975e-01
1.314529e-01
1.313925e-01
1.313858e-01
1.334847e-01
1.350879e-01
1.349600e-01
1.335173e-01
1.344618e-01
1.361686e-01
1.363056e-01
1.361495e-01
1.360514e-01
1.346184e-01
1.356002e-01
1.365604e-01
1.369826e-01
1.369331e-01
1.374531e-01
1.377414e-01
1.381430e-01
1.384286e-01
1.385068e-01
1.397728e-01
1.424244e-01
1.435497e-01
1.435531e-01
1.440269e-01
