0.000000e+00
-2.366504e-71
-1.146145e-65
8.065298e-64
3.164987e-60
-3.670484e-55
-1.789416e-48
-2.489056e-43
4.995851e-38
8.343129e-31
-1.259148e-25
1.048094e-07
3.706231e-07
7.899684e-07
1.480999e-06
3.170575e-06
7.682217e-06
1.333397e-05
2.216749e-05
3.379163e-05
7.739571e-05
1.102741e-04
1.641143e-04
2.989268e-04
4.304981e-04
7.190820e-04
1.597125e-03
2.059646e-03
2.537515e-03
4.069103e-03
5.375917e-03
6.309927e-03
9.133605e-03
1.275452e-02
1.274524e-02
1.273597e-02
1.501968e-02
1.664962e-02
2.403628e-02
2.713578e-02
2.874883e-02
2.926971e-02
2.980974e-02
3.753477e-02
4.271403e-02
4.620667e-02
4.198707e-02
5.222356e-02
6.305707e-02
5.544282e-02
6.729389e-02
7.570998e-02
7.635879e-02
8.962996e-02
1.007639e-01
8.692078e-02
8.455475e-02
1.019080e-01
1.156751e-01
1.160475e-01
9.914025e-02
1.062042e-01
1.124460e-01
1.288759e-01
1.319353e-01
1.275235e-01
1.139650e-01
1.215097e-01
1.411837e-01
1.376345e-01
1.373896e-01
1.368182e-01
1.228868e-01
1.373532e-01
1.464298e-01
1.490794e-01
1.487112e-01
1.369992e-01
1.380852e-01
1.419774e-01
1.522649e-01
1.514569e-01
1.467242e-01
1.465551e-01
1.521166e-01
1.549750e-01
1.564984e-01
1.566188e-01
1.534132e-01
1.514074e-01
1.512240e-01
1.512037e-01
1.550880e-01
1.580904e-01
1.577577e-01
1.549851e-01
1.567130e-01
1.597849e-01
1.599872e-01
1.596204e-01
1.594190e-01
1.566719e-01
1.584617e-01
1.601869e-01
1.608490e-01
1.606864e-01
1.615753e-01
1.618941e-01
1.624929e-01
1.628429e-01
1.629334e-01
1.644384e-01
1.675841e-01
1.689114e-01
1.689157e-01
1.694862e-01
