1.559919e-05
2.279442e-05
3.812908e-05
4.936540e-05
7.558502e-05
1.237766e-04
1.679838e-04
2.383836e-04
3.817924e-04
5.517111e-04
6.805881e-04
9.812301e-04
1.524085e-03
1.985552e-03
2.476120e-03
3.228187e-03
4.395682e-03
5.333748e-03
6.374514e-03
7.390241e-03
9.866019e-03
1.117530e-02
1.282334e-02
1.580493e-02
1.797659e-02
2.149393e-02
2.847104e-02
3.114046e-02
3.352433e-02
3.964553e-02
4.373648e-02
4.632848e-02
5.277400e-02
5.936767e-02
5.937537e-02
5.938307e-02
6.295734e-02
6.531406e-02
7.432833e-02
7.766778e-02
7.930970e-02
7.984162e-02
8.040676e-02
8.723643e-02
9.134001e-02
9.395943e-02
9.091542e-02
9.814065e-02
1.050352e-01
1.004602e-01
1.076086e-01
1.122582e-01
1.126406e-01
1.191670e-01
1.242942e-01
1.181184e-01
1.170306e-01
1.249691e-01
1.306752e-01
1.308844e-01
1.238387e-01
1.270295e-01
1.296555e-01
1.357582e-01
1.371420e-01
1.356089e-01
1.304898e-01
1.334672e-01
1.406462e-01
1.394991e-01
1.394414e-01
1.393067e-01
1.343072e-01
1.396185e-01
1.427697e-01
1.437162e-01
1.436667e-01
1.397793e-01
1.401902e-01
1.415612e-01
1.450989e-01
1.448575e-01
1.433855e-01
1.434180e-01
1.453177e-01
1.462198e-01
1.468018e-01
1.469095e-01
1.457426e-01
1.453334e-01
1.453487e-01
1.453504e-01
1.466318e-01
1.476458e-01
1.476597e-01
1.467930e-01
1.474172e-01
1.485279e-01
1.486449e-01
1.485950e-01
1.485613e-01
1.477267e-01
1.483461e-01
1.490015e-01
1.493586e-01
1.493822e-01
1.497652e-01
1.500778e-01
1.504372e-01
1.507359e-01
1.508208e-01
1.522163e-01
1.551156e-01
1.563355e-01
1.563385e-01
1.569584e-01
