0.000000e+00
-1.160485e-77
2.869695e-72
-1.081022e-70
-2.863043e-66
-2.996042e-60
-2.602475e-54
3.856298e-49
1.334299e-43
-8.696821e-38
-7.289645e-32
-3.604779e-26
3.124618e-08
7.569288e-08
1.540829e-07
3.832708e-07
1.088900e-06
2.056469e-06
3.739175e-06
6.104508e-06
1.652524e-05
2.494455e-05
4.026739e-05
8.160027e-05
1.265375e-04
2.312540e-04
6.047747e-04
8.127308e-04
1.047583e-03
1.842509e-03
2.581593e-03
3.092380e-03
4.851012e-03
7.305996e-03
7.252178e-03
7.198360e-03
8.751146e-03
9.972465e-03
1.543746e-02
1.780401e-02
1.910764e-02
1.951796e-02
1.985860e-02
2.630670e-02
3.074151e-02
3.378708e-02
2.980316e-02
3.898726e-02
4.893840e-02
4.153868e-02
5.272050e-02
6.083434e-02
6.113749e-02
7.431087e-02
8.565202e-02
7.114067e-02
6.873885e-02
8.639200e-02
1.007772e-01
1.009502e-01
8.302186e-02
9.034108e-02
9.689674e-02
1.142853e-01
1.173281e-01
1.123571e-01
9.783773e-02
1.057789e-01
1.268025e-01
1.226523e-01
1.223829e-01
1.217543e-01
1.066325e-01
1.222380e-01
1.319907e-01
1.346975e-01
1.341835e-01
1.211922e-01
1.223525e-01
1.266152e-01
1.375181e-01
1.365747e-01
1.312562e-01
1.311295e-01
1.371112e-01
1.400878e-01
1.416863e-01
1.417340e-01
1.381277e-01
1.357943e-01
1.355977e-01
1.355759e-01
1.397315e-01
1.428896e-01
1.424892e-01
1.392570e-01
1.411517e-01
1.442617e-01
1.444253e-01
1.439916e-01
1.436786e-01
1.405566e-01
1.424808e-01
1.442878e-01
1.447932e-01
1.445388e-01
1.453763e-01
1.455890e-01
1.460072e-01
1.462093e-01
1.462613e-01
1.469609e-01
1.484332e-01
1.487318e-01
1.487301e-01
1.487451e-01
