0.000000e+00
1.021173e-07
2.492012e-07
4.044735e-07
7.667966e-07
1.720783e-06
2.830993e-06
5.040831e-06
1.087503e-05
1.978807e-05
2.757515e-05
5.046213e-05
1.039874e-04
1.601557e-04
2.280248e-04
3.532353e-04
5.852047e-04
7.984000e-04
1.065936e-03
1.352414e-03
2.173445e-03
2.654472e-03
3.324733e-03
4.664855e-03
5.750271e-03
7.671364e-03
1.211627e-02
1.396448e-02
1.574042e-02
2.064430e-02
2.420514e-02
2.644599e-02
3.268846e-02
3.959429e-02
3.952571e-02
3.945712e-02
4.332808e-02
4.600333e-02
5.659417e-02
6.065568e-02
6.269819e-02
6.334988e-02
6.396289e-02
7.298250e-02
7.855197e-02
8.216741e-02
7.767222e-02
8.794783e-02
9.803618e-02
9.097643e-02
1.016940e-01
1.087854e-01
1.091975e-01
1.196175e-01
1.279739e-01
1.175189e-01
1.156756e-01
1.287217e-01
1.383673e-01
1.385736e-01
1.266169e-01
1.317194e-01
1.361085e-01
1.470592e-01
1.489785e-01
1.461001e-01
1.370468e-01
1.421160e-01
1.547542e-01
1.525041e-01
1.523570e-01
1.520136e-01
1.430147e-01
1.523919e-01
1.579734e-01
1.595364e-01
1.593033e-01
1.520983e-01
1.527799e-01
1.552279e-01
1.614188e-01
1.609280e-01
1.580940e-01
1.580589e-01
1.614003e-01
1.630470e-01
1.639625e-01
1.640360e-01
1.621501e-01
1.609547e-01
1.608743e-01
1.608653e-01
1.631635e-01
1.648902e-01
1.647300e-01
1.630834e-01
1.641141e-01
1.659114e-01
1.660436e-01
1.658554e-01
1.657189e-01
1.641024e-01
1.651722e-01
1.662088e-01
1.666191e-01
1.665438e-01
1.670757e-01
1.673578e-01
1.677353e-01
1.680020e-01
1.680758e-01
1.692123e-01
1.715944e-01
1.723792e-01
1.723803e-01
1.726472e-01
