4.481551e-07
7.650572e-07
1.577622e-06
2.351719e-06
4.158051e-06
8.346482e-06
1.282144e-05
2.105210e-05
4.081665e-05
6.851523e-05
9.122881e-05
1.535456e-04
2.862651e-04
4.153377e-04
5.632432e-04
8.212138e-04
1.268692e-03
1.658311e-03
2.127466e-03
2.612171e-03
3.931107e-03
4.670910e-03
5.669701e-03
7.590638e-03
9.091297e-03
1.165458e-02
1.728745e-02
1.953965e-02
2.166586e-02
2.738362e-02
3.141335e-02
3.391326e-02
4.071600e-02
4.803766e-02
4.796894e-02
4.790021e-02
5.193102e-02
5.468989e-02
6.539450e-02
6.944072e-02
7.145838e-02
7.210242e-02
7.271043e-02
8.148077e-02
8.682380e-02
9.027079e-02
8.600372e-02
9.572905e-02
1.051562e-01
9.860314e-02
1.085532e-01
1.150686e-01
1.154503e-01
1.248927e-01
1.324044e-01
1.230368e-01
1.213804e-01
1.330984e-01
1.416575e-01
1.418497e-01
1.312513e-01
1.358045e-01
1.397025e-01
1.493356e-01
1.510205e-01
1.485184e-01
1.405695e-01
1.450398e-01
1.560912e-01
1.541488e-01
1.540239e-01
1.537324e-01
1.458821e-01
1.540833e-01
1.589293e-01
1.602868e-01
1.600942e-01
1.538725e-01
1.544690e-01
1.565988e-01
1.619654e-01
1.615440e-01
1.591153e-01
1.591010e-01
1.619936e-01
1.634118e-01
1.642119e-01
1.642855e-01
1.626692e-01
1.616499e-01
1.615920e-01
1.615856e-01
1.635703e-01
1.650565e-01
1.649344e-01
1.635280e-01
1.644215e-01
1.659894e-01
1.661129e-01
1.659631e-01
1.658472e-01
1.644615e-01
1.653927e-01
1.663015e-01
1.666794e-01
1.666265e-01
1.671017e-01
1.673845e-01
1.677384e-01
1.680020e-01
1.680758e-01
1.692123e-01
1.715944e-01
1.723792e-01
1.723803e-01
1.726472e-01
