0.000000e+00
1.171773e-84
-2.190669e-78
1.848680e-77
-2.011882e-73
5.810124e-67
3.161644e-61
1.672747e-56
7.976532e-51
-1.072869e-45
-1.182382e-39
-1.079724e-32
-2.723148e-27
2.326677e-09
4.901417e-09
1.264831e-08
3.978825e-08
8.241997e-08
1.648629e-07
2.948473e-07
9.725285e-07
1.617357e-06
2.920390e-06
7.128599e-06
1.230652e-05
2.661547e-05
8.998725e-05
1.321997e-04
1.820288e-04
3.744964e-04
5.765311e-04
7.300833e-04
1.298818e-03
2.190100e-03
2.175495e-03
2.160889e-03
2.783277e-03
3.279396e-03
5.773630e-03
6.930373e-03
7.581797e-03
7.789109e-03
7.979804e-03
1.142930e-02
1.395267e-02
1.575084e-02
1.346799e-02
1.900651e-02
2.536361e-02
2.062865e-02
2.794311e-02
3.352416e-02
3.383690e-02
4.345998e-02
5.202362e-02
4.113008e-02
3.935312e-02
5.268642e-02
6.415959e-02
6.434414e-02
5.017230e-02
5.587094e-02
6.107821e-02
7.548589e-02
7.814044e-02
7.396745e-02
6.197741e-02
6.848904e-02
8.642715e-02
8.288646e-02
8.264812e-02
8.209196e-02
6.930168e-02
8.251438e-02
9.110127e-02
9.355969e-02
9.311625e-02
8.174645e-02
8.276054e-02
8.645266e-02
9.620315e-02
9.536631e-02
9.063877e-02
9.049302e-02
9.585281e-02
9.858757e-02
1.000465e-01
1.001010e-01
9.684423e-02
9.477790e-02
9.457485e-02
9.455229e-02
9.832883e-02
1.012347e-01
1.008607e-01
9.796921e-02
9.967408e-02
1.025638e-01
1.027217e-01
1.023195e-01
1.020535e-01
9.922482e-02
1.009714e-01
1.026245e-01
1.031167e-01
1.028855e-01
1.036505e-01
1.038470e-01
1.042520e-01
1.044455e-01
1.044941e-01
1.051651e-01
1.065819e-01
1.070573e-01
1.070572e-01
1.071959e-01
