0.000000e+00
1.964014e-84
-1.798499e-78
8.096408e-78
1.189442e-72
1.095955e-66
-3.372826e-62
-7.376016e-56
3.547678e-50
-1.248031e-44
-2.090405e-38
2.028245e-33
-9.491574e-27
3.770340e-09
8.382111e-09
2.257213e-08
7.369241e-08
1.557775e-07
3.134823e-07
5.622279e-07
1.807446e-06
2.979104e-06
5.271225e-06
1.246927e-05
2.100811e-05
4.407130e-05
1.396651e-04
2.019823e-04
2.731347e-04
5.400369e-04
8.104416e-04
1.020025e-03
1.750455e-03
2.853443e-03
2.845552e-03
2.837660e-03
3.606359e-03
4.197034e-03
7.172220e-03
8.537369e-03
9.288783e-03
9.530579e-03
9.774521e-03
1.369130e-02
1.653013e-02
1.853232e-02
1.607203e-02
2.217702e-02
2.911824e-02
2.407330e-02
3.197030e-02
3.795828e-02
3.839333e-02
4.857206e-02
5.754161e-02
4.627909e-02
4.442650e-02
5.839165e-02
7.027666e-02
7.055616e-02
5.596300e-02
6.189127e-02
6.728126e-02
8.213588e-02
8.495180e-02
8.076509e-02
6.845392e-02
7.520371e-02
9.363578e-02
9.013230e-02
8.989055e-02
8.932643e-02
7.625445e-02
8.978354e-02
9.859640e-02
1.011816e-01
1.007777e-01
8.925606e-02
9.029820e-02
9.405709e-02
1.041372e-01
1.033073e-01
9.853875e-02
9.835676e-02
1.038653e-01
1.067169e-01
1.082294e-01
1.083180e-01
1.050332e-01
1.029719e-01
1.027668e-01
1.027440e-01
1.066313e-01
1.096469e-01
1.092739e-01
1.064005e-01
1.081390e-01
1.111839e-01
1.113655e-01
1.109631e-01
1.107282e-01
1.078894e-01
1.096847e-01
1.113983e-01
1.119784e-01
1.117722e-01
1.126060e-01
1.128468e-01
1.133510e-01
1.136110e-01
1.136764e-01
1.146971e-01
1.168392e-01
1.177531e-01
1.177555e-01
1.181295e-01
