0.000000e+00
-2.047380e-50
-2.642761e-44
-2.038889e-42
1.971019e-38
1.216345e-32
1.436989e-26
3.415987e-09
1.047746e-08
2.425501e-08
4.005605e-08
9.892697e-08
3.053891e-07
6.098039e-07
1.091435e-06
2.234501e-06
5.197742e-06
8.824022e-06
1.443182e-05
2.172778e-05
4.900529e-05
6.933880e-05
1.026848e-04
1.856513e-04
2.667815e-04
4.435143e-04
9.839672e-04
1.266460e-03
1.561235e-03
2.504456e-03
3.311972e-03
3.880840e-03
5.628980e-03
7.880737e-03
7.866237e-03
7.851738e-03
9.261219e-03
1.028260e-02
1.485626e-02
1.677535e-02
1.778212e-02
1.810545e-02
1.842654e-02
2.324783e-02
2.647681e-02
2.865695e-02
2.598016e-02
3.238853e-02
3.916430e-02
3.435484e-02
4.179285e-02
4.707299e-02
4.743345e-02
5.576166e-02
6.276264e-02
5.401438e-02
5.252586e-02
6.343228e-02
7.208651e-02
7.229719e-02
6.163831e-02
6.608277e-02
7.001383e-02
8.032583e-02
8.222005e-02
7.942820e-02
7.089975e-02
7.563259e-02
8.797368e-02
8.572067e-02
8.556849e-02
8.521336e-02
7.645245e-02
8.555271e-02
9.122884e-02
9.286581e-02
9.262586e-02
8.527168e-02
8.595341e-02
8.840395e-02
9.480781e-02
9.429436e-02
9.133084e-02
9.124867e-02
9.472552e-02
9.648661e-02
9.744208e-02
9.751360e-02
9.550355e-02
9.423967e-02
9.413658e-02
9.412513e-02
9.654833e-02
9.839901e-02
9.820153e-02
9.645434e-02
9.753861e-02
9.944837e-02
9.957969e-02
9.935717e-02
9.921658e-02
9.749020e-02
9.861126e-02
9.968577e-02
1.000789e-01
9.997663e-02
1.005073e-01
1.007344e-01
1.010898e-01
1.013102e-01
1.013693e-01
1.022678e-01
1.041556e-01
1.049627e-01
1.049646e-01
1.052879e-01
