7.793869e-05
1.043447e-04
1.561018e-04
1.893490e-04
2.669301e-04
3.930673e-04
4.991660e-04
6.561244e-04
9.473618e-04
1.270521e-03
1.489917e-03
1.994184e-03
2.825879e-03
3.481822e-03
4.127515e-03
5.102727e-03
6.513152e-03
7.569421e-03
8.708691e-03
9.774731e-03
1.230573e-02
1.356129e-02
1.512463e-02
1.781852e-02
1.973510e-02
2.269755e-02
2.838494e-02
3.041991e-02
3.226360e-02
3.685483e-02
3.984777e-02
4.162673e-02
4.618189e-02
5.074075e-02
5.069897e-02
5.065718e-02
5.303418e-02
5.463739e-02
6.046152e-02
6.258667e-02
6.362586e-02
6.395739e-02
6.426881e-02
6.857289e-02
7.109793e-02
7.270224e-02
7.074341e-02
7.517555e-02
7.931471e-02
7.649487e-02
8.079204e-02
8.353364e-02
8.368836e-02
8.749582e-02
9.046480e-02
8.681762e-02
8.617015e-02
9.076994e-02
9.402240e-02
9.411412e-02
9.011617e-02
9.187301e-02
9.336268e-02
9.692121e-02
9.754770e-02
9.666167e-02
9.374785e-02
9.541413e-02
9.943041e-02
9.876516e-02
9.872575e-02
9.863379e-02
9.581168e-02
9.880131e-02
1.005249e-01
1.010055e-01
1.009521e-01
9.880042e-02
9.902135e-02
9.978727e-02
1.016787e-01
1.015305e-01
1.007214e-01
1.007582e-01
1.017848e-01
1.022625e-01
1.025698e-01
1.026111e-01
1.020623e-01
1.017268e-01
1.017357e-01
1.017367e-01
1.024352e-01
1.029275e-01
1.029176e-01
1.024511e-01
1.027692e-01
1.033564e-01
1.034226e-01
1.033955e-01
1.033493e-01
1.028795e-01
1.032218e-01
1.035642e-01
1.037293e-01
1.037360e-01
1.039065e-01
1.041127e-01
1.042829e-01
1.044455e-01
1.044941e-01
1.051651e-01
1.065819e-01
1.070573e-01
1.070572e-01
1.071959e-01
