0.000000e+00
-1.153498e-56
-2.192502e-50
4.349925e-49
8.287367e-45
-2.201182e-39
1.722805e-33
-5.320867e-28
8.436513e-10
1.947055e-09
3.044978e-09
7.013270e-09
1.954074e-08
3.654535e-08
6.166148e-08
1.207689e-07
2.722757e-07
4.576659e-07
7.567700e-07
1.160131e-06
2.878829e-06
4.268879e-06
6.818592e-06
1.401260e-05
2.211306e-05
4.215181e-05
1.210396e-04
1.686392e-04
2.241636e-04
4.253205e-04
6.258364e-04
7.698828e-04
1.295218e-03
2.083838e-03
2.066009e-03
2.048180e-03
2.570904e-03
2.992375e-03
4.991678e-03
5.892013e-03
6.399278e-03
6.558985e-03
6.691937e-03
9.306427e-03
1.117237e-02
1.248131e-02
1.076938e-02
1.478384e-02
1.928286e-02
1.589916e-02
2.104459e-02
2.489634e-02
2.504344e-02
3.152615e-02
3.722470e-02
2.991699e-02
2.872172e-02
3.759877e-02
4.507744e-02
4.516311e-02
3.586227e-02
3.961074e-02
4.301172e-02
5.224840e-02
5.388759e-02
5.120143e-02
4.348380e-02
4.766112e-02
5.901399e-02
5.674435e-02
5.659474e-02
5.624564e-02
4.810246e-02
5.649656e-02
6.184291e-02
6.333521e-02
6.304393e-02
5.590473e-02
5.653918e-02
5.886561e-02
6.485428e-02
6.432552e-02
6.137148e-02
6.131408e-02
6.462196e-02
6.626364e-02
6.715553e-02
6.717691e-02
6.515948e-02
6.386238e-02
6.374929e-02
6.373673e-02
6.604469e-02
6.778194e-02
6.755665e-02
6.575306e-02
6.680156e-02
6.852881e-02
6.862244e-02
6.837908e-02
6.819256e-02
6.644318e-02
6.751129e-02
6.850825e-02
6.876538e-02
6.861870e-02
6.904726e-02
6.918256e-02
6.939257e-02
6.949601e-02
6.952401e-02
6.980501e-02
7.041324e-02
7.053186e-02
7.053002e-02
7.049876e-02
