0.000000e+00
8.135128e-28
8.238735e-10
1.298495e-09
2.406010e-09
5.232545e-09
8.487057e-09
1.501683e-08
3.275282e-08
5.936202e-08
8.520082e-08
1.586553e-07
3.465237e-07
5.613861e-07
8.559961e-07
1.431755e-06
2.709362e-06
4.114838e-06
6.127060e-06
8.622664e-06
1.751055e-05
2.398594e-05
3.450275e-05
6.096374e-05
8.708246e-05
1.451368e-04
3.318010e-04
4.326199e-04
5.407293e-04
8.993759e-04
1.219298e-03
1.445702e-03
2.178588e-03
3.166875e-03
3.156059e-03
3.145244e-03
3.776657e-03
4.246890e-03
6.404437e-03
7.330202e-03
7.826076e-03
7.984377e-03
8.133965e-03
1.057352e-02
1.224149e-02
1.338249e-02
1.195274e-02
1.535552e-02
1.902448e-02
1.636880e-02
2.045572e-02
2.340608e-02
2.358065e-02
2.834506e-02
3.241309e-02
2.728839e-02
2.642393e-02
3.276038e-02
3.789163e-02
3.799860e-02
3.165875e-02
3.427196e-02
3.660346e-02
4.279220e-02
4.392152e-02
4.220935e-02
3.706963e-02
3.989762e-02
4.737217e-02
4.597485e-02
4.588041e-02
4.566006e-02
4.033197e-02
4.585636e-02
4.932220e-02
5.030898e-02
5.015172e-02
4.562473e-02
4.603951e-02
4.754079e-02
5.143877e-02
5.111479e-02
4.928363e-02
4.924223e-02
5.137637e-02
5.244165e-02
5.303059e-02
5.306715e-02
5.181431e-02
5.102407e-02
5.096278e-02
5.095597e-02
5.244463e-02
5.356318e-02
5.344175e-02
5.234669e-02
5.301456e-02
5.417783e-02
5.425825e-02
5.412080e-02
5.402040e-02
5.293795e-02
5.362848e-02
5.428342e-02
5.449713e-02
5.442708e-02
5.472239e-02
5.487234e-02
5.506464e-02
5.518812e-02
5.522262e-02
5.566243e-02
5.659029e-02
5.698689e-02
5.698693e-02
5.711519e-02
