0.000000e+00
1.044787e-09
2.345810e-09
3.601773e-09
6.532522e-09
1.377728e-08
2.197736e-08
3.825290e-08
8.218942e-08
1.488457e-07
2.135271e-07
4.039672e-07
9.127007e-07
1.522519e-06
2.375345e-06
4.131367e-06
8.126530e-06
1.256978e-05
1.895754e-05
2.683141e-05
5.433041e-05
7.373089e-05
1.044746e-04
1.779267e-04
2.474321e-04
3.934602e-04
8.229778e-04
1.039519e-03
1.264373e-03
1.970375e-03
2.563508e-03
2.971676e-03
4.225350e-03
5.816422e-03
5.801784e-03
5.787147e-03
6.766120e-03
7.475880e-03
1.060149e-02
1.189839e-02
1.257875e-02
1.279628e-02
1.300453e-02
1.623817e-02
1.826742e-02
1.982561e-02
1.803287e-02
2.226746e-02
2.670635e-02
2.353836e-02
2.840683e-02
3.177646e-02
3.204294e-02
3.741140e-02
4.190642e-02
3.626995e-02
3.530755e-02
4.231039e-02
4.782499e-02
4.794897e-02
4.113827e-02
4.398774e-02
4.648724e-02
5.301688e-02
5.419879e-02
5.243148e-02
4.701918e-02
5.001772e-02
5.779460e-02
5.637188e-02
5.627573e-02
5.605138e-02
5.051958e-02
5.627081e-02
5.982427e-02
6.083598e-02
6.068276e-02
5.606918e-02
5.649709e-02
5.804079e-02
6.202651e-02
6.170173e-02
5.985380e-02
5.981706e-02
6.198969e-02
6.307124e-02
6.367206e-02
6.371513e-02
6.245922e-02
6.166817e-02
6.161159e-02
6.160530e-02
6.311463e-02
6.424853e-02
6.413426e-02
6.304051e-02
6.371789e-02
6.490529e-02
6.499141e-02
6.486015e-02
6.476387e-02
6.368265e-02
6.438313e-02
6.505133e-02
6.528556e-02
6.522305e-02
6.553407e-02
6.570347e-02
6.591803e-02
6.606245e-02
6.610283e-02
6.665029e-02
6.780452e-02
6.829938e-02
6.829982e-02
6.847497e-02
