4.048259e-09
6.654071e-09
1.297993e-08
1.882568e-08
3.246656e-08
6.368209e-08
9.738513e-08
1.617238e-07
3.280954e-07
5.732035e-07
8.035377e-07
1.470854e-06
3.185723e-06
5.168293e-06
7.834974e-06
1.314558e-05
2.453002e-05
3.648970e-05
5.299095e-05
7.245468e-05
1.361195e-04
1.784846e-04
2.427981e-04
3.876256e-04
5.176074e-04
7.763666e-04
1.476978e-03
1.809525e-03
2.145516e-03
3.154467e-03
3.962533e-03
4.504420e-03
6.104522e-03
8.053239e-03
8.036382e-03
8.019526e-03
9.180003e-03
1.000893e-02
1.353030e-02
1.495647e-02
1.569351e-02
1.592912e-02
1.615438e-02
1.957129e-02
2.178555e-02
2.325708e-02
2.143216e-02
2.570489e-02
3.008733e-02
2.698650e-02
3.174268e-02
3.502747e-02
3.522708e-02
4.025865e-02
4.441351e-02
3.921836e-02
3.832263e-02
4.479283e-02
4.978990e-02
4.990517e-02
4.373760e-02
4.633306e-02
4.860456e-02
5.443183e-02
5.548177e-02
5.392385e-02
4.910200e-02
5.179143e-02
5.865486e-02
5.741892e-02
5.733685e-02
5.714535e-02
5.227712e-02
5.734543e-02
6.044911e-02
6.132999e-02
6.120157e-02
5.719306e-02
5.756991e-02
5.892137e-02
6.238876e-02
6.210878e-02
6.051771e-02
6.049614e-02
6.238319e-02
6.331525e-02
6.384044e-02
6.388277e-02
6.280432e-02
6.212674e-02
6.208469e-02
6.208001e-02
6.338646e-02
6.436164e-02
6.427146e-02
6.333589e-02
6.392278e-02
6.495906e-02
6.503924e-02
6.493245e-02
6.485026e-02
6.392346e-02
6.453179e-02
6.511450e-02
6.532627e-02
6.527926e-02
6.555206e-02
6.572247e-02
6.592021e-02
6.606245e-02
6.610283e-02
6.665029e-02
6.780452e-02
6.829938e-02
6.829982e-02
6.847497e-02
