0.000000e+00
-2.343889e-51
-3.952100e-45
-4.862506e-43
6.112800e-39
-6.713671e-33
1.005009e-27
1.666409e-09
4.592416e-09
9.596509e-09
1.500046e-08
3.289828e-08
8.898270e-08
1.657123e-07
2.843796e-07
5.562633e-07
1.265517e-06
2.151848e-06
3.555598e-06
5.437959e-06
1.290054e-05
1.876558e-05
2.882545e-05
5.552935e-05
8.317874e-05
1.473502e-04
3.642893e-04
4.859074e-04
6.174779e-04
1.062050e-03
1.466376e-03
1.758239e-03
2.705550e-03
4.000332e-03
3.988700e-03
3.977067e-03
4.815808e-03
5.440977e-03
8.346525e-03
9.604832e-03
1.027940e-02
1.049547e-02
1.070552e-02
1.404074e-02
1.633810e-02
1.791477e-02
1.595824e-02
2.066393e-02
2.577101e-02
2.209054e-02
2.778288e-02
3.191954e-02
3.218638e-02
3.889741e-02
4.464381e-02
3.742506e-02
3.621265e-02
4.516218e-02
5.244983e-02
5.261201e-02
4.362795e-02
4.733122e-02
5.064153e-02
5.947154e-02
6.109817e-02
5.865851e-02
5.133756e-02
5.537231e-02
6.607451e-02
6.407682e-02
6.394149e-02
6.362572e-02
5.601431e-02
6.390683e-02
6.889143e-02
7.032569e-02
7.010246e-02
6.360252e-02
6.419816e-02
6.634854e-02
7.198145e-02
7.151899e-02
6.887809e-02
6.880394e-02
7.187853e-02
7.343426e-02
7.427891e-02
7.433310e-02
7.252952e-02
7.139283e-02
7.129673e-02
7.128605e-02
7.343575e-02
7.507309e-02
7.488995e-02
7.331400e-02
7.427804e-02
7.596018e-02
7.607234e-02
7.586738e-02
7.573162e-02
7.417677e-02
7.517198e-02
7.611928e-02
7.644238e-02
7.634020e-02
7.678989e-02
7.697678e-02
7.726441e-02
7.743716e-02
7.748329e-02
7.814446e-02
7.953585e-02
8.013262e-02
8.013356e-02
8.035711e-02
