0.000000e+00
-1.694762e-73
1.521354e-68
7.793969e-66
-2.658759e-62
-5.032179e-56
-7.151734e-51
1.824151e-45
2.041187e-39
-5.528021e-33
1.864867e-27
9.172149e-10
2.833775e-09
5.603681e-09
1.006291e-08
2.015172e-08
4.642413e-08
7.921436e-08
1.300794e-07
1.980589e-07
4.632377e-07
6.767809e-07
1.045550e-06
2.105892e-06
3.268578e-06
6.323162e-06
1.920851e-05
2.803269e-05
3.843546e-05
8.075812e-05
1.276620e-04
1.654451e-04
3.117064e-04
5.604598e-04
5.573084e-04
5.541570e-04
7.401407e-04
8.914968e-04
1.723997e-03
2.132961e-03
2.369196e-03
2.444784e-03
2.517606e-03
3.843733e-03
4.870044e-03
5.622996e-03
4.678423e-03
7.058823e-03
9.936847e-03
7.775329e-03
1.116670e-02
1.389153e-02
1.406672e-02
1.902024e-02
2.358613e-02
1.779884e-02
1.688031e-02
2.397060e-02
3.039627e-02
3.052139e-02
2.263166e-02
2.575583e-02
2.867166e-02
3.702578e-02
3.862615e-02
3.616797e-02
2.922199e-02
3.297982e-02
4.366439e-02
4.154010e-02
4.139523e-02
4.105719e-02
3.347145e-02
4.131052e-02
4.656931e-02
4.810869e-02
4.784469e-02
4.089934e-02
4.151835e-02
4.375811e-02
4.980464e-02
4.928370e-02
4.636265e-02
4.626385e-02
4.960743e-02
5.133078e-02
5.225909e-02
5.230034e-02
5.025456e-02
4.897079e-02
4.884693e-02
4.883318e-02
5.120995e-02
5.304281e-02
5.280948e-02
5.100316e-02
5.207618e-02
5.393063e-02
5.403975e-02
5.378648e-02
5.362121e-02
5.183711e-02
5.294436e-02
5.399263e-02
5.430750e-02
5.416606e-02
5.464142e-02
5.478730e-02
5.505475e-02
5.518812e-02
5.522262e-02
5.566243e-02
5.659029e-02
5.698689e-02
5.698693e-02
5.711519e-02
