0.000000e+00
2.246806e-79
-9.976502e-74
-2.943096e-71
-9.780133e-68
6.434197e-62
4.213728e-56
-6.859400e-51
-1.995208e-45
-1.583588e-38
-3.611119e-34
-3.054469e-27
1.285710e-09
2.758773e-09
5.256882e-09
1.168689e-08
3.062615e-08
5.671263e-08
1.021638e-07
1.685810e-07
4.824821e-07
7.666085e-07
1.323169e-06
3.106583e-06
5.292873e-06
1.143685e-05
3.985449e-05
5.954030e-05
8.323503e-05
1.784156e-04
2.826470e-04
3.635423e-04
6.753227e-04
1.187671e-03
1.178519e-03
1.169367e-03
1.537384e-03
1.837181e-03
3.396307e-03
4.138731e-03
4.564183e-03
4.699418e-03
4.822498e-03
7.135875e-03
8.870690e-03
1.012459e-02
8.525905e-03
1.243684e-02
1.702932e-02
1.357513e-02
1.892374e-02
2.309599e-02
2.332233e-02
3.068768e-02
3.735073e-02
2.885802e-02
2.749255e-02
3.785119e-02
4.697184e-02
4.711150e-02
3.585493e-02
4.034261e-02
4.448275e-02
5.610124e-02
5.825644e-02
5.484515e-02
4.517066e-02
5.040300e-02
6.502945e-02
6.210337e-02
6.190695e-02
6.144861e-02
5.102346e-02
6.178773e-02
6.886487e-02
7.089514e-02
7.052108e-02
6.112679e-02
6.196111e-02
6.499948e-02
7.305568e-02
7.235494e-02
6.842715e-02
6.830853e-02
7.275438e-02
7.502176e-02
7.623712e-02
7.627855e-02
7.355627e-02
7.182994e-02
7.166224e-02
7.164361e-02
7.478349e-02
7.719643e-02
7.688325e-02
7.446127e-02
7.588279e-02
7.828602e-02
7.841778e-02
7.808095e-02
7.785071e-02
7.548144e-02
7.693678e-02
7.831189e-02
7.870533e-02
7.850762e-02
7.913080e-02
7.929321e-02
7.961564e-02
7.976776e-02
7.980588e-02
8.029272e-02
8.132590e-02
8.167308e-02
8.167258e-02
8.175654e-02
