2.691238e-06
4.023515e-06
7.014739e-06
9.386889e-06
1.492223e-05
2.586601e-05
3.639063e-05
5.403519e-05
9.203815e-05
1.404845e-04
1.770791e-04
2.711162e-04
4.520515e-04
6.141258e-04
7.884273e-04
1.077506e-03
1.544452e-03
1.927208e-03
2.369744e-03
2.809382e-03
3.949712e-03
4.557822e-03
5.357653e-03
6.828577e-03
7.942206e-03
9.767123e-03
1.359417e-02
1.505428e-02
1.642313e-02
1.998914e-02
2.243505e-02
2.391536e-02
2.789052e-02
3.206312e-02
3.201549e-02
3.196786e-02
3.420616e-02
3.574412e-02
4.152460e-02
4.367987e-02
4.475106e-02
4.509162e-02
4.540208e-02
4.997882e-02
5.272372e-02
5.448220e-02
5.228817e-02
5.722801e-02
6.194298e-02
5.866538e-02
6.362312e-02
6.683231e-02
6.699692e-02
7.157540e-02
7.519337e-02
7.068620e-02
6.988630e-02
7.551637e-02
7.957673e-02
7.966886e-02
7.463745e-02
7.680903e-02
7.866148e-02
8.317714e-02
8.396067e-02
8.279666e-02
7.906771e-02
8.116751e-02
8.631037e-02
8.541749e-02
8.536093e-02
8.522894e-02
8.157465e-02
8.540369e-02
8.763634e-02
8.825283e-02
8.816648e-02
8.531220e-02
8.558983e-02
8.657843e-02
8.902675e-02
8.882914e-02
8.773246e-02
8.774849e-02
8.907998e-02
8.970943e-02
9.008892e-02
9.012563e-02
8.938628e-02
8.892368e-02
8.891299e-02
8.891181e-02
8.981963e-02
9.047079e-02
9.043035e-02
8.979227e-02
9.020186e-02
9.092899e-02
9.099709e-02
9.093970e-02
9.087686e-02
9.024243e-02
9.067445e-02
9.109445e-02
9.126425e-02
9.124915e-02
9.144493e-02
9.163292e-02
9.180108e-02
9.194753e-02
9.199092e-02
9.256877e-02
9.379194e-02
9.420279e-02
9.420241e-02
9.431410e-02
