0.000000e+00
-2.523922e-62
-1.541316e-56
2.831880e-54
-4.301481e-51
-1.891753e-44
-1.338502e-38
1.396299e-33
3.522264e-28
1.221649e-09
1.949432e-09
4.477829e-09
1.241394e-08
2.297065e-08
3.869203e-08
7.311208e-08
1.568553e-07
2.547281e-07
4.025061e-07
5.929351e-07
1.326621e-06
1.895293e-06
2.876755e-06
5.616254e-06
8.594434e-06
1.609295e-05
4.630542e-05
6.560227e-05
8.815874e-05
1.749496e-04
2.659241e-04
3.346634e-04
5.941191e-04
1.008166e-03
1.000491e-03
9.928163e-04
1.284391e-03
1.519605e-03
2.722168e-03
3.286585e-03
3.608237e-03
3.710265e-03
3.801395e-03
5.534077e-03
6.819753e-03
7.743326e-03
6.558592e-03
9.430957e-03
1.277334e-02
1.025655e-02
1.413785e-02
1.714053e-02
1.729232e-02
2.255208e-02
2.728851e-02
2.124221e-02
2.026520e-02
2.762851e-02
3.406318e-02
3.415695e-02
2.620191e-02
2.937654e-02
3.229742e-02
4.044731e-02
4.194704e-02
3.955785e-02
3.276326e-02
3.643516e-02
4.664725e-02
4.460660e-02
4.446954e-02
4.414973e-02
3.685737e-02
4.438465e-02
4.929927e-02
5.069813e-02
5.043745e-02
4.390679e-02
4.448646e-02
4.660304e-02
5.217287e-02
5.168491e-02
4.896706e-02
4.889284e-02
5.197230e-02
5.352639e-02
5.436845e-02
5.439566e-02
5.251224e-02
5.131584e-02
5.120466e-02
5.119231e-02
5.336156e-02
5.501020e-02
5.479888e-02
5.312441e-02
5.410547e-02
5.575946e-02
5.585390e-02
5.562454e-02
5.545877e-02
5.381929e-02
5.482521e-02
5.577109e-02
5.603136e-02
5.589626e-02
5.630753e-02
5.644037e-02
5.665510e-02
5.676280e-02
5.679148e-02
5.710496e-02
5.777595e-02
5.799592e-02
5.799487e-02
5.802654e-02
