1.805780e-08
3.045283e-08
6.339630e-08
9.746139e-08
1.769512e-07
3.816230e-07
6.189096e-07
1.095115e-06
2.379711e-06
4.436551e-06
6.214781e-06
1.183075e-05
2.571590e-05
4.105201e-05
5.982760e-05
9.702873e-05
1.690528e-04
2.372336e-04
3.263536e-04
4.239918e-04
7.216333e-04
8.994879e-04
1.159328e-03
1.688330e-03
2.138488e-03
2.947564e-03
4.942582e-03
5.782941e-03
6.631771e-03
9.000090e-03
1.078296e-02
1.188086e-02
1.512112e-02
1.882783e-02
1.875608e-02
1.868434e-02
2.074530e-02
2.224679e-02
2.808389e-02
3.035063e-02
3.152226e-02
3.189059e-02
3.219283e-02
3.742050e-02
4.067523e-02
4.279152e-02
4.002902e-02
4.614661e-02
5.218570e-02
4.782770e-02
5.432919e-02
5.865838e-02
5.880500e-02
6.522399e-02
7.042681e-02
6.380774e-02
6.265453e-02
7.077029e-02
7.682266e-02
7.690500e-02
6.932222e-02
7.251278e-02
7.527072e-02
8.216187e-02
8.332510e-02
8.144864e-02
7.569376e-02
7.886515e-02
8.684057e-02
8.535133e-02
8.525425e-02
8.502772e-02
7.928228e-02
8.522796e-02
8.874793e-02
8.969887e-02
8.952482e-02
8.487950e-02
8.530328e-02
8.686379e-02
9.071176e-02
9.038250e-02
8.854996e-02
8.853378e-02
9.063776e-02
9.164190e-02
9.220958e-02
9.223264e-02
9.100150e-02
9.020810e-02
9.015681e-02
9.015111e-02
9.158933e-02
9.263123e-02
9.251790e-02
9.142958e-02
9.207692e-02
9.315334e-02
9.322622e-02
9.309632e-02
9.297870e-02
9.192086e-02
9.258915e-02
9.321684e-02
9.340395e-02
9.333836e-02
9.360790e-02
9.377466e-02
9.394425e-02
9.406617e-02
9.410210e-02
9.451899e-02
9.540942e-02
9.559120e-02
9.558941e-02
9.557505e-02
