0.000000e+00
-5.621615e-45
2.869859e-40
5.794820e-37
-3.493757e-33
-1.778092e-27
1.107587e-09
2.170765e-09
5.395739e-09
1.101944e-08
1.645743e-08
3.494471e-08
8.915509e-08
1.591978e-07
2.593412e-07
4.892173e-07
1.058585e-06
1.733741e-06
2.794146e-06
4.182286e-06
9.787343e-06
1.408568e-05
2.162437e-05
4.150720e-05
6.260712e-05
1.111247e-04
2.821471e-04
3.769704e-04
4.839322e-04
8.471924e-04
1.185400e-03
1.419078e-03
2.228154e-03
3.362417e-03
3.337535e-03
3.312653e-03
4.032979e-03
4.598703e-03
7.151203e-03
8.258233e-03
8.868762e-03
9.060878e-03
9.219970e-03
1.225570e-02
1.434939e-02
1.578968e-02
1.390415e-02
1.825579e-02
2.298102e-02
1.946037e-02
2.478437e-02
2.865154e-02
2.879414e-02
3.510192e-02
4.054034e-02
3.357526e-02
3.241723e-02
4.088386e-02
4.780410e-02
4.788493e-02
3.925870e-02
4.277132e-02
4.591830e-02
5.429105e-02
5.575710e-02
5.335844e-02
4.636024e-02
5.016072e-02
6.029632e-02
5.830188e-02
5.816979e-02
5.786155e-02
5.057767e-02
5.809101e-02
6.278730e-02
6.408506e-02
6.383289e-02
5.757417e-02
5.812936e-02
6.018213e-02
6.540999e-02
6.495116e-02
6.239758e-02
6.234355e-02
6.522301e-02
6.663874e-02
6.741248e-02
6.743269e-02
6.569112e-02
6.456967e-02
6.447534e-02
6.446485e-02
6.646418e-02
6.795511e-02
6.776589e-02
6.621318e-02
6.711826e-02
6.860958e-02
6.869408e-02
6.848828e-02
6.832525e-02
6.681915e-02
6.774293e-02
6.860430e-02
6.882887e-02
6.870721e-02
6.907240e-02
6.920864e-02
6.939551e-02
6.949601e-02
6.952401e-02
6.980501e-02
7.041324e-02
7.053186e-02
7.053002e-02
7.049876e-02
