0.000000e+00
5.674127e-86
-5.547832e-80
-7.092791e-78
4.456263e-74
-8.295002e-68
-8.546011e-64
-4.779276e-58
-1.940626e-51
7.362291e-46
1.542549e-39
-1.050986e-33
3.609039e-28
3.629984e-10
6.989395e-10
1.589352e-09
4.157646e-09
7.549970e-09
1.321410e-08
2.103542e-08
5.432177e-08
8.126131e-08
1.292888e-07
2.641923e-07
4.107990e-07
7.719788e-07
2.176840e-06
3.055702e-06
4.079344e-06
8.161476e-06
1.266810e-05
1.621088e-05
3.135677e-05
6.062512e-05
5.995027e-05
5.927543e-05
8.323733e-05
1.044993e-04
2.429927e-04
3.202041e-04
3.692971e-04
3.848420e-04
3.985045e-04
7.221300e-04
1.012663e-03
1.246010e-03
9.439531e-04
1.747291e-03
2.868979e-03
1.970116e-03
3.398166e-03
4.722707e-03
4.790119e-03
7.624477e-03
1.054136e-02
6.790210e-03
6.250939e-03
1.073114e-02
1.548238e-02
1.553590e-02
9.737177e-03
1.189418e-02
1.404428e-02
2.085605e-02
2.220960e-02
2.000074e-02
1.433416e-02
1.731361e-02
2.669957e-02
2.463129e-02
2.449509e-02
2.417727e-02
1.755010e-02
2.437627e-02
2.934629e-02
3.081708e-02
3.051780e-02
2.382872e-02
2.440537e-02
2.649401e-02
3.230911e-02
3.176288e-02
2.882101e-02
2.873250e-02
3.201592e-02
3.372800e-02
3.466004e-02
3.467270e-02
3.254130e-02
3.120566e-02
3.107502e-02
3.106051e-02
3.343721e-02
3.528973e-02
3.502831e-02
3.310578e-02
3.420407e-02
3.604441e-02
3.613579e-02
3.585560e-02
3.565380e-02
3.376961e-02
3.489620e-02
3.595543e-02
3.620759e-02
3.602947e-02
3.647893e-02
3.657024e-02
3.676470e-02
3.683269e-02
3.684936e-02
3.694574e-02
3.716495e-02
3.718444e-02
3.718254e-02
3.712082e-02
