6.717131e-08
9.509783e-08
1.536170e-07
1.961586e-07
2.954282e-07
4.756129e-07
6.390624e-07
9.044829e-07
1.458750e-06
2.127484e-06
2.639855e-06
3.908192e-06
6.380093e-06
8.610776e-06
1.112722e-05
1.533301e-05
2.271337e-05
2.924792e-05
3.728117e-05
4.586347e-05
7.133700e-05
8.670969e-05
1.090396e-04
1.574213e-04
1.995629e-04
2.806742e-04
5.032000e-04
6.066198e-04
7.150659e-04
1.047639e-03
1.320921e-03
1.496493e-03
2.061941e-03
2.775765e-03
2.761063e-03
2.746361e-03
3.172358e-03
3.487782e-03
4.841865e-03
5.394889e-03
5.688637e-03
5.780864e-03
5.855548e-03
7.262812e-03
8.185536e-03
8.803919e-03
7.989240e-03
9.825459e-03
1.173229e-02
1.032055e-02
1.243215e-02
1.389482e-02
1.394214e-02
1.624682e-02
1.817821e-02
1.569956e-02
1.526732e-02
1.828293e-02
2.064948e-02
2.067611e-02
1.770844e-02
1.892314e-02
1.999409e-02
2.277914e-02
2.325801e-02
2.247415e-02
2.013194e-02
2.139885e-02
2.469424e-02
2.406080e-02
2.401651e-02
2.391318e-02
2.152541e-02
2.398222e-02
2.547397e-02
2.587359e-02
2.579268e-02
2.380242e-02
2.397754e-02
2.463337e-02
2.625911e-02
2.611027e-02
2.531888e-02
2.530921e-02
2.621442e-02
2.663743e-02
2.688411e-02
2.688772e-02
2.633940e-02
2.598910e-02
2.596357e-02
2.596073e-02
2.658346e-02
2.701477e-02
2.696143e-02
2.648118e-02
2.675525e-02
2.721393e-02
2.724755e-02
2.718709e-02
2.712339e-02
2.664963e-02
2.693607e-02
2.719729e-02
2.724987e-02
2.721433e-02
2.728882e-02
2.737293e-02
2.741905e-02
2.745772e-02
2.747094e-02
2.751559e-02
2.762349e-02
2.761192e-02
2.761001e-02
2.753878e-02
