0.000000e+00
1.007480e-62
1.304344e-56
-9.376939e-55
1.707020e-51
2.160791e-45
-4.649172e-40
1.798036e-34
-1.525460e-28
2.714817e-10
4.350025e-10
1.039402e-09
2.992622e-09
5.654355e-09
9.574897e-09
1.847443e-08
4.002786e-08
6.481074e-08
1.018294e-07
1.483468e-07
3.197439e-07
4.437546e-07
6.460330e-07
1.157273e-06
1.660717e-06
2.782380e-06
6.520314e-06
8.607683e-06
1.091363e-05
1.934104e-05
2.769797e-05
3.387080e-05
5.802556e-05
9.943629e-05
9.858777e-05
9.773926e-05
1.293623e-04
1.557040e-04
3.155851e-04
3.992823e-04
4.505160e-04
4.667250e-04
4.808606e-04
8.029722e-04
1.078126e-03
1.293073e-03
1.013763e-03
1.737670e-03
2.708940e-03
1.937136e-03
3.151338e-03
4.233473e-03
4.286459e-03
6.521590e-03
8.764870e-03
5.876025e-03
5.448129e-03
8.903632e-03
1.244312e-02
1.248185e-02
8.145663e-03
9.773814e-03
1.137336e-02
1.633640e-02
1.730719e-02
1.572151e-02
1.158312e-02
1.376214e-02
2.048114e-02
1.902225e-02
1.892453e-02
1.869649e-02
1.393200e-02
1.883448e-02
2.233192e-02
2.335421e-02
2.314519e-02
1.843826e-02
1.884344e-02
2.032005e-02
2.437678e-02
2.399632e-02
2.194984e-02
2.188908e-02
2.417738e-02
2.535573e-02
2.600022e-02
2.600786e-02
2.453266e-02
2.360583e-02
2.351523e-02
2.350517e-02
2.515273e-02
2.641727e-02
2.623886e-02
2.491370e-02
2.566837e-02
2.693319e-02
2.699940e-02
2.680761e-02
2.666310e-02
2.536188e-02
2.613847e-02
2.686439e-02
2.703038e-02
2.690882e-02
2.720004e-02
2.728020e-02
2.740838e-02
2.745772e-02
2.747094e-02
2.751559e-02
2.762349e-02
2.761192e-02
2.761001e-02
2.753878e-02
