0.000000e+00
9.224383e-86
-2.609194e-79
3.575070e-77
-1.401132e-73
-7.997976e-68
-4.778170e-62
-4.087276e-57
5.081907e-51
9.962356e-46
5.162877e-39
2.083916e-33
-2.682127e-28
5.505776e-10
1.079382e-09
2.395367e-09
6.201956e-09
1.136207e-08
1.984583e-08
3.172865e-08
8.041601e-08
1.209791e-07
1.913222e-07
3.942816e-07
6.119116e-07
1.172178e-06
3.408284e-06
4.926614e-06
6.686942e-06
1.412307e-05
2.275354e-05
3.005509e-05
6.067998e-05
1.198992e-04
1.191290e-04
1.183588e-04
1.673849e-04
2.094247e-04
4.767096e-04
6.217562e-04
7.105158e-04
7.389505e-04
7.666221e-04
1.323214e-03
1.800287e-03
2.171926e-03
1.704950e-03
2.944555e-03
4.595084e-03
3.315703e-03
5.357873e-03
7.159419e-03
7.280991e-03
1.092183e-02
1.451564e-02
9.942682e-03
9.256964e-03
1.481309e-02
2.037835e-02
2.048059e-02
1.368974e-02
1.628388e-02
1.880611e-02
2.653249e-02
2.807808e-02
2.568366e-02
1.925975e-02
2.268706e-02
3.308286e-02
3.091168e-02
3.076422e-02
3.042013e-02
2.307841e-02
3.065728e-02
3.604029e-02
3.765159e-02
3.736288e-02
3.020424e-02
3.083249e-02
3.309594e-02
3.939996e-02
3.883793e-02
3.573595e-02
3.562391e-02
3.914784e-02
4.099945e-02
4.199662e-02
4.203213e-02
3.980805e-02
3.842259e-02
3.828200e-02
3.826639e-02
4.081128e-02
4.280107e-02
4.253323e-02
4.055511e-02
4.171428e-02
4.371827e-02
4.382885e-02
4.354051e-02
4.335361e-02
4.139558e-02
4.259409e-02
4.373049e-02
4.405326e-02
4.388526e-02
4.439458e-02
4.452085e-02
4.478720e-02
4.490342e-02
4.493233e-02
4.527143e-02
4.598650e-02
4.628985e-02
4.628948e-02
4.637355e-02
