2.335456e-09
3.779279e-09
7.230560e-09
1.030950e-08
1.749410e-08
3.313324e-08
4.923992e-08
7.858852e-08
1.488225e-07
2.433443e-07
3.254206e-07
5.419600e-07
1.021928e-06
1.502445e-06
2.094862e-06
3.135792e-06
5.132844e-06
7.049616e-06
9.523736e-06
1.231140e-05
2.109017e-05
2.682155e-05
3.547357e-05
5.576597e-05
7.450997e-05
1.138369e-04
2.344123e-04
2.968421e-04
3.640370e-04
5.864107e-04
7.840443e-04
9.191975e-04
1.373882e-03
1.994018e-03
1.982830e-03
1.971642e-03
2.365106e-03
2.663048e-03
4.027644e-03
4.613140e-03
4.930989e-03
5.031422e-03
5.117978e-03
6.703015e-03
7.789714e-03
8.536496e-03
7.569944e-03
9.818324e-03
1.225248e-02
1.044879e-02
1.318604e-02
1.516193e-02
1.524759e-02
1.847737e-02
2.125332e-02
1.770912e-02
1.710959e-02
2.143751e-02
2.496737e-02
2.501706e-02
2.062332e-02
2.241229e-02
2.401391e-02
2.828248e-02
2.904031e-02
2.782933e-02
2.425968e-02
2.619902e-02
3.135981e-02
3.036215e-02
3.029431e-02
3.013602e-02
2.642695e-02
3.025596e-02
3.264718e-02
3.330904e-02
3.318555e-02
3.001578e-02
3.029900e-02
3.134159e-02
3.400019e-02
3.376639e-02
3.248344e-02
3.245994e-02
3.392984e-02
3.464520e-02
3.504711e-02
3.506060e-02
3.417675e-02
3.361366e-02
3.356910e-02
3.356415e-02
3.458625e-02
3.533265e-02
3.524397e-02
3.446478e-02
3.492199e-02
3.569522e-02
3.574749e-02
3.564783e-02
3.556150e-02
3.479485e-02
3.526745e-02
3.570753e-02
3.582199e-02
3.576449e-02
3.593254e-02
3.603681e-02
3.613524e-02
3.620065e-02
3.622030e-02
3.638028e-02
3.672576e-02
3.682701e-02
3.682560e-02
3.680689e-02
