0.000000e+00
1.094375e-73
2.637014e-68
1.330678e-66
1.204418e-61
3.823421e-56
-2.641443e-51
-4.680118e-46
4.355011e-40
8.177679e-33
-6.279333e-28
9.846024e-10
2.977744e-09
5.798673e-09
1.006095e-08
2.007380e-08
4.527688e-08
7.516777e-08
1.211645e-07
1.804424e-07
4.102339e-07
5.836225e-07
8.799636e-07
1.677123e-06
2.525361e-06
4.599295e-06
1.298247e-05
1.842556e-05
2.496829e-05
5.146179e-05
8.124280e-05
1.043833e-04
1.998789e-04
3.691151e-04
3.650317e-04
3.609483e-04
4.871930e-04
5.951939e-04
1.190601e-03
1.487978e-03
1.665493e-03
1.721498e-03
1.769064e-03
2.789247e-03
3.594655e-03
4.193553e-03
3.412772e-03
5.337808e-03
7.708632e-03
5.874355e-03
8.712436e-03
1.103494e-02
1.113436e-02
1.544952e-02
1.950148e-02
1.429466e-02
1.348597e-02
1.975736e-02
2.556664e-02
2.563185e-02
1.846057e-02
2.125641e-02
2.389294e-02
3.151748e-02
3.293498e-02
3.061316e-02
2.424976e-02
2.764935e-02
3.746582e-02
3.542129e-02
3.528591e-02
3.496999e-02
2.796515e-02
3.517995e-02
4.003324e-02
4.141750e-02
4.114029e-02
3.463474e-02
3.520301e-02
3.728459e-02
4.281456e-02
4.231250e-02
3.955926e-02
3.948445e-02
4.256761e-02
4.412768e-02
4.497540e-02
4.498993e-02
4.305789e-02
4.182847e-02
4.171401e-02
4.170129e-02
4.388534e-02
4.554951e-02
4.532366e-02
4.359075e-02
4.458819e-02
4.624104e-02
4.632728e-02
4.608431e-02
4.590254e-02
4.421395e-02
4.523295e-02
4.618396e-02
4.641505e-02
4.626366e-02
4.666371e-02
4.677036e-02
4.695316e-02
4.703033e-02
4.705065e-02
4.720484e-02
4.754699e-02
4.759972e-02
4.759783e-02
4.754660e-02
