8.426579e-14
1.894266e-13
5.631206e-13
1.137336e-12
2.477248e-12
7.242291e-12
1.402469e-11
3.045307e-11
8.609680e-11
1.925018e-10
3.019239e-10
6.927566e-10
1.895682e-09
3.472136e-09
5.726517e-09
1.067396e-08
2.216897e-08
3.496069e-08
5.350361e-08
7.625903e-08
1.563938e-07
2.124332e-07
3.011312e-07
5.164081e-07
7.201411e-07
1.155317e-06
2.484693e-06
3.179134e-06
3.910402e-06
6.385756e-06
8.575587e-06
1.012528e-05
1.535655e-05
2.273498e-05
2.269831e-05
2.266163e-05
2.781171e-05
3.134288e-05
5.147855e-05
6.070614e-05
6.566577e-05
6.726541e-05
6.890872e-05
9.863804e-05
1.221576e-04
1.399375e-04
1.176047e-04
1.774681e-04
2.587736e-04
1.939758e-04
2.974971e-04
3.954640e-04
4.041628e-04
6.600457e-04
9.613349e-04
5.730136e-04
5.200336e-04
9.782428e-04
1.618216e-03
1.625058e-03
8.603443e-04
1.110104e-03
1.390544e-03
2.533203e-03
2.806042e-03
2.369272e-03
1.424584e-03
1.896223e-03
3.789329e-03
3.307139e-03
3.273878e-03
3.196266e-03
1.902697e-03
3.229313e-03
4.439420e-03
4.834145e-03
4.748050e-03
3.095889e-03
3.230095e-03
3.705937e-03
5.226842e-03
5.065102e-03
4.260173e-03
4.229990e-03
5.126280e-03
5.627227e-03
5.910166e-03
5.909371e-03
5.259020e-03
4.872787e-03
4.829449e-03
4.824635e-03
5.516512e-03
6.071650e-03
5.983855e-03
5.393589e-03
5.717985e-03
6.287807e-03
6.317535e-03
6.222337e-03
6.150187e-03
5.554005e-03
5.898111e-03
6.225878e-03
6.290162e-03
6.227571e-03
6.346207e-03
6.379926e-03
6.425218e-03
6.436214e-03
6.439350e-03
6.372089e-03
6.220775e-03
6.106248e-03
6.104562e-03
6.001981e-03
