8.279322e-10
1.333144e-09
2.559502e-09
3.651879e-09
6.200909e-09
1.178640e-08
1.752627e-08
2.787188e-08
5.240397e-08
8.590520e-08
1.136733e-07
1.888711e-07
3.522885e-07
5.132729e-07
7.051844e-07
1.040876e-06
1.657555e-06
2.223873e-06
2.926536e-06
3.685399e-06
5.895862e-06
7.229175e-06
9.097536e-06
1.312515e-05
1.646378e-05
2.282793e-05
3.934883e-05
4.704408e-05
5.476856e-05
7.963316e-05
1.003275e-04
1.141991e-04
1.613522e-04
2.274961e-04
2.264961e-04
2.254961e-04
2.703526e-04
3.030803e-04
4.803585e-04
5.616664e-04
6.074840e-04
6.219510e-04
6.343358e-04
8.975392e-04
1.099348e-03
1.247718e-03
1.052462e-03
1.530459e-03
2.116756e-03
1.657454e-03
2.362139e-03
2.934518e-03
2.958362e-03
4.056279e-03
5.098771e-03
3.747676e-03
3.531842e-03
5.148482e-03
6.682497e-03
6.695720e-03
4.795955e-03
5.519956e-03
6.208993e-03
8.256348e-03
8.640617e-03
8.004103e-03
6.283349e-03
7.187022e-03
9.849566e-03
9.286542e-03
9.246631e-03
9.153497e-03
7.241291e-03
9.199622e-03
1.053290e-02
1.090792e-02
1.082651e-02
9.024081e-03
9.176617e-03
9.745318e-03
1.125258e-02
1.110762e-02
1.034544e-02
1.032417e-02
1.117771e-02
1.159870e-02
1.183567e-02
1.183426e-02
1.128597e-02
1.093953e-02
1.090575e-02
1.090200e-02
1.150818e-02
1.194705e-02
1.188226e-02
1.139532e-02
1.166516e-02
1.211551e-02
1.214231e-02
1.207223e-02
1.200889e-02
1.152705e-02
1.180851e-02
1.206486e-02
1.210688e-02
1.206148e-02
1.213569e-02
1.218553e-02
1.221600e-02
1.223129e-02
1.223691e-02
1.218248e-02
1.206977e-02
1.196873e-02
1.196682e-02
1.186320e-02
