3.190085e-08
4.464293e-08
7.043556e-08
8.854543e-08
1.308043e-07
2.046006e-07
2.700291e-07
3.741022e-07
5.859719e-07
8.271412e-07
1.018314e-06
1.449883e-06
2.253443e-06
2.941965e-06
3.718590e-06
4.884073e-06
6.821110e-06
8.465239e-06
1.032860e-05
1.223129e-05
1.715455e-05
1.995755e-05
2.354828e-05
3.095205e-05
3.651491e-05
4.662652e-05
6.980356e-05
7.997783e-05
8.942396e-05
1.187276e-04
1.410443e-04
1.557609e-04
2.015119e-04
2.596854e-04
2.593971e-04
2.591089e-04
2.972861e-04
3.221214e-04
4.561469e-04
5.135763e-04
5.440619e-04
5.537688e-04
5.627387e-04
7.331944e-04
8.574573e-04
9.466179e-04
8.309231e-04
1.112151e-03
1.444483e-03
1.187336e-03
1.580197e-03
1.886048e-03
1.900971e-03
2.476699e-03
3.011496e-03
2.318802e-03
2.202692e-03
3.036642e-03
3.808011e-03
3.816142e-03
2.858593e-03
3.225205e-03
3.570399e-03
4.586393e-03
4.777804e-03
4.467445e-03
3.610325e-03
4.060498e-03
5.368390e-03
5.098943e-03
5.079065e-03
5.032682e-03
4.089553e-03
5.056525e-03
5.706113e-03
5.887434e-03
5.849184e-03
4.974708e-03
5.049114e-03
5.326996e-03
6.057483e-03
5.986390e-03
5.621717e-03
5.614327e-03
6.031347e-03
6.231959e-03
6.350508e-03
6.350845e-03
6.084506e-03
5.918026e-03
5.903587e-03
5.901983e-03
6.198518e-03
6.404568e-03
6.376577e-03
6.142809e-03
6.272911e-03
6.496511e-03
6.513364e-03
6.481723e-03
6.447996e-03
6.212162e-03
6.350449e-03
6.475531e-03
6.493641e-03
6.473153e-03
6.499113e-03
6.539650e-03
6.553553e-03
6.566041e-03
6.570959e-03
6.539992e-03
6.458579e-03
6.382300e-03
6.380793e-03
6.294701e-03
