2.817330e-09
4.397113e-09
8.096499e-09
1.123415e-08
1.855576e-08
3.388920e-08
4.918428e-08
7.609074e-08
1.380040e-07
2.200987e-07
2.869497e-07
4.642202e-07
8.398486e-07
1.202194e-06
1.628547e-06
2.365411e-06
3.702264e-06
4.915543e-06
6.414009e-06
8.023083e-06
1.272180e-05
1.554905e-05
1.954708e-05
2.822540e-05
3.557363e-05
4.982987e-05
8.925566e-05
1.084497e-04
1.286730e-04
1.957636e-04
2.551565e-04
2.954353e-04
4.374847e-04
6.411301e-04
6.368260e-04
6.325219e-04
7.667960e-04
8.699100e-04
1.378241e-03
1.604869e-03
1.731492e-03
1.771283e-03
1.803797e-03
2.476284e-03
2.960441e-03
3.302381e-03
2.850374e-03
3.911484e-03
5.118459e-03
4.196247e-03
5.592979e-03
6.646571e-03
6.683442e-03
8.512965e-03
1.014616e-02
8.037431e-03
7.687339e-03
1.022898e-02
1.242015e-02
1.244076e-02
9.708365e-03
1.078907e-02
1.177843e-02
1.452153e-02
1.501190e-02
1.419923e-02
1.189272e-02
1.312259e-02
1.652154e-02
1.583348e-02
1.578535e-02
1.567303e-02
1.321915e-02
1.573681e-02
1.735335e-02
1.779687e-02
1.770302e-02
1.552830e-02
1.571561e-02
1.641637e-02
1.821132e-02
1.804365e-02
1.714993e-02
1.712958e-02
1.813524e-02
1.862068e-02
1.889477e-02
1.889515e-02
1.826763e-02
1.786703e-02
1.783136e-02
1.782740e-02
1.852998e-02
1.903217e-02
1.896221e-02
1.840686e-02
1.871859e-02
1.923528e-02
1.926740e-02
1.919112e-02
1.912011e-02
1.857378e-02
1.889741e-02
1.919201e-02
1.924537e-02
1.919731e-02
1.928636e-02
1.935137e-02
1.939312e-02
1.941866e-02
1.942746e-02
1.940924e-02
1.938021e-02
1.930940e-02
1.930743e-02
1.921239e-02
