2.151998e-11
3.952613e-11
8.924406e-11
1.433321e-10
2.695448e-10
5.982637e-10
9.792820e-10
1.747063e-09
3.825678e-09
6.964337e-09
9.902846e-09
1.832233e-08
3.898248e-08
6.139867e-08
9.052648e-08
1.437545e-07
2.500199e-07
3.553008e-07
4.914262e-07
6.455015e-07
1.111427e-06
1.410015e-06
1.834987e-06
2.793281e-06
3.602599e-06
5.213835e-06
9.456740e-06
1.151682e-05
1.352360e-05
2.004266e-05
2.535742e-05
2.907086e-05
4.074169e-05
5.614772e-05
5.618878e-05
5.622983e-05
6.682892e-05
7.359184e-05
1.125676e-04
1.298917e-04
1.389996e-04
1.419503e-04
1.450863e-04
1.993654e-04
2.417570e-04
2.736793e-04
2.337205e-04
3.398934e-04
4.812616e-04
3.692630e-04
5.468609e-04
7.081497e-04
7.206856e-04
1.101524e-03
1.515087e-03
9.809630e-04
9.027752e-04
1.538334e-03
2.299001e-03
2.307670e-03
1.386151e-03
1.707731e-03
2.045109e-03
3.248150e-03
3.509735e-03
3.090759e-03
2.087541e-03
2.599908e-03
4.395676e-03
3.977012e-03
3.947501e-03
3.878637e-03
2.621469e-03
3.911804e-03
4.948047e-03
5.266625e-03
5.199687e-03
3.795310e-03
3.912450e-03
4.335345e-03
5.583672e-03
5.458156e-03
4.814865e-03
4.793519e-03
5.517479e-03
5.901680e-03
6.118929e-03
6.120230e-03
5.625645e-03
5.324554e-03
5.292991e-03
5.289485e-03
5.830518e-03
6.246638e-03
6.185381e-03
5.740939e-03
5.989123e-03
6.421000e-03
6.446459e-03
6.379418e-03
6.324913e-03
5.876920e-03
6.139321e-03
6.385653e-03
6.434664e-03
6.391129e-03
6.474644e-03
6.514078e-03
6.550588e-03
6.566041e-03
6.570959e-03
6.539992e-03
6.458579e-03
6.382300e-03
6.380793e-03
6.294701e-03
