2.586752e-13
5.656165e-13
1.587712e-12
3.046163e-12
6.449413e-12
1.775892e-11
3.326476e-11
6.956551e-11
1.884812e-10
3.986752e-10
6.275486e-10
1.355881e-09
3.492155e-09
6.178937e-09
1.010754e-08
1.795532e-08
3.576031e-08
5.561107e-08
8.328603e-08
1.171411e-07
2.284633e-07
3.070011e-07
4.249780e-07
7.118243e-07
9.704912e-07
1.527669e-06
3.129190e-06
3.978826e-06
4.822367e-06
7.677153e-06
1.013173e-05
1.196325e-05
1.770716e-05
2.560262e-05
2.568432e-05
2.576603e-05
3.142056e-05
3.505305e-05
5.673712e-05
6.665923e-05
7.185942e-05
7.356508e-05
7.554403e-05
1.068086e-04
1.316275e-04
1.504170e-04
1.276636e-04
1.906481e-04
2.765843e-04
2.091458e-04
3.183129e-04
4.218787e-04
4.322790e-04
6.993964e-04
1.009542e-03
6.119483e-04
5.569792e-04
1.030822e-03
1.673179e-03
1.682811e-03
9.144787e-04
1.170452e-03
1.454040e-03
2.576324e-03
2.842759e-03
2.426267e-03
1.496256e-03
1.965929e-03
3.792194e-03
3.342767e-03
3.311714e-03
3.239250e-03
1.985082e-03
3.275872e-03
4.421790e-03
4.795352e-03
4.719859e-03
3.165130e-03
3.294325e-03
3.750043e-03
5.191097e-03
5.043289e-03
4.294829e-03
4.268171e-03
5.114103e-03
5.584979e-03
5.851976e-03
5.856530e-03
5.257638e-03
4.901431e-03
4.863759e-03
4.859574e-03
5.511920e-03
6.035761e-03
5.959793e-03
5.417128e-03
5.723773e-03
6.271191e-03
6.303176e-03
6.219334e-03
6.157182e-03
5.604882e-03
5.931544e-03
6.245035e-03
6.318601e-03
6.265259e-03
6.387691e-03
6.430781e-03
6.488931e-03
6.513184e-03
6.519997e-03
6.531755e-03
6.545899e-03
6.534897e-03
6.533764e-03
6.483004e-03
