2.061211e-12
4.216453e-12
1.086862e-11
1.939767e-11
3.929993e-11
9.951451e-11
1.770430e-10
3.484078e-10
8.718068e-10
1.738979e-09
2.645492e-09
5.380081e-09
1.289647e-08
2.186363e-08
3.453765e-08
5.883213e-08
1.117137e-07
1.686605e-07
2.459610e-07
3.384059e-07
6.334091e-07
8.366034e-07
1.136141e-06
1.852663e-06
2.486977e-06
3.832400e-06
7.641676e-06
9.636932e-06
1.161734e-05
1.833752e-05
2.414300e-05
2.841217e-05
4.222965e-05
6.184870e-05
6.189502e-05
6.194135e-05
7.608746e-05
8.579434e-05
1.441604e-04
1.721702e-04
1.878802e-04
1.929496e-04
1.981764e-04
2.961452e-04
3.782343e-04
4.422572e-04
3.616821e-04
5.795695e-04
8.804793e-04
6.412296e-04
1.023981e-03
1.380503e-03
1.405191e-03
2.212414e-03
3.068044e-03
1.969281e-03
1.810140e-03
3.126109e-03
4.607875e-03
4.629133e-03
2.829375e-03
3.480849e-03
4.146511e-03
6.375669e-03
6.843478e-03
6.102361e-03
4.244748e-03
5.211487e-03
8.404499e-03
7.692632e-03
7.643713e-03
7.529562e-03
5.283721e-03
7.596369e-03
9.357962e-03
9.892909e-03
9.788147e-03
7.419040e-03
7.621799e-03
8.352273e-03
1.045032e-02
1.024986e-02
9.190387e-03
9.156258e-03
1.035560e-02
1.098736e-02
1.133918e-02
1.134656e-02
1.055598e-02
1.006931e-02
1.002105e-02
1.001569e-02
1.089897e-02
1.158230e-02
1.148754e-02
1.077910e-02
1.118466e-02
1.188793e-02
1.192920e-02
1.182548e-02
1.174704e-02
1.103805e-02
1.146256e-02
1.186250e-02
1.195707e-02
1.189237e-02
1.204706e-02
1.210600e-02
1.218144e-02
1.221561e-02
1.222532e-02
1.225715e-02
1.230829e-02
1.229967e-02
1.229824e-02
1.223753e-02
