3.174825e-11
5.275805e-11
1.045008e-10
1.523422e-10
2.639784e-10
5.149755e-10
7.785191e-10
1.264194e-09
2.443748e-09
4.049790e-09
5.456353e-09
9.149212e-09
1.727917e-08
2.533389e-08
3.519888e-08
5.191064e-08
8.275573e-08
1.114129e-07
1.464331e-07
1.843695e-07
2.909266e-07
3.555141e-07
4.431808e-07
6.302479e-07
7.795122e-07
1.061266e-06
1.737469e-06
2.045052e-06
2.333910e-06
3.216877e-06
3.887093e-06
4.349794e-06
5.679730e-06
7.281828e-06
7.302619e-06
7.323411e-06
8.373425e-06
8.981783e-06
1.240054e-05
1.380078e-05
1.447327e-05
1.469543e-05
1.496569e-05
1.871112e-05
2.136086e-05
2.320070e-05
2.102686e-05
2.678860e-05
3.364338e-05
2.856294e-05
3.658017e-05
4.275026e-05
4.365648e-05
5.745185e-05
7.134407e-05
5.348204e-05
5.032814e-05
7.224089e-05
9.841870e-05
9.897155e-05
6.729795e-05
7.784407e-05
8.881978e-05
1.337276e-04
1.452653e-04
1.285437e-04
9.075850e-05
1.093573e-04
1.843321e-04
1.658921e-04
1.642843e-04
1.605326e-04
1.092949e-04
1.612294e-04
2.116281e-04
2.290443e-04
2.253895e-04
1.564595e-04
1.617123e-04
1.805659e-04
2.464713e-04
2.391412e-04
2.043337e-04
2.021972e-04
2.419092e-04
2.652686e-04
2.787820e-04
2.787706e-04
2.480959e-04
2.309685e-04
2.282778e-04
2.279789e-04
2.604428e-04
2.862189e-04
2.817963e-04
2.545937e-04
2.690738e-04
2.977485e-04
2.997910e-04
2.949231e-04
2.910951e-04
2.616288e-04
2.782840e-04
2.945286e-04
2.978570e-04
2.948040e-04
2.990018e-04
3.030116e-04
3.054828e-04
3.068363e-04
3.073250e-04
3.039149e-04
2.979877e-04
2.967875e-04
2.966689e-04
2.925658e-04
