3.892896e-15
9.671492e-15
3.269474e-14
7.437993e-14
1.716510e-13
5.697984e-13
1.192576e-12
2.841427e-12
9.057109e-12
2.216460e-11
3.650380e-11
9.213365e-11
2.821260e-10
5.524420e-10
9.600627e-10
1.916209e-09
4.297955e-09
7.096859e-09
1.134122e-08
1.674312e-08
3.687803e-08
5.154848e-08
7.562327e-08
1.360510e-07
1.954754e-07
3.263732e-07
7.459097e-07
9.714315e-07
1.213683e-06
2.040804e-06
2.787027e-06
3.322084e-06
5.128429e-06
7.686331e-06
7.676480e-06
7.666629e-06
9.443069e-06
1.066773e-05
1.754501e-05
2.067205e-05
2.232600e-05
2.286229e-05
2.343592e-05
3.310071e-05
4.053424e-05
4.598286e-05
3.928872e-05
5.718060e-05
8.030944e-05
6.250576e-05
9.094602e-05
1.156304e-04
1.188101e-04
1.821878e-04
2.576677e-04
1.614891e-04
1.477990e-04
2.639302e-04
4.627547e-04
4.677459e-04
2.344588e-04
3.029116e-04
3.899738e-04
8.933801e-04
1.060023e-03
8.194029e-04
4.090490e-04
6.140848e-04
1.880607e-03
1.490817e-03
1.470801e-03
1.424092e-03
6.226714e-04
1.487821e-03
2.706621e-03
1.950901e-03
1.902713e-03
1.467524e-03
1.623911e-03
2.095296e-03
2.323337e-03
2.205923e-03
2.873835e-03
2.890859e-03
2.298597e-03
2.726790e-03
2.998676e-03
3.022816e-03
2.477382e-03
2.183807e-03
2.165281e-03
2.163223e-03
2.765029e-03
3.341343e-03
3.290085e-03
2.745193e-03
3.087525e-03
3.789367e-03
3.847335e-03
3.778713e-03
3.734673e-03
3.119424e-03
3.522358e-03
3.962051e-03
4.151713e-03
4.111644e-03
4.407017e-03
4.524473e-03
4.738837e-03
4.890896e-03
4.933029e-03
5.821026e-03
8.760168e-03
1.187818e-02
1.189788e-02
1.413569e-02
