1.035657e-15
2.585219e-15
8.648875e-15
1.951261e-14
4.486281e-14
1.468149e-13
3.050588e-13
7.239363e-13
2.301362e-12
5.524112e-12
9.199652e-12
2.278322e-11
6.868588e-11
1.331464e-10
2.324954e-10
4.557941e-10
1.010311e-09
1.665790e-09
2.645359e-09
3.893090e-09
8.407362e-09
1.172486e-08
1.701382e-08
3.040159e-08
4.320287e-08
7.159182e-08
1.594671e-07
2.070288e-07
2.562353e-07
4.243556e-07
5.725638e-07
6.816321e-07
1.032493e-06
1.515759e-06
1.518605e-06
1.521451e-06
1.859279e-06
2.080685e-06
3.342392e-06
3.905754e-06
4.194943e-06
4.289850e-06
4.400387e-06
6.054706e-06
7.296047e-06
8.182469e-06
7.126783e-06
9.971163e-06
1.350339e-05
1.087332e-05
1.508400e-05
1.850057e-05
1.901588e-05
2.687261e-05
3.503283e-05
2.463870e-05
2.288852e-05
3.573226e-05
5.229240e-05
5.278672e-05
3.291891e-05
3.933464e-05
4.620750e-05
7.806779e-05
8.770186e-05
7.447444e-05
4.778540e-05
6.075478e-05
1.245941e-04
1.067385e-04
1.052109e-04
1.016460e-04
6.061263e-05
1.021343e-04
1.552937e-04
1.776120e-04
1.729772e-04
9.861648e-05
1.038928e-04
1.218487e-04
2.030530e-04
1.927220e-04
1.479992e-04
1.448660e-04
1.953728e-04
2.312530e-04
2.527053e-04
2.527995e-04
2.052255e-04
1.814408e-04
1.773829e-04
1.769321e-04
2.237566e-04
2.676472e-04
2.594304e-04
2.157047e-04
2.385914e-04
2.880835e-04
2.911849e-04
2.818825e-04
2.760177e-04
2.270277e-04
2.542060e-04
2.829778e-04
2.904627e-04
2.846158e-04
2.954678e-04
2.993608e-04
3.050440e-04
3.068363e-04
3.073250e-04
3.039149e-04
2.979877e-04
2.967875e-04
2.966689e-04
2.925658e-04
