1.752015e-10
2.729310e-10
4.942989e-10
6.771468e-10
1.103817e-09
1.973753e-09
2.832350e-09
4.321218e-09
7.710755e-09
1.196369e-08
1.567952e-08
2.452141e-08
4.272862e-08
5.978801e-08
8.036533e-08
1.126067e-07
1.697708e-07
2.217141e-07
2.825508e-07
3.473625e-07
5.187744e-07
6.213039e-07
7.550084e-07
1.035349e-06
1.250357e-06
1.651859e-06
2.566106e-06
2.978904e-06
3.352557e-06
4.480540e-06
5.314818e-06
5.903681e-06
7.516166e-06
9.415869e-06
9.456022e-06
9.496176e-06
1.074751e-05
1.144180e-05
1.544052e-05
1.706316e-05
1.782866e-05
1.808377e-05
1.841134e-05
2.266943e-05
2.566889e-05
2.774746e-05
2.534162e-05
3.180814e-05
3.947191e-05
3.384053e-05
4.276666e-05
4.960746e-05
5.062170e-05
6.570034e-05
8.071005e-05
6.144943e-05
5.801483e-05
8.170009e-05
1.090444e-04
1.096313e-04
7.647040e-05
8.772232e-05
9.926716e-05
1.442866e-04
1.553739e-04
1.392855e-04
1.013283e-04
1.201858e-04
1.917251e-04
1.749153e-04
1.734361e-04
1.699846e-04
1.204073e-04
1.707367e-04
2.162530e-04
2.313626e-04
2.282565e-04
1.663625e-04
1.711713e-04
1.886113e-04
2.463476e-04
2.401180e-04
2.101150e-04
2.083858e-04
2.429249e-04
2.624099e-04
2.737555e-04
2.737891e-04
2.482008e-04
2.336609e-04
2.314795e-04
2.312372e-04
2.587945e-04
2.798376e-04
2.763769e-04
2.539044e-04
2.659688e-04
2.896681e-04
2.914924e-04
2.876627e-04
2.844189e-04
2.601086e-04
2.739613e-04
2.872598e-04
2.898575e-04
2.874776e-04
2.904432e-04
2.944538e-04
2.964459e-04
2.978197e-04
2.983319e-04
2.957715e-04
2.915313e-04
2.914544e-04
2.913448e-04
2.880083e-04
