3.708344e-07
4.661188e-07
6.365790e-07
7.373368e-07
9.724520e-07
1.321393e-06
1.598603e-06
1.999981e-06
2.731114e-06
3.467522e-06
4.018719e-06
5.130905e-06
6.984364e-06
8.418799e-06
9.954781e-06
1.204111e-05
1.525932e-05
1.782385e-05
2.054307e-05
2.320088e-05
2.954030e-05
3.297069e-05
3.710272e-05
4.531221e-05
5.105172e-05
6.106721e-05
8.201700e-05
9.074502e-05
9.840864e-05
1.215161e-04
1.378923e-04
1.484968e-04
1.793462e-04
2.154755e-04
2.156304e-04
2.157852e-04
2.388899e-04
2.521471e-04
3.252307e-04
3.543900e-04
3.688333e-04
3.734798e-04
3.781577e-04
4.576223e-04
5.124303e-04
5.507927e-04
5.020284e-04
6.203426e-04
7.546516e-04
6.522233e-04
8.084240e-04
9.243121e-04
9.316696e-04
1.137462e-03
1.326003e-03
1.077652e-03
1.032854e-03
1.333945e-03
1.606071e-03
1.609560e-03
1.270742e-03
1.400308e-03
1.521176e-03
1.876652e-03
1.944773e-03
1.838222e-03
1.536613e-03
1.694744e-03
2.150638e-03
2.060299e-03
2.053305e-03
2.036984e-03
1.707135e-03
2.047339e-03
2.274396e-03
2.337996e-03
2.326059e-03
2.024676e-03
2.051378e-03
2.149234e-03
2.407253e-03
2.382249e-03
2.259209e-03
2.260613e-03
2.410993e-03
2.481455e-03
2.528344e-03
2.531571e-03
2.439003e-03
2.383430e-03
2.382228e-03
2.382094e-03
2.491868e-03
2.567103e-03
2.563694e-03
2.484483e-03
2.535168e-03
2.633229e-03
2.645266e-03
2.640288e-03
2.630743e-03
2.547906e-03
2.604630e-03
2.660229e-03
2.681604e-03
2.680839e-03
2.703730e-03
2.743439e-03
2.772422e-03
2.804037e-03
2.814185e-03
2.988888e-03
3.796810e-03
4.953206e-03
4.961351e-03
5.958553e-03
