8.913328e-09
1.204006e-08
1.811439e-08
2.213383e-08
3.151305e-08
4.701331e-08
6.024857e-08
8.057150e-08
1.202881e-07
1.636170e-07
1.971502e-07
2.696935e-07
3.986400e-07
5.047262e-07
6.213930e-07
7.891649e-07
1.057360e-06
1.278404e-06
1.520171e-06
1.761756e-06
2.355165e-06
2.682552e-06
3.087326e-06
3.890658e-06
4.466884e-06
5.477651e-06
7.602454e-06
8.491155e-06
9.273766e-06
1.157634e-05
1.318880e-05
1.426496e-05
1.721686e-05
2.055718e-05
2.061401e-05
2.067084e-05
2.281634e-05
2.394979e-05
3.052055e-05
3.308499e-05
3.427501e-05
3.466832e-05
3.514813e-05
4.180025e-05
4.636068e-05
4.950314e-05
4.574421e-05
5.545057e-05
6.666403e-05
5.827181e-05
7.127303e-05
8.087872e-05
8.203579e-05
1.022033e-04
1.214496e-04
9.646651e-05
9.181790e-05
1.222922e-04
1.540510e-04
1.545415e-04
1.154695e-04
1.292405e-04
1.427699e-04
1.899256e-04
2.003111e-04
1.846935e-04
1.445881e-04
1.647175e-04
2.319785e-04
2.173507e-04
2.160254e-04
2.129329e-04
1.649002e-04
2.135930e-04
2.516854e-04
2.631639e-04
2.606791e-04
2.090370e-04
2.131000e-04
2.283604e-04
2.734418e-04
2.686489e-04
2.456297e-04
2.445687e-04
2.713059e-04
2.849603e-04
2.932114e-04
2.931375e-04
2.745028e-04
2.635760e-04
2.621063e-04
2.619430e-04
2.822400e-04
2.961747e-04
2.939615e-04
2.779516e-04
2.864352e-04
3.027431e-04
3.042199e-04
3.017414e-04
2.990546e-04
2.818085e-04
2.915710e-04
3.005449e-04
3.016549e-04
3.000886e-04
3.007876e-04
3.048577e-04
3.057040e-04
3.068363e-04
3.073250e-04
3.039149e-04
2.979877e-04
2.967875e-04
2.966689e-04
2.925658e-04
