0.000000e+00
-8.579982e-59
-1.014685e-52
8.989259e-51
-1.458260e-46
-4.865308e-41
-1.645692e-37
-1.799589e-30
1.126064e-24
4.887139e-06
7.305120e-06
1.510070e-05
3.605685e-05
6.063019e-05
9.296212e-05
1.572516e-04
2.889168e-04
4.201932e-04
5.956503e-04
7.938669e-04
1.405258e-03
1.789135e-03
2.346910e-03
3.535360e-03
4.546139e-03
6.442916e-03
1.116611e-02
1.326119e-02
1.530947e-02
2.122417e-02
2.570408e-02
2.861027e-02
3.692493e-02
4.649039e-02
4.641081e-02
4.633122e-02
5.188187e-02
5.572048e-02
7.156866e-02
7.778284e-02
8.092672e-02
8.193316e-02
8.290674e-02
9.714445e-02
1.061345e-01
1.120296e-01
1.047432e-01
1.216301e-01
1.385471e-01
1.266680e-01
1.447496e-01
1.569445e-01
1.577257e-01
1.760084e-01
1.908183e-01
1.722625e-01
1.689838e-01
1.921605e-01
2.096105e-01
2.099845e-01
1.883692e-01
1.975166e-01
2.054318e-01
2.255337e-01
2.291024e-01
2.237659e-01
2.071301e-01
2.164066e-01
2.398223e-01
2.356084e-01
2.353239e-01
2.346600e-01
2.179696e-01
2.353116e-01
2.457820e-01
2.487435e-01
2.482935e-01
2.347196e-01
2.359833e-01
2.405408e-01
2.522282e-01
2.513044e-01
2.458991e-01
2.457629e-01
2.520598e-01
2.552278e-01
2.569241e-01
2.570477e-01
2.534490e-01
2.511673e-01
2.509638e-01
2.509412e-01
2.552975e-01
2.586237e-01
2.582675e-01
2.551237e-01
2.570617e-01
2.604364e-01
2.606574e-01
2.602603e-01
2.600137e-01
2.569224e-01
2.589305e-01
2.608756e-01
2.616268e-01
2.614484e-01
2.624595e-01
2.628489e-01
2.635174e-01
2.639328e-01
2.640422e-01
2.658619e-01
2.696469e-01
2.708540e-01
2.708567e-01
2.712959e-01
