1.139364e-02
1.344407e-02
1.690505e-02
1.868078e-02
2.282438e-02
2.836927e-02
3.248983e-02
3.784844e-02
4.647241e-02
5.483783e-02
6.013913e-02
7.068290e-02
8.573125e-02
9.637351e-02
1.061673e-01
1.194294e-01
1.367571e-01
1.489341e-01
1.611986e-01
1.721903e-01
1.955054e-01
2.067057e-01
2.197656e-01
2.409326e-01
2.551107e-01
2.764816e-01
3.133453e-01
3.266411e-01
3.376316e-01
3.637065e-01
3.801405e-01
3.911270e-01
4.144403e-01
4.367136e-01
4.371406e-01
4.375676e-01
4.494479e-01
4.574926e-01
4.848760e-01
4.954831e-01
5.005932e-01
5.023179e-01
5.046992e-01
5.234562e-01
5.346973e-01
5.421949e-01
5.357470e-01
5.545108e-01
5.724830e-01
5.631543e-01
5.807027e-01
5.934295e-01
5.956854e-01
6.114196e-01
6.238089e-01
6.119171e-01
6.107714e-01
6.287502e-01
6.416181e-01
6.432509e-01
6.302131e-01
6.377791e-01
6.443456e-01
6.582231e-01
6.617254e-01
6.598951e-01
6.507591e-01
6.580664e-01
6.746218e-01
6.735706e-01
6.737979e-01
6.743280e-01
6.655182e-01
6.773502e-01
6.846578e-01
6.877143e-01
6.885134e-01
6.830900e-01
6.845876e-01
6.878947e-01
6.979590e-01
6.979140e-01
6.962479e-01
6.975306e-01
7.023685e-01
7.052472e-01
7.075146e-01
7.088280e-01
7.080359e-01
7.079997e-01
7.090566e-01
7.091741e-01
7.127085e-01
7.166199e-01
7.179333e-01
7.174049e-01
7.197754e-01
7.254581e-01
7.264740e-01
7.274601e-01
7.283927e-01
7.277837e-01
7.299276e-01
7.327447e-01
7.360022e-01
7.368731e-01
7.402348e-01
7.427128e-01
7.462094e-01
7.492583e-01
7.500887e-01
7.668066e-01
8.022613e-01
8.262483e-01
8.263841e-01
8.397810e-01
