0.000000e+00
2.996750e-75
2.518158e-68
1.054805e-66
-3.679533e-64
-3.740032e-58
-5.451892e-52
5.193289e-46
-1.100412e-40
8.477665e-35
6.660944e-29
-9.056335e-23
5.422716e-05
9.571273e-05
1.515154e-04
2.697122e-04
5.219516e-04
7.814786e-04
1.139291e-03
1.552540e-03
2.883590e-03
3.735393e-03
5.015689e-03
7.771991e-03
1.019966e-02
1.481250e-02
2.674962e-02
3.211917e-02
3.750150e-02
5.309699e-02
6.517816e-02
7.304268e-02
9.588297e-02
1.226171e-01
1.223189e-01
1.220206e-01
1.374752e-01
1.486388e-01
1.935039e-01
2.114080e-01
2.206445e-01
2.235968e-01
2.264169e-01
2.677490e-01
2.940278e-01
3.114016e-01
2.901203e-01
3.398075e-01
3.899235e-01
3.552333e-01
4.089416e-01
4.458942e-01
4.484627e-01
5.032257e-01
5.478245e-01
4.930748e-01
4.839599e-01
5.534028e-01
6.058016e-01
6.074683e-01
5.436197e-01
5.716022e-01
5.959487e-01
6.564744e-01
6.675339e-01
6.522370e-01
6.032078e-01
6.316842e-01
7.030147e-01
6.909807e-01
6.903741e-01
6.889586e-01
6.394995e-01
6.923790e-01
7.244684e-01
7.340917e-01
7.333210e-01
6.935056e-01
6.977713e-01
7.120910e-01
7.493692e-01
7.468658e-01
7.311946e-01
7.316128e-01
7.514015e-01
7.616649e-01
7.675514e-01
7.686726e-01
7.584730e-01
7.521827e-01
7.522979e-01
7.523107e-01
7.662101e-01
7.777721e-01
7.776064e-01
7.686023e-01
7.754361e-01
7.880704e-01
7.892349e-01
7.887638e-01
7.887119e-01
7.798742e-01
7.865866e-01
7.934545e-01
7.971738e-01
7.970844e-01
8.018247e-01
8.038292e-01
8.074046e-01
8.099742e-01
8.106498e-01
8.239164e-01
8.516388e-01
8.701909e-01
8.702927e-01
8.804671e-01
