0.000000e+00
4.281435e-58
4.337696e-52
-6.786317e-52
-1.785834e-46
-6.546866e-42
1.823662e-34
2.643917e-30
-4.145597e-24
2.010270e-05
2.955635e-05
6.030072e-05
1.408437e-04
2.337237e-04
3.520478e-04
5.886384e-04
1.060314e-03
1.520047e-03
2.127374e-03
2.804020e-03
4.869879e-03
6.135677e-03
7.978089e-03
1.179027e-02
1.502850e-02
2.096525e-02
3.554180e-02
4.185679e-02
4.808115e-02
6.559585e-02
7.877991e-02
8.725810e-02
1.112616e-01
1.386004e-01
1.383184e-01
1.380364e-01
1.535871e-01
1.647051e-01
2.084990e-01
2.257549e-01
2.345850e-01
2.374116e-01
2.401455e-01
2.789891e-01
3.033933e-01
3.194402e-01
2.999653e-01
3.454799e-01
3.908821e-01
3.597920e-01
4.081005e-01
4.411089e-01
4.434799e-01
4.916499e-01
5.306917e-01
4.831667e-01
4.753457e-01
5.359040e-01
5.811469e-01
5.827154e-01
5.278323e-01
5.521522e-01
5.732457e-01
6.250169e-01
6.346386e-01
6.217915e-01
5.800288e-01
6.045407e-01
6.654320e-01
6.554083e-01
6.549377e-01
6.538397e-01
6.119139e-01
6.570480e-01
6.842881e-01
6.925536e-01
6.920241e-01
6.588123e-01
6.625049e-01
6.745948e-01
7.063564e-01
7.043060e-01
6.912780e-01
6.917966e-01
7.086070e-01
7.173493e-01
7.224535e-01
7.235373e-01
7.151169e-01
7.099737e-01
7.102106e-01
7.102370e-01
7.220497e-01
7.319745e-01
7.320215e-01
7.246124e-01
7.304945e-01
7.415421e-01
7.426296e-01
7.423886e-01
7.424595e-01
7.351736e-01
7.409317e-01
7.469011e-01
7.503535e-01
7.504027e-01
7.546923e-01
7.566745e-01
7.600446e-01
7.625484e-01
7.632118e-01
7.762254e-01
8.034939e-01
8.217899e-01
8.218900e-01
8.319401e-01
