0.000000e+00
-3.612077e-75
2.404283e-69
-1.682907e-67
5.893187e-64
-1.486990e-57
1.482875e-52
-4.242212e-47
-4.058160e-42
2.715392e-35
6.188860e-29
1.461137e-23
1.577262e-05
2.959678e-05
4.953884e-05
9.346706e-05
1.941485e-04
3.050714e-04
4.638025e-04
6.549601e-04
1.299053e-03
1.735495e-03
2.407653e-03
3.924151e-03
5.302936e-03
8.056758e-03
1.551943e-02
1.908605e-02
2.267201e-02
3.334824e-02
4.189015e-02
4.774405e-02
6.457624e-02
8.483040e-02
8.475674e-02
8.468307e-02
9.677696e-02
1.054965e-01
1.418965e-01
1.567871e-01
1.644800e-01
1.669644e-01
1.695419e-01
2.043840e-01
2.270417e-01
2.421634e-01
2.243029e-01
2.675859e-01
3.121215e-01
2.818713e-01
3.296911e-01
3.630687e-01
3.663144e-01
4.168153e-01
4.584631e-01
4.083034e-01
4.001033e-01
4.646369e-01
5.142127e-01
5.162106e-01
4.565043e-01
4.828718e-01
5.060019e-01
5.639390e-01
5.751045e-01
5.607738e-01
5.142040e-01
5.416279e-01
6.108805e-01
5.996211e-01
5.990828e-01
5.978269e-01
5.504100e-01
6.015231e-01
6.331195e-01
6.429552e-01
6.424480e-01
6.042064e-01
6.084791e-01
6.223535e-01
6.596950e-01
6.573466e-01
6.421991e-01
6.426615e-01
6.624242e-01
6.729119e-01
6.789668e-01
6.803142e-01
6.704432e-01
6.644898e-01
6.647484e-01
6.647772e-01
6.787718e-01
6.907090e-01
6.907429e-01
6.821319e-01
6.890993e-01
7.024337e-01
7.037501e-01
7.034464e-01
7.036471e-01
6.951057e-01
7.019748e-01
7.091504e-01
7.134854e-01
7.136015e-01
7.189632e-01
7.212792e-01
7.255534e-01
7.286693e-01
7.294891e-01
7.461089e-01
7.811434e-01
8.049311e-01
8.050656e-01
8.183692e-01
