0.000000e+00
-1.303778e-29
3.019855e-23
8.553241e-06
2.851197e-05
5.673515e-05
8.656079e-05
1.405113e-04
2.675757e-04
4.465237e-04
5.859484e-04
9.778321e-04
1.794726e-03
2.578676e-03
3.446849e-03
4.986731e-03
7.594834e-03
9.810754e-03
1.247158e-02
1.518101e-02
2.254766e-02
2.657373e-02
3.205283e-02
4.230947e-02
5.035763e-02
6.378525e-02
9.311568e-02
1.045296e-01
1.154818e-01
1.442570e-01
1.644530e-01
1.767432e-01
2.103184e-01
2.461790e-01
2.456974e-01
2.452160e-01
2.645405e-01
2.782251e-01
3.289350e-01
3.481629e-01
3.578630e-01
3.609493e-01
3.637830e-01
4.049361e-01
4.298871e-01
4.459771e-01
4.261246e-01
4.712705e-01
5.148221e-01
4.850393e-01
5.307821e-01
5.611114e-01
5.629951e-01
6.058524e-01
6.399311e-01
5.983480e-01
5.914315e-01
6.442387e-01
6.825078e-01
6.837536e-01
6.371357e-01
6.579556e-01
6.758058e-01
7.186153e-01
7.263699e-01
7.158380e-01
6.812791e-01
7.015900e-01
7.511062e-01
7.429992e-01
7.426308e-01
7.417711e-01
7.076079e-01
7.443907e-01
7.661132e-01
7.725882e-01
7.721573e-01
7.456716e-01
7.486299e-01
7.583467e-01
7.833863e-01
7.817536e-01
7.715019e-01
7.720131e-01
7.852570e-01
7.920134e-01
7.960285e-01
7.968742e-01
7.902892e-01
7.862456e-01
7.864904e-01
7.865175e-01
7.957329e-01
8.033708e-01
8.034565e-01
7.976565e-01
8.022571e-01
8.108167e-01
8.116847e-01
8.115273e-01
8.115387e-01
8.058677e-01
8.103423e-01
8.149519e-01
8.175525e-01
8.175963e-01
8.208132e-01
8.224623e-01
8.250012e-01
8.269410e-01
8.274668e-01
8.373088e-01
8.576975e-01
8.713222e-01
8.713934e-01
8.787123e-01
