0.000000e+00
-3.731904e-75
4.170140e-69
-2.737713e-67
-3.216624e-64
-7.840999e-58
9.314872e-52
6.500164e-48
8.288961e-41
-8.261374e-35
-5.470257e-29
3.562047e-23
2.401720e-05
4.383591e-05
7.173721e-05
1.316189e-04
2.647530e-04
4.078868e-04
6.088905e-04
8.477999e-04
1.630243e-03
2.150807e-03
2.940982e-03
4.691954e-03
6.258491e-03
9.337184e-03
1.748368e-02
2.131245e-02
2.513007e-02
3.635991e-02
4.522577e-02
5.127149e-02
6.844974e-02
8.886912e-02
8.878959e-02
8.871004e-02
1.008379e-01
1.095249e-01
1.454592e-01
1.600745e-01
1.675977e-01
1.700293e-01
1.725688e-01
2.063793e-01
2.282492e-01
2.428103e-01
2.256870e-01
2.672091e-01
3.097153e-01
2.809871e-01
3.264884e-01
3.584896e-01
3.612660e-01
4.088470e-01
4.479799e-01
4.009355e-01
3.933479e-01
4.539104e-01
5.002298e-01
5.021557e-01
4.465050e-01
4.712117e-01
4.928492e-01
5.467833e-01
5.572089e-01
5.439942e-01
5.007581e-01
5.263449e-01
5.907027e-01
5.803624e-01
5.798859e-01
5.787739e-01
5.348525e-01
5.823494e-01
6.116457e-01
6.208080e-01
6.204019e-01
5.851749e-01
5.891728e-01
6.020537e-01
6.367593e-01
6.346208e-01
6.207126e-01
6.212265e-01
6.395542e-01
6.492934e-01
6.549658e-01
6.562867e-01
6.472548e-01
6.418368e-01
6.421477e-01
6.421823e-01
6.551642e-01
6.663001e-01
6.664265e-01
6.585592e-01
6.650668e-01
6.776031e-01
6.788748e-01
6.786732e-01
6.789235e-01
6.711139e-01
6.775197e-01
6.842459e-01
6.884281e-01
6.886046e-01
6.937168e-01
6.960174e-01
7.001600e-01
7.032198e-01
7.040292e-01
7.203396e-01
7.550057e-01
7.785433e-01
7.786766e-01
7.918489e-01
