0.000000e+00
1.219971e-81
1.052317e-74
-5.606601e-73
-1.882449e-69
1.360240e-63
1.370930e-57
1.460037e-53
-9.172928e-48
1.182472e-40
-1.237796e-34
1.375576e-29
-5.738565e-24
1.278313e-05
2.233053e-05
4.442565e-05
9.808378e-05
1.600047e-04
2.518629e-04
3.663347e-04
7.684869e-04
1.051481e-03
1.499466e-03
2.545577e-03
3.526052e-03
5.546590e-03
1.127550e-02
1.410493e-02
1.699253e-02
2.579015e-02
3.300890e-02
3.801634e-02
5.271359e-02
7.082204e-02
7.073303e-02
7.064401e-02
8.164298e-02
8.962553e-02
1.235219e-01
1.375550e-01
1.448596e-01
1.472175e-01
1.496550e-01
1.831886e-01
2.052368e-01
2.200345e-01
2.024704e-01
2.451013e-01
2.894012e-01
2.590986e-01
3.069629e-01
3.409885e-01
3.438467e-01
3.953947e-01
4.382023e-01
3.863644e-01
3.779731e-01
4.443379e-01
4.958273e-01
4.978255e-01
4.357039e-01
4.629455e-01
4.869267e-01
5.475066e-01
5.591664e-01
5.440000e-01
4.951570e-01
5.237511e-01
5.964785e-01
5.844776e-01
5.838822e-01
5.824928e-01
5.325200e-01
5.862094e-01
6.195582e-01
6.298994e-01
6.292828e-01
5.886237e-01
5.930916e-01
6.077154e-01
6.470798e-01
6.445477e-01
6.283572e-01
6.287488e-01
6.496405e-01
6.607196e-01
6.670723e-01
6.684111e-01
6.578110e-01
6.513866e-01
6.515739e-01
6.515948e-01
6.664034e-01
6.789711e-01
6.788907e-01
6.696235e-01
6.769508e-01
6.908789e-01
6.922136e-01
6.917951e-01
6.919331e-01
6.827419e-01
6.899850e-01
6.975015e-01
7.019076e-01
7.019515e-01
7.074426e-01
7.097550e-01
7.140708e-01
7.171752e-01
7.179914e-01
7.344332e-01
7.693450e-01
7.930201e-01
7.931541e-01
8.064003e-01
