0.000000e+00
-9.624824e-54
6.316278e-46
7.006492e-45
3.844266e-40
-1.509335e-34
4.534718e-29
2.471848e-24
2.603448e-05
5.262362e-05
7.473703e-05
1.448756e-04
3.176208e-04
5.072418e-04
7.377672e-04
1.188752e-03
2.046941e-03
2.848271e-03
3.881900e-03
5.002137e-03
8.336612e-03
1.030256e-02
1.312841e-02
1.878762e-02
2.351315e-02
3.189395e-02
5.191939e-02
6.023730e-02
6.848185e-02
9.115209e-02
1.078971e-01
1.183044e-01
1.479968e-01
1.812203e-01
1.807320e-01
1.802438e-01
1.986831e-01
2.119597e-01
2.628959e-01
2.826353e-01
2.927422e-01
2.959495e-01
2.988258e-01
3.428601e-01
3.702922e-01
3.880813e-01
3.657855e-01
4.164038e-01
4.662062e-01
4.314946e-01
4.844594e-01
5.200153e-01
5.220421e-01
5.735708e-01
6.150740e-01
5.638040e-01
5.552555e-01
6.197152e-01
6.673225e-01
6.686280e-01
6.101995e-01
6.358123e-01
6.579000e-01
7.118942e-01
7.215529e-01
7.078230e-01
6.638140e-01
6.892291e-01
7.521243e-01
7.413768e-01
7.408259e-01
7.395404e-01
6.956328e-01
7.423915e-01
7.702443e-01
7.784082e-01
7.776353e-01
7.428711e-01
7.465470e-01
7.589589e-01
7.908458e-01
7.886285e-01
7.749846e-01
7.753556e-01
7.923414e-01
8.009789e-01
8.059507e-01
8.068168e-01
7.979598e-01
7.924324e-01
7.925061e-01
7.925143e-01
8.043374e-01
8.139833e-01
8.137820e-01
8.059363e-01
8.117155e-01
8.221839e-01
8.231254e-01
8.226729e-01
8.224956e-01
8.148486e-01
8.205087e-01
8.262148e-01
8.290831e-01
8.289282e-01
8.326509e-01
8.342961e-01
8.370320e-01
8.390034e-01
8.395307e-01
8.494061e-01
8.698542e-01
8.835114e-01
8.835827e-01
8.909174e-01
