0.000000e+00
2.295887e-41
1.795215e-34
-8.410897e-34
4.638256e-29
-4.917847e-24
1.954626e-05
3.415032e-05
7.168679e-05
1.283557e-04
1.761742e-04
3.162268e-04
6.342280e-04
9.612378e-04
1.345752e-03
2.052247e-03
3.326916e-03
4.472803e-03
5.895924e-03
7.398931e-03
1.164219e-02
1.407904e-02
1.746284e-02
2.406701e-02
2.938673e-02
3.863844e-02
5.966355e-02
6.827235e-02
7.652925e-02
9.886558e-02
1.149593e-01
1.251260e-01
1.528362e-01
1.831379e-01
1.828706e-01
1.826032e-01
1.994192e-01
2.112715e-01
2.565748e-01
2.740940e-01
2.829462e-01
2.857864e-01
2.885860e-01
3.265510e-01
3.499779e-01
3.652592e-01
3.469837e-01
3.897850e-01
4.317751e-01
4.034982e-01
4.476834e-01
4.775687e-01
4.798585e-01
5.224968e-01
5.566888e-01
5.155414e-01
5.088307e-01
5.617101e-01
6.005907e-01
6.021133e-01
5.552755e-01
5.763882e-01
5.946053e-01
6.385646e-01
6.468237e-01
6.362436e-01
6.011022e-01
6.220650e-01
6.734487e-01
6.653191e-01
6.649836e-01
6.642007e-01
6.292103e-01
6.672625e-01
6.900640e-01
6.970886e-01
6.968111e-01
6.696059e-01
6.727847e-01
6.829374e-01
7.096978e-01
7.080758e-01
6.975374e-01
6.981770e-01
7.122427e-01
7.195895e-01
7.239844e-01
7.250680e-01
7.183216e-01
7.142781e-01
7.146499e-01
7.146912e-01
7.245691e-01
7.330069e-01
7.332842e-01
7.273798e-01
7.324034e-01
7.420300e-01
7.430583e-01
7.430480e-01
7.432549e-01
7.374381e-01
7.423211e-01
7.474794e-01
7.507322e-01
7.509285e-01
7.548563e-01
7.568388e-01
7.600646e-01
7.625484e-01
7.632118e-01
7.762254e-01
8.034939e-01
8.217899e-01
8.218900e-01
8.319401e-01
