0.000000e+00
1.181914e-05
2.421261e-05
3.428049e-05
5.777359e-05
1.080330e-04
1.588296e-04
2.470578e-04
4.451327e-04
7.094905e-04
9.131450e-04
1.454147e-03
2.529234e-03
3.521712e-03
4.604503e-03
6.442799e-03
9.464226e-03
1.198262e-02
1.493489e-02
1.790121e-02
2.568202e-02
2.989188e-02
3.548224e-02
4.581786e-02
5.373468e-02
6.685576e-02
9.458925e-02
1.053762e-01
1.154430e-01
1.416902e-01
1.598498e-01
1.711724e-01
2.008416e-01
2.320773e-01
2.318649e-01
2.316526e-01
2.486107e-01
2.604157e-01
3.042315e-01
3.209211e-01
3.292562e-01
3.319403e-01
3.346648e-01
3.694730e-01
3.906184e-01
4.043364e-01
3.882990e-01
4.261689e-01
4.627791e-01
4.386660e-01
4.767507e-01
5.023610e-01
5.045181e-01
5.401989e-01
5.685457e-01
5.350122e-01
5.296521e-01
5.732831e-01
6.049163e-01
6.063721e-01
5.687067e-01
5.860812e-01
6.010057e-01
6.363599e-01
6.431329e-01
6.349862e-01
6.071180e-01
6.241402e-01
6.652816e-01
6.591326e-01
6.589384e-01
6.584852e-01
6.309525e-01
6.613570e-01
6.794872e-01
6.852227e-01
6.851856e-01
6.642616e-01
6.668937e-01
6.749968e-01
6.965247e-01
6.953394e-01
6.873695e-01
6.881196e-01
6.993436e-01
7.052502e-01
7.089153e-01
7.099826e-01
7.049429e-01
7.020162e-01
7.025128e-01
7.025680e-01
7.104624e-01
7.173585e-01
7.178498e-01
7.134934e-01
7.176103e-01
7.257645e-01
7.267373e-01
7.269518e-01
7.272925e-01
7.229838e-01
7.269485e-01
7.312651e-01
7.343035e-01
7.346409e-01
7.381597e-01
7.401565e-01
7.432082e-01
7.456544e-01
7.463102e-01
7.592321e-01
7.863344e-01
8.045291e-01
8.046295e-01
8.146273e-01
