9.057785e-04
1.191769e-03
1.741796e-03
2.081937e-03
2.875646e-03
4.127453e-03
5.159473e-03
6.647894e-03
9.333241e-03
1.226021e-02
1.419889e-02
1.858455e-02
2.559521e-02
3.101429e-02
3.624462e-02
4.404148e-02
5.504061e-02
6.314676e-02
7.179239e-02
7.980302e-02
9.839595e-02
1.075403e-01
1.188108e-01
1.378793e-01
1.513200e-01
1.719727e-01
2.106572e-01
2.245833e-01
2.369110e-01
2.671538e-01
2.867584e-01
2.989066e-01
3.282408e-01
3.572534e-01
3.572347e-01
3.572158e-01
3.724847e-01
3.829383e-01
4.196858e-01
4.334803e-01
4.402419e-01
4.424457e-01
4.448925e-01
4.715693e-01
4.874325e-01
4.977133e-01
4.866011e-01
5.139956e-01
5.399568e-01
5.239606e-01
5.503050e-01
5.681422e-01
5.700933e-01
5.936990e-01
6.122233e-01
5.915263e-01
5.885203e-01
6.165467e-01
6.364656e-01
6.378387e-01
6.151014e-01
6.263411e-01
6.359561e-01
6.577469e-01
6.622643e-01
6.578941e-01
6.415297e-01
6.523179e-01
6.776682e-01
6.745346e-01
6.745566e-01
6.746080e-01
6.586856e-01
6.772495e-01
6.883139e-01
6.921235e-01
6.924753e-01
6.811002e-01
6.829091e-01
6.878883e-01
7.015911e-01
7.010632e-01
6.969543e-01
6.978933e-01
7.048493e-01
7.086328e-01
7.112086e-01
7.122526e-01
7.097836e-01
7.085425e-01
7.092568e-01
7.093361e-01
7.142658e-01
7.189083e-01
7.197412e-01
7.176705e-01
7.204868e-01
7.265041e-01
7.273881e-01
7.279377e-01
7.284961e-01
7.263935e-01
7.290442e-01
7.321371e-01
7.348608e-01
7.354235e-01
7.384081e-01
7.404009e-01
7.432380e-01
7.456544e-01
7.463102e-01
7.592321e-01
7.863344e-01
8.045291e-01
8.046295e-01
8.146273e-01
