1.220229e-05
1.934449e-05
3.643691e-05
5.088583e-05
8.460195e-05
1.551998e-04
2.253035e-04
3.450799e-04
6.087811e-04
9.578435e-04
1.217618e-03
1.913078e-03
3.268917e-03
4.501394e-03
5.816189e-03
8.058133e-03
1.168179e-02
1.464658e-02
1.810620e-02
2.154265e-02
3.054927e-02
3.532745e-02
4.168737e-02
5.327608e-02
6.214457e-02
7.659433e-02
1.070404e-01
1.185974e-01
1.295328e-01
1.577316e-01
1.771568e-01
1.888990e-01
2.203215e-01
2.532861e-01
2.528870e-01
2.524880e-01
2.700685e-01
2.824433e-01
3.276334e-01
3.446539e-01
3.531961e-01
3.559209e-01
3.584781e-01
3.942093e-01
4.157156e-01
4.295666e-01
4.127195e-01
4.512720e-01
4.881878e-01
4.632625e-01
5.018435e-01
5.273627e-01
5.290734e-01
5.647170e-01
5.929341e-01
5.588703e-01
5.532668e-01
5.968738e-01
6.282793e-01
6.294443e-01
5.914137e-01
6.086672e-01
6.233775e-01
6.583038e-01
6.647392e-01
6.563827e-01
6.283976e-01
6.450741e-01
6.853673e-01
6.790138e-01
6.787347e-01
6.780837e-01
6.506412e-01
6.805855e-01
6.982544e-01
7.036105e-01
7.033821e-01
6.823105e-01
6.847727e-01
6.926751e-01
7.131949e-01
7.119272e-01
7.038470e-01
7.044247e-01
7.152271e-01
7.207551e-01
7.241382e-01
7.249601e-01
7.197962e-01
7.166876e-01
7.170158e-01
7.170521e-01
7.245847e-01
7.309125e-01
7.311593e-01
7.266343e-01
7.304671e-01
7.377605e-01
7.385654e-01
7.385813e-01
7.386901e-01
7.342526e-01
7.379638e-01
7.418546e-01
7.442439e-01
7.443933e-01
7.472553e-01
7.488758e-01
7.512507e-01
7.531321e-01
7.536463e-01
7.632616e-01
7.832439e-01
7.966426e-01
7.967123e-01
8.039240e-01
