2.785949e-05
4.261994e-05
7.654937e-05
1.035897e-04
1.666876e-04
2.919891e-04
4.120636e-04
6.107169e-04
1.031661e-03
1.569566e-03
1.959426e-03
2.974798e-03
4.880594e-03
6.560083e-03
8.313732e-03
1.123783e-02
1.583981e-02
1.952467e-02
2.375462e-02
2.790047e-02
3.852984e-02
4.407419e-02
5.136114e-02
6.443738e-02
7.430210e-02
9.015721e-02
1.228809e-01
1.351214e-01
1.466118e-01
1.759371e-01
1.958860e-01
2.079212e-01
2.397597e-01
2.727728e-01
2.723908e-01
2.720089e-01
2.895193e-01
3.017778e-01
3.473871e-01
3.629209e-01
3.712513e-01
3.739126e-01
3.764428e-01
4.110534e-01
4.318100e-01
4.451191e-01
4.290338e-01
4.659843e-01
5.012515e-01
4.776130e-01
5.143157e-01
5.385827e-01
5.402694e-01
5.739086e-01
6.005639e-01
5.685715e-01
5.633710e-01
6.043344e-01
6.337232e-01
6.348951e-01
5.994783e-01
6.156254e-01
6.294404e-01
6.620278e-01
6.680410e-01
6.603552e-01
6.343779e-01
6.499672e-01
6.875888e-01
6.816836e-01
6.814677e-01
6.809642e-01
6.554794e-01
6.833534e-01
6.997859e-01
7.048131e-01
7.046516e-01
6.852499e-01
6.875814e-01
6.949345e-01
7.140767e-01
7.129269e-01
7.055249e-01
7.061306e-01
7.161865e-01
7.213449e-01
7.245414e-01
7.253546e-01
7.206433e-01
7.178303e-01
7.181978e-01
7.182385e-01
7.252504e-01
7.311819e-01
7.314878e-01
7.273662e-01
7.309665e-01
7.378861e-01
7.386759e-01
7.387517e-01
7.388985e-01
7.348493e-01
7.383260e-01
7.420060e-01
7.443411e-01
7.445305e-01
7.472949e-01
7.489178e-01
7.512555e-01
7.531321e-01
7.536463e-01
7.632616e-01
7.832439e-01
7.966426e-01
7.967123e-01
8.039240e-01
