0.000000e+00
-2.292627e-30
-2.261822e-24
3.570999e-06
1.190381e-05
2.443133e-05
3.808791e-05
6.341024e-05
1.251826e-04
2.131488e-04
2.867610e-04
4.882602e-04
9.220001e-04
1.350190e-03
1.846513e-03
2.712428e-03
4.224150e-03
5.560748e-03
7.174418e-03
8.858686e-03
1.341011e-02
1.600428e-02
1.951000e-02
2.624887e-02
3.154260e-02
4.069921e-02
6.073888e-02
6.896961e-02
7.663031e-02
9.709875e-02
1.116354e-01
1.211524e-01
1.457006e-01
1.721324e-01
1.721391e-01
1.721457e-01
1.869354e-01
1.971718e-01
2.364702e-01
2.517608e-01
2.593941e-01
2.618779e-01
2.646036e-01
2.967532e-01
3.166779e-01
3.297046e-01
3.150588e-01
3.509753e-01
3.863133e-01
3.635377e-01
4.002954e-01
4.255965e-01
4.281458e-01
4.636469e-01
4.921055e-01
4.590330e-01
4.538922e-01
4.975305e-01
5.296512e-01
5.314118e-01
4.936711e-01
5.112643e-01
5.264790e-01
5.627696e-01
5.700296e-01
5.619021e-01
5.336085e-01
5.511738e-01
5.938732e-01
5.877837e-01
5.876170e-01
5.872277e-01
5.590721e-01
5.904715e-01
6.095342e-01
6.157842e-01
6.159135e-01
5.944518e-01
5.972728e-01
6.057298e-01
6.287911e-01
6.276295e-01
6.194540e-01
6.202919e-01
6.322387e-01
6.386790e-01
6.426888e-01
6.439758e-01
6.388441e-01
6.359256e-01
6.365661e-01
6.366372e-01
6.451008e-01
6.527299e-01
6.533858e-01
6.489960e-01
6.534989e-01
6.626464e-01
6.637708e-01
6.641127e-01
6.646639e-01
6.602696e-01
6.646246e-01
6.694293e-01
6.730873e-01
6.735896e-01
6.778215e-01
6.801229e-01
6.838696e-01
6.868499e-01
6.876540e-01
7.038040e-01
7.381643e-01
7.615470e-01
7.616807e-01
7.747677e-01
