0.000000e+00
-6.370104e-70
3.270036e-64
6.358232e-62
7.156468e-59
-1.539972e-52
8.809432e-47
6.502025e-42
-1.168441e-35
7.518831e-30
4.446096e-24
1.658565e-05
4.340005e-05
7.706116e-05
1.225835e-04
2.195389e-04
4.278080e-04
6.434085e-04
9.416709e-04
1.287536e-03
2.407193e-03
3.127144e-03
4.210615e-03
6.558891e-03
8.632914e-03
1.259066e-02
2.288313e-02
2.753866e-02
3.221605e-02
4.577346e-02
5.631038e-02
6.320748e-02
8.322771e-02
1.067349e-01
1.064745e-01
1.062141e-01
1.198458e-01
1.296930e-01
1.693824e-01
1.852628e-01
1.934666e-01
1.960907e-01
1.986101e-01
2.353455e-01
2.587419e-01
2.742414e-01
2.553132e-01
2.996296e-01
3.444208e-01
3.134788e-01
3.615191e-01
3.946497e-01
3.969950e-01
4.460862e-01
4.862934e-01
4.371519e-01
4.289511e-01
4.914078e-01
5.384395e-01
5.400980e-01
4.827530e-01
5.079281e-01
5.303838e-01
5.843769e-01
5.944891e-01
5.805207e-01
5.366191e-01
5.623160e-01
6.267892e-01
6.159614e-01
6.154308e-01
6.141924e-01
5.696309e-01
6.173938e-01
6.464267e-01
6.551805e-01
6.545188e-01
6.188185e-01
6.227149e-01
6.355833e-01
6.693427e-01
6.670962e-01
6.530065e-01
6.534322e-01
6.714357e-01
6.807185e-01
6.861196e-01
6.871857e-01
6.779859e-01
6.723748e-01
6.724941e-01
6.725074e-01
6.850904e-01
6.957194e-01
6.954136e-01
6.875248e-01
6.937923e-01
7.054026e-01
7.065034e-01
7.061404e-01
7.061339e-01
6.981739e-01
7.042983e-01
7.106078e-01
7.141110e-01
7.140818e-01
7.184992e-01
7.204453e-01
7.238313e-01
7.263071e-01
7.269615e-01
7.397751e-01
7.666551e-01
7.847382e-01
7.848369e-01
7.947909e-01
