2.668301e-03
3.295623e-03
4.410812e-03
5.028483e-03
6.469798e-03
8.537317e-03
1.014566e-02
1.232899e-02
1.601924e-02
1.976986e-02
2.221914e-02
2.731029e-02
3.493520e-02
4.054790e-02
4.585335e-02
5.327848e-02
6.332138e-02
7.057254e-02
7.804239e-02
8.485855e-02
9.978061e-02
1.070880e-01
1.157756e-01
1.301469e-01
1.399715e-01
1.550158e-01
1.817714e-01
1.915699e-01
1.998063e-01
2.196416e-01
2.323323e-01
2.407611e-01
2.591845e-01
2.770580e-01
2.773425e-01
2.776270e-01
2.872096e-01
2.937172e-01
3.162229e-01
3.249363e-01
3.291606e-01
3.305776e-01
3.324680e-01
3.482460e-01
3.577773e-01
3.641016e-01
3.584232e-01
3.744757e-01
3.898916e-01
3.816041e-01
3.968193e-01
4.077654e-01
4.095856e-01
4.233660e-01
4.342496e-01
4.234997e-01
4.223570e-01
4.382839e-01
4.497260e-01
4.510669e-01
4.392144e-01
4.458842e-01
4.516762e-01
4.641051e-01
4.671559e-01
4.653680e-01
4.569730e-01
4.634572e-01
4.782862e-01
4.772013e-01
4.773734e-01
4.777749e-01
4.696395e-01
4.803018e-01
4.868666e-01
4.895370e-01
4.901796e-01
4.850070e-01
4.863121e-01
4.892859e-01
4.982129e-01
4.981275e-01
4.964875e-01
4.975611e-01
5.019061e-01
5.044497e-01
5.064367e-01
5.075474e-01
5.067110e-01
5.065758e-01
5.074607e-01
5.075590e-01
5.107308e-01
5.141602e-01
5.152602e-01
5.146724e-01
5.167592e-01
5.217238e-01
5.226015e-01
5.234348e-01
5.242051e-01
5.235494e-01
5.254588e-01
5.279484e-01
5.307460e-01
5.315166e-01
5.344505e-01
5.365531e-01
5.395485e-01
5.421806e-01
5.429020e-01
5.574271e-01
5.887144e-01
6.102936e-01
6.104166e-01
6.225922e-01
