3.434381e-04
4.690912e-04
7.231888e-04
8.909734e-04
1.282494e-03
1.938389e-03
2.499437e-03
3.336554e-03
4.907970e-03
6.702171e-03
7.897376e-03
1.074708e-02
1.548512e-02
1.926792e-02
2.295819e-02
2.868652e-02
3.696745e-02
4.316115e-02
4.991070e-02
5.623140e-02
7.139731e-02
7.889737e-02
8.835932e-02
1.045257e-01
1.161755e-01
1.341344e-01
1.688234e-01
1.812549e-01
1.925958e-01
2.205879e-01
2.389567e-01
2.500066e-01
2.779503e-01
3.059492e-01
3.057218e-01
3.054943e-01
3.200902e-01
3.302339e-01
3.659035e-01
3.791902e-01
3.857607e-01
3.878733e-01
3.899908e-01
4.164482e-01
4.321180e-01
4.421907e-01
4.305204e-01
4.579073e-01
4.837561e-01
4.670241e-01
4.935791e-01
5.112042e-01
5.126798e-01
5.364477e-01
5.550979e-01
5.333753e-01
5.299871e-01
5.584928e-01
5.787327e-01
5.797760e-01
5.559351e-01
5.672106e-01
5.768439e-01
5.990234e-01
6.033250e-01
5.984364e-01
5.811917e-01
5.919783e-01
6.175767e-01
6.139741e-01
6.139047e-01
6.137431e-01
5.969266e-01
6.158383e-01
6.269612e-01
6.305326e-01
6.306326e-01
6.182554e-01
6.199449e-01
6.249611e-01
6.382373e-01
6.375614e-01
6.329794e-01
6.336743e-01
6.405577e-01
6.441342e-01
6.465125e-01
6.472927e-01
6.444227e-01
6.428181e-01
6.433019e-01
6.433557e-01
6.481814e-01
6.524175e-01
6.529308e-01
6.504680e-01
6.530738e-01
6.583564e-01
6.590653e-01
6.593626e-01
6.596389e-01
6.571889e-01
6.596748e-01
6.624252e-01
6.644898e-01
6.648187e-01
6.671209e-01
6.687052e-01
6.708295e-01
6.726318e-01
6.731311e-01
6.824571e-01
7.019139e-01
7.150203e-01
7.150887e-01
7.221593e-01
