0.000000e+00
9.561858e-76
1.667943e-69
2.108162e-68
-7.863517e-65
-4.390337e-58
-4.494303e-52
-1.503163e-47
-1.785815e-41
-3.616996e-35
-8.418625e-30
9.166841e-24
7.017812e-06
1.384510e-05
2.397663e-05
4.778953e-05
1.052626e-04
1.705814e-04
2.676717e-04
3.874967e-04
8.126559e-04
1.107258e-03
1.576442e-03
2.662906e-03
3.683946e-03
5.758036e-03
1.166395e-02
1.451940e-02
1.747355e-02
2.644305e-02
3.378629e-02
3.870248e-02
5.357777e-02
7.189379e-02
7.167265e-02
7.145152e-02
8.240265e-02
9.044568e-02
1.240097e-01
1.377403e-01
1.449788e-01
1.472911e-01
1.494879e-01
1.826621e-01
2.042741e-01
2.187624e-01
2.009510e-01
2.428632e-01
2.861024e-01
2.558581e-01
3.027644e-01
3.356840e-01
3.379192e-01
3.878519e-01
4.292252e-01
3.782964e-01
3.699320e-01
4.342319e-01
4.838627e-01
4.853841e-01
4.248725e-01
4.511157e-01
4.741622e-01
5.322510e-01
5.430263e-01
5.280693e-01
4.808173e-01
5.080846e-01
5.774204e-01
5.654816e-01
5.648729e-01
5.634524e-01
5.152469e-01
5.666669e-01
5.982093e-01
6.076732e-01
6.068433e-01
5.675844e-01
5.717443e-01
5.856770e-01
6.223721e-01
6.198477e-01
6.041881e-01
6.045272e-01
6.241289e-01
6.343075e-01
6.401170e-01
6.411634e-01
6.308929e-01
6.245444e-01
6.245933e-01
6.245988e-01
6.384100e-01
6.498703e-01
6.496172e-01
6.405238e-01
6.472935e-01
6.597556e-01
6.608757e-01
6.603329e-01
6.602156e-01
6.512815e-01
6.579607e-01
6.647622e-01
6.683380e-01
6.681873e-01
6.727950e-01
6.746927e-01
6.781200e-01
6.805529e-01
6.811929e-01
6.937228e-01
7.200885e-01
7.378809e-01
7.379782e-01
7.477789e-01
