1.964621e-04
2.728379e-04
4.289686e-04
5.345799e-04
7.810205e-04
1.202881e-03
1.570335e-03
2.127296e-03
3.192226e-03
4.418236e-03
5.264493e-03
7.263063e-03
1.064996e-02
1.339779e-02
1.613932e-02
2.037306e-02
2.659670e-02
3.134133e-02
3.653480e-02
4.145538e-02
5.325676e-02
5.921908e-02
6.671840e-02
7.971338e-02
8.908772e-02
1.038017e-01
1.322860e-01
1.427823e-01
1.522008e-01
1.756900e-01
1.912081e-01
2.008770e-01
2.246738e-01
2.486277e-01
2.485883e-01
2.485489e-01
2.612846e-01
2.700584e-01
3.013240e-01
3.131509e-01
3.189793e-01
3.208758e-01
3.229568e-01
3.462547e-01
3.602142e-01
3.692880e-01
3.593636e-01
3.837156e-01
4.069590e-01
3.924730e-01
4.162083e-01
4.323263e-01
4.340380e-01
4.556265e-01
4.726466e-01
4.534732e-01
4.506535e-01
4.764766e-01
4.949675e-01
4.961838e-01
4.749625e-01
4.853401e-01
4.942564e-01
5.146066e-01
5.187946e-01
5.146264e-01
4.992312e-01
5.092769e-01
5.330197e-01
5.300203e-01
5.300254e-01
5.300372e-01
5.149764e-01
5.324210e-01
5.428345e-01
5.463876e-01
5.466793e-01
5.358080e-01
5.374915e-01
5.421821e-01
5.550371e-01
5.545167e-01
5.505590e-01
5.514087e-01
5.579698e-01
5.615119e-01
5.639337e-01
5.648893e-01
5.624837e-01
5.612502e-01
5.618883e-01
5.619592e-01
5.666185e-01
5.709644e-01
5.717030e-01
5.696797e-01
5.723166e-01
5.779291e-01
5.787479e-01
5.792387e-01
5.797211e-01
5.776849e-01
5.801747e-01
5.830777e-01
5.855745e-01
5.860819e-01
5.888127e-01
5.907427e-01
5.933035e-01
5.955251e-01
5.961331e-01
6.080696e-01
6.333236e-01
6.504860e-01
6.505798e-01
6.600640e-01
