0.000000e+00
-1.938289e-47
1.402420e-41
1.007321e-39
-8.742739e-36
7.591245e-30
-1.812689e-24
1.917684e-06
5.093795e-06
1.042721e-05
1.558110e-05
3.212025e-05
7.622544e-05
1.279503e-04
1.955957e-04
3.298257e-04
6.020888e-04
8.740176e-04
1.234766e-03
1.643038e-03
2.886302e-03
3.666954e-03
4.801272e-03
7.182945e-03
9.213014e-03
1.301525e-02
2.238399e-02
2.657331e-02
3.064518e-02
4.219788e-02
5.096999e-02
5.686419e-02
7.301613e-02
9.152573e-02
9.148360e-02
9.144146e-02
1.021991e-01
1.098153e-01
1.404294e-01
1.526931e-01
1.589391e-01
1.609638e-01
1.631243e-01
1.905077e-01
2.079509e-01
2.195020e-01
2.061746e-01
2.386848e-01
2.715037e-01
2.497430e-01
2.845169e-01
3.088292e-01
3.110885e-01
3.464543e-01
3.752909e-01
3.411305e-01
3.357172e-01
3.801805e-01
4.137384e-01
4.153354e-01
3.754141e-01
3.935172e-01
4.093151e-01
4.479877e-01
4.555943e-01
4.464717e-01
4.158376e-01
4.343646e-01
4.803605e-01
4.733379e-01
4.730747e-01
4.724605e-01
4.415415e-01
4.754702e-01
4.962813e-01
5.029422e-01
5.028574e-01
4.785599e-01
4.815168e-01
4.907169e-01
5.156688e-01
5.142632e-01
5.048115e-01
5.054519e-01
5.185343e-01
5.255309e-01
5.297571e-01
5.309285e-01
5.248668e-01
5.213271e-01
5.217855e-01
5.218365e-01
5.311266e-01
5.392830e-01
5.396909e-01
5.344490e-01
5.392519e-01
5.487745e-01
5.498538e-01
5.499746e-01
5.503565e-01
5.451301e-01
5.498195e-01
5.548872e-01
5.584016e-01
5.587458e-01
5.628983e-01
5.650219e-01
5.685810e-01
5.713440e-01
5.720832e-01
5.869746e-01
6.189623e-01
6.409444e-01
6.410690e-01
6.534567e-01
