0.000000e+00
-8.913204e-31
8.063395e-24
1.265778e-06
4.219433e-06
9.322885e-06
1.518454e-05
2.663582e-05
5.620716e-05
1.010515e-04
1.390307e-04
2.506314e-04
5.052753e-04
7.682386e-04
1.078388e-03
1.649961e-03
2.684900e-03
3.618419e-03
4.780650e-03
6.010885e-03
9.492349e-03
1.149909e-02
1.428980e-02
1.974786e-02
2.415450e-02
3.183894e-02
4.935459e-02
5.655501e-02
6.346313e-02
8.217512e-02
9.569291e-02
1.042648e-01
1.276034e-01
1.531714e-01
1.529577e-01
1.527441e-01
1.669650e-01
1.770114e-01
2.154155e-01
2.303133e-01
2.378431e-01
2.402621e-01
2.426706e-01
2.750453e-01
2.949266e-01
3.079810e-01
2.924702e-01
3.289828e-01
3.648760e-01
3.408081e-01
3.785781e-01
4.042317e-01
4.062588e-01
4.428343e-01
4.722099e-01
4.370229e-01
4.313359e-01
4.767070e-01
5.101333e-01
5.115143e-01
4.713981e-01
4.895765e-01
5.052812e-01
5.431093e-01
5.502813e-01
5.412670e-01
5.111388e-01
5.292289e-01
5.735551e-01
5.666429e-01
5.663771e-01
5.657569e-01
5.357279e-01
5.685487e-01
5.882511e-01
5.943804e-01
5.942017e-01
5.709204e-01
5.737040e-01
5.824881e-01
6.057404e-01
6.043685e-01
5.953766e-01
5.960230e-01
6.082304e-01
6.146223e-01
6.185033e-01
6.195157e-01
6.137720e-01
6.103574e-01
6.107597e-01
6.108044e-01
6.193980e-01
6.267953e-01
6.271322e-01
6.221171e-01
6.265309e-01
6.350932e-01
6.360500e-01
6.361178e-01
6.363616e-01
6.314059e-01
6.356925e-01
6.402639e-01
6.432589e-01
6.434979e-01
6.470647e-01
6.489586e-01
6.519536e-01
6.543028e-01
6.549340e-01
6.672895e-01
6.933347e-01
7.109456e-01
7.110419e-01
7.207507e-01
