0.000000e+00
-1.125401e-76
-2.048847e-70
-1.805702e-68
7.092002e-65
-1.866905e-60
5.876852e-53
-7.408904e-48
7.040123e-42
-3.056285e-36
7.965646e-30
-3.190785e-24
2.296202e-06
4.770260e-06
8.675487e-06
1.814466e-05
4.243699e-05
7.173046e-05
1.167026e-04
1.744338e-04
3.863027e-04
5.407704e-04
7.917798e-04
1.397656e-03
1.982250e-03
3.224307e-03
6.902602e-03
8.779138e-03
1.072069e-02
1.676978e-02
2.185773e-02
2.543470e-02
3.612855e-02
4.961311e-02
4.954325e-02
4.947338e-02
5.778798e-02
6.388577e-02
9.017280e-02
1.012009e-01
1.069858e-01
1.088534e-01
1.107865e-01
1.376725e-01
1.555505e-01
1.676372e-01
1.532922e-01
1.882818e-01
2.250355e-01
1.998062e-01
2.397382e-01
2.684353e-01
2.708627e-01
3.147953e-01
3.515520e-01
3.070309e-01
2.998707e-01
3.568559e-01
4.015334e-01
4.032774e-01
3.494187e-01
3.729799e-01
3.938153e-01
4.467717e-01
4.570213e-01
4.437050e-01
4.010057e-01
4.259962e-01
4.899741e-01
4.793818e-01
4.788615e-01
4.776475e-01
4.337177e-01
4.809659e-01
5.104854e-01
5.196692e-01
5.191332e-01
4.831624e-01
4.871291e-01
5.000753e-01
5.350456e-01
5.327960e-01
5.184330e-01
5.188130e-01
5.374100e-01
5.472858e-01
5.529774e-01
5.541941e-01
5.447588e-01
5.390579e-01
5.392508e-01
5.392721e-01
5.524917e-01
5.637348e-01
5.637005e-01
5.554423e-01
5.620124e-01
5.745451e-01
5.757631e-01
5.754204e-01
5.755553e-01
5.673509e-01
5.738563e-01
5.806276e-01
5.846312e-01
5.846965e-01
5.896805e-01
5.918223e-01
5.957687e-01
5.986345e-01
5.993894e-01
6.146039e-01
6.472077e-01
6.695473e-01
6.696739e-01
6.822438e-01
