8.368101e-06
1.328536e-05
2.489343e-05
3.462751e-05
5.734170e-05
1.047049e-04
1.519358e-04
2.325963e-04
4.110377e-04
6.435057e-04
8.257378e-04
1.290089e-03
2.198246e-03
3.028093e-03
3.939372e-03
5.440323e-03
7.890718e-03
9.943109e-03
1.231957e-02
1.471295e-02
2.084177e-02
2.419121e-02
2.857273e-02
3.667093e-02
4.280498e-02
5.306551e-02
7.436028e-02
8.280937e-02
9.050035e-02
1.105154e-01
1.243360e-01
1.333372e-01
1.557923e-01
1.793363e-01
1.793978e-01
1.794594e-01
1.924328e-01
2.013582e-01
2.348289e-01
2.477424e-01
2.541448e-01
2.562382e-01
2.586150e-01
2.849507e-01
3.011183e-01
3.116835e-01
3.001737e-01
3.288785e-01
3.568762e-01
3.393095e-01
3.681432e-01
3.880351e-01
3.902374e-01
4.175548e-01
4.393364e-01
4.146052e-01
4.109072e-01
4.440901e-01
4.683050e-01
4.698568e-01
4.418866e-01
4.553096e-01
4.669076e-01
4.940281e-01
4.996206e-01
4.938892e-01
4.731553e-01
4.864522e-01
5.183633e-01
5.141622e-01
5.141172e-01
5.140121e-01
4.934944e-01
5.169079e-01
5.311014e-01
5.359230e-01
5.362248e-01
5.209942e-01
5.232090e-01
5.295360e-01
5.470380e-01
5.462838e-01
5.406006e-01
5.414975e-01
5.504691e-01
5.553714e-01
5.585632e-01
5.597520e-01
5.562531e-01
5.543911e-01
5.550965e-01
5.551748e-01
5.615677e-01
5.675157e-01
5.683148e-01
5.653646e-01
5.689006e-01
5.763465e-01
5.773606e-01
5.778659e-01
5.784733e-01
5.755038e-01
5.788852e-01
5.827589e-01
5.860238e-01
5.866117e-01
5.902727e-01
5.924519e-01
5.958426e-01
5.986345e-01
5.993894e-01
6.146039e-01
6.472077e-01
6.695473e-01
6.696739e-01
6.822438e-01
