0.000000e+00
-1.344171e-58
-1.138666e-51
8.285571e-50
-6.099891e-46
-2.266292e-40
5.642373e-35
2.712326e-29
6.058452e-24
3.498713e-05
5.051645e-05
9.965153e-05
2.236211e-04
3.623386e-04
5.352472e-04
8.736775e-04
1.530682e-03
2.157476e-03
2.972076e-03
3.866867e-03
6.543201e-03
8.155039e-03
1.047200e-02
1.519227e-02
1.914660e-02
2.629321e-02
4.348536e-02
5.081793e-02
5.799753e-02
7.798919e-02
9.286085e-02
1.023649e-01
1.290419e-01
1.590954e-01
1.587895e-01
1.584837e-01
1.754462e-01
1.875407e-01
2.347822e-01
2.532857e-01
2.627208e-01
2.657416e-01
2.686671e-01
3.099195e-01
3.357032e-01
3.526075e-01
3.321076e-01
3.799373e-01
4.274026e-01
3.949698e-01
4.453541e-01
4.795874e-01
4.820789e-01
5.416767e-01
5.720236e-01
5.231426e-01
5.150834e-01
5.774119e-01
6.237548e-01
6.253764e-01
5.691639e-01
5.941076e-01
6.157399e-01
6.685906e-01
6.789835e-01
6.652793e-01
6.227273e-01
6.477669e-01
7.097713e-01
6.996055e-01
6.991321e-01
6.980278e-01
6.553552e-01
7.013112e-01
7.289765e-01
7.373687e-01
7.368442e-01
7.031635e-01
7.069199e-01
7.192035e-01
7.514352e-01
7.493661e-01
7.361795e-01
7.367152e-01
7.537595e-01
7.626193e-01
7.677925e-01
7.689040e-01
7.603982e-01
7.552055e-01
7.554554e-01
7.554832e-01
7.674432e-01
7.775028e-01
7.775658e-01
7.700819e-01
7.760457e-01
7.872451e-01
7.883513e-01
7.881164e-01
7.881992e-01
7.808474e-01
7.866740e-01
7.927206e-01
7.962343e-01
7.962921e-01
8.006564e-01
8.026693e-01
8.060988e-01
8.086485e-01
8.093231e-01
8.225835e-01
8.502876e-01
8.688321e-01
8.689330e-01
8.791091e-01
