0.000000e+00
6.654486e-41
1.799447e-34
-5.862049e-33
7.412827e-29
8.142559e-24
3.405615e-05
5.792545e-05
1.173879e-04
2.046456e-04
2.767419e-04
4.832163e-04
9.378493e-04
1.393837e-03
1.920769e-03
2.871478e-03
4.550190e-03
6.032888e-03
7.849765e-03
9.747159e-03
1.501111e-02
1.799270e-02
2.209003e-02
2.998808e-02
3.627431e-02
4.708226e-02
7.123769e-02
8.100140e-02
9.031358e-02
1.152904e-01
1.331096e-01
1.443148e-01
1.746251e-01
2.074697e-01
2.071859e-01
2.069022e-01
2.250242e-01
2.377534e-01
2.861029e-01
3.047103e-01
3.140831e-01
3.170909e-01
3.200590e-01
3.600595e-01
3.846415e-01
4.006431e-01
3.815249e-01
4.262260e-01
4.698647e-01
4.405460e-01
4.864195e-01
5.172765e-01
5.196749e-01
5.635802e-01
5.986951e-01
5.564779e-01
5.495917e-01
6.038623e-01
6.436244e-01
6.451903e-01
5.973176e-01
6.189414e-01
6.375474e-01
6.823775e-01
6.907942e-01
6.800516e-01
6.442516e-01
6.656328e-01
7.179089e-01
7.096722e-01
7.093357e-01
7.085506e-01
6.729771e-01
7.116842e-01
7.348288e-01
7.419658e-01
7.416930e-01
7.141259e-01
7.173572e-01
7.276655e-01
7.548203e-01
7.531847e-01
7.425223e-01
7.431830e-01
7.574405e-01
7.648848e-01
7.693451e-01
7.704508e-01
7.636433e-01
7.595568e-01
7.599473e-01
7.599907e-01
7.699942e-01
7.785462e-01
7.788355e-01
7.728831e-01
7.779712e-01
7.877395e-01
7.887849e-01
7.887832e-01
7.890032e-01
7.831384e-01
7.880813e-01
7.933062e-01
7.966169e-01
7.968253e-01
8.008195e-01
8.028353e-01
8.061184e-01
8.086485e-01
8.093231e-01
8.225835e-01
8.502876e-01
8.688321e-01
8.689330e-01
8.791091e-01
