0.000000e+00
-7.817837e-49
1.008935e-41
-2.365840e-40
-5.855431e-36
2.002967e-32
-1.494014e-24
8.269725e-07
2.338676e-06
5.053648e-06
7.710153e-06
1.685443e-05
4.277345e-05
7.461036e-05
1.170261e-04
2.059315e-04
3.934046e-04
5.847143e-04
8.464748e-04
1.147208e-03
2.106831e-03
2.717381e-03
3.630348e-03
5.583486e-03
7.294816e-03
1.053230e-02
1.884399e-02
2.257466e-02
2.630317e-02
3.703810e-02
4.533612e-02
5.075824e-02
6.637549e-02
8.460221e-02
8.441539e-02
8.422857e-02
9.477069e-02
1.023916e-01
1.328803e-01
1.450826e-01
1.513776e-01
1.533945e-01
1.553595e-01
1.833723e-01
2.011988e-01
2.130196e-01
1.987325e-01
2.324001e-01
2.663887e-01
2.430941e-01
2.794699e-01
3.046541e-01
3.065114e-01
3.436407e-01
3.739866e-01
3.371451e-01
3.311506e-01
3.781858e-01
4.137393e-01
4.150285e-01
3.720280e-01
3.910928e-01
4.077184e-01
4.487339e-01
4.564445e-01
4.462781e-01
4.132656e-01
4.327115e-01
4.813231e-01
4.733653e-01
4.730071e-01
4.721710e-01
4.388219e-01
4.748637e-01
4.967758e-01
5.034806e-01
5.031067e-01
4.765594e-01
4.795609e-01
4.892914e-01
5.150120e-01
5.133741e-01
5.029527e-01
5.034548e-01
5.170902e-01
5.241980e-01
5.284105e-01
5.293558e-01
5.225977e-01
5.185078e-01
5.187702e-01
5.187994e-01
5.284177e-01
5.365542e-01
5.366845e-01
5.307406e-01
5.355845e-01
5.447799e-01
5.457241e-01
5.456039e-01
5.457101e-01
5.398456e-01
5.445890e-01
5.495492e-01
5.525231e-01
5.526258e-01
5.562721e-01
5.580621e-01
5.610011e-01
5.632333e-01
5.638314e-01
5.755016e-01
6.002753e-01
6.171602e-01
6.172530e-01
6.265964e-01
