6.050918e-07
1.071660e-06
2.340186e-06
3.634892e-06
6.656050e-06
1.414843e-05
2.249159e-05
3.833551e-05
7.787751e-05
1.366184e-04
1.843070e-04
3.240357e-04
6.330138e-04
9.442718e-04
1.300914e-03
1.955959e-03
3.113122e-03
4.131578e-03
5.387209e-03
6.695987e-03
1.037104e-02
1.243995e-02
1.531188e-02
2.082336e-02
2.525044e-02
3.281749e-02
4.989818e-02
5.673937e-02
6.336634e-02
8.107585e-02
9.376439e-02
1.016057e-01
1.232362e-01
1.467708e-01
1.464738e-01
1.461768e-01
1.590414e-01
1.682136e-01
2.026412e-01
2.158813e-01
2.225974e-01
2.247386e-01
2.267399e-01
2.554460e-01
2.730337e-01
2.844747e-01
2.704960e-01
3.026168e-01
3.339190e-01
3.126229e-01
3.455898e-01
3.677631e-01
3.692331e-01
4.007422e-01
4.259995e-01
3.953988e-01
3.900360e-01
4.294203e-01
4.579648e-01
4.589965e-01
4.243749e-01
4.399366e-01
4.533229e-01
4.854858e-01
4.914182e-01
4.836325e-01
4.577480e-01
4.730799e-01
5.105700e-01
5.045719e-01
5.042957e-01
5.036510e-01
4.775834e-01
5.058575e-01
5.223848e-01
5.274008e-01
5.271773e-01
5.072580e-01
5.095371e-01
5.169083e-01
5.362259e-01
5.350108e-01
5.273402e-01
5.278292e-01
5.379900e-01
5.432357e-01
5.463500e-01
5.471137e-01
5.422175e-01
5.392124e-01
5.395240e-01
5.395585e-01
5.466912e-01
5.524705e-01
5.528852e-01
5.484762e-01
5.521651e-01
5.589148e-01
5.595558e-01
5.596606e-01
5.598335e-01
5.554353e-01
5.589959e-01
5.626446e-01
5.648646e-01
5.650211e-01
5.676591e-01
5.692042e-01
5.713616e-01
5.731160e-01
5.735899e-01
5.825130e-01
6.011310e-01
6.136971e-01
6.137519e-01
6.206209e-01
