0.000000e+00
2.332622e-37
2.596924e-30
5.393836e-29
2.435498e-25
9.666311e-07
1.723814e-06
3.368218e-06
8.191216e-06
1.639369e-05
2.395366e-05
4.830815e-05
1.113582e-04
1.834246e-04
2.746907e-04
4.559978e-04
8.148075e-04
1.162700e-03
1.620413e-03
2.128703e-03
3.671418e-03
4.613782e-03
5.981086e-03
8.798962e-03
1.118609e-02
1.555200e-02
2.622082e-02
3.084033e-02
3.537947e-02
4.812258e-02
5.770281e-02
6.388835e-02
8.128903e-02
1.010768e-01
1.008905e-01
1.007042e-01
1.119718e-01
1.200406e-01
1.517045e-01
1.642242e-01
1.706327e-01
1.726885e-01
1.747121e-01
2.027773e-01
2.204313e-01
2.320736e-01
2.181160e-01
2.510213e-01
2.838882e-01
2.615809e-01
2.965142e-01
3.205293e-01
3.223620e-01
3.572724e-01
3.856082e-01
3.514271e-01
3.458910e-01
3.897398e-01
4.225467e-01
4.238181e-01
3.842946e-01
4.019973e-01
4.173774e-01
4.549358e-01
4.620365e-01
4.528934e-01
4.228167e-01
4.406983e-01
4.850305e-01
4.779350e-01
4.776389e-01
4.769482e-01
4.467240e-01
4.795792e-01
4.994550e-01
5.055907e-01
5.053313e-01
4.815461e-01
4.843137e-01
4.931600e-01
5.165714e-01
5.151339e-01
5.058627e-01
5.064262e-01
5.187879e-01
5.252434e-01
5.291261e-01
5.300689e-01
5.240977e-01
5.205177e-01
5.208432e-01
5.208795e-01
5.295961e-01
5.370400e-01
5.372777e-01
5.320415e-01
5.364812e-01
5.450052e-01
5.459256e-01
5.459101e-01
5.460853e-01
5.409123e-01
5.452455e-01
5.498208e-01
5.527042e-01
5.528757e-01
5.563494e-01
5.581395e-01
5.610099e-01
5.632333e-01
5.638314e-01
5.755016e-01
6.002753e-01
6.171602e-01
6.172530e-01
6.265964e-01
