0.000000e+00
5.533624e-83
5.522425e-77
6.221280e-75
2.899763e-71
2.106829e-65
-5.639608e-60
-1.112934e-54
-8.718224e-49
-8.873723e-43
-1.485898e-37
5.049788e-31
-1.775126e-25
1.481072e-07
3.114241e-07
7.836965e-07
2.282668e-06
4.425785e-06
8.191667e-06
1.362787e-05
3.748255e-05
5.748850e-05
9.366434e-05
1.938175e-04
3.024437e-04
5.639495e-04
1.492090e-03
2.030908e-03
2.621192e-03
4.640106e-03
6.517633e-03
7.905777e-03
1.240513e-02
1.864463e-02
1.860047e-02
1.855632e-02
2.264518e-02
2.575594e-02
4.010803e-02
4.644491e-02
4.987321e-02
5.097860e-02
5.211138e-02
6.889219e-02
8.057187e-02
8.868437e-02
7.895403e-02
1.029713e-01
1.292829e-01
1.108229e-01
1.400936e-01
1.618963e-01
1.636840e-01
1.986575e-01
2.287489e-01
1.919829e-01
1.861466e-01
2.328638e-01
2.710147e-01
2.723982e-01
2.262946e-01
2.460617e-01
2.638326e-01
3.103583e-01
3.194496e-01
3.073382e-01
2.695782e-01
2.913869e-01
3.487633e-01
3.389121e-01
3.383978e-01
3.371976e-01
2.975803e-01
3.399799e-01
3.670386e-01
3.754407e-01
3.748270e-01
3.413745e-01
3.449564e-01
3.567821e-01
3.889792e-01
3.868194e-01
3.732215e-01
3.733791e-01
3.907199e-01
3.999096e-01
4.051663e-01
4.061872e-01
3.971319e-01
3.916243e-01
3.916972e-01
3.917053e-01
4.040753e-01
4.145160e-01
4.143331e-01
4.063586e-01
4.124683e-01
4.240200e-01
4.250976e-01
4.246502e-01
4.246611e-01
4.167182e-01
4.228181e-01
4.291078e-01
4.326366e-01
4.325974e-01
4.370574e-01
4.389253e-01
4.423966e-01
4.448753e-01
4.455273e-01
4.586474e-01
4.872360e-01
5.072140e-01
5.073274e-01
5.186814e-01
