0.000000e+00
-2.158608e-60
3.576173e-53
-2.176189e-52
1.761619e-47
7.454908e-43
2.718331e-37
3.591859e-32
3.026197e-25
5.484986e-07
9.024099e-07
2.313212e-06
7.087403e-06
1.383029e-05
2.363090e-05
4.676736e-05
1.018941e-04
1.636055e-04
2.550404e-04
3.668617e-04
7.640082e-04
1.035277e-03
1.468775e-03
2.460778e-03
3.394372e-03
5.266364e-03
1.059487e-02
1.312850e-02
1.577988e-02
2.376179e-02
3.028352e-02
3.455892e-02
4.769206e-02
6.385026e-02
6.358336e-02
6.331646e-02
7.283361e-02
7.993781e-02
1.090330e-01
1.208999e-01
1.271602e-01
1.291465e-01
1.309251e-01
1.596442e-01
1.782521e-01
1.906842e-01
1.750392e-01
2.111389e-01
2.481453e-01
2.219233e-01
2.621889e-01
2.902543e-01
2.918349e-01
3.343333e-01
3.694991e-01
3.258207e-01
3.186020e-01
3.732972e-01
4.153321e-01
4.164435e-01
3.648172e-01
3.870601e-01
4.065538e-01
4.556774e-01
4.644691e-01
4.515662e-01
4.113590e-01
4.344461e-01
4.927504e-01
4.824675e-01
4.819185e-01
4.806376e-01
4.398252e-01
4.830512e-01
5.095572e-01
5.173097e-01
5.165084e-01
4.832287e-01
4.866795e-01
4.983975e-01
5.287670e-01
5.265748e-01
5.133170e-01
5.136091e-01
5.299114e-01
5.382491e-01
5.430117e-01
5.437655e-01
5.350181e-01
5.295449e-01
5.296014e-01
5.296077e-01
5.410175e-01
5.503042e-01
5.497202e-01
5.422690e-01
5.478868e-01
5.575785e-01
5.587239e-01
5.582360e-01
5.580052e-01
5.503858e-01
5.559103e-01
5.613617e-01
5.640445e-01
5.637993e-01
5.673382e-01
5.687712e-01
5.713196e-01
5.731160e-01
5.735899e-01
5.825130e-01
6.011310e-01
6.136971e-01
6.137519e-01
6.206209e-01
