0.000000e+00
4.085313e-77
3.891112e-72
1.166371e-68
-1.305641e-65
-8.474969e-59
1.359099e-53
-3.010869e-48
-3.215980e-42
-1.550183e-36
-2.532213e-30
2.843433e-25
7.827239e-07
1.720049e-06
3.253965e-06
7.256713e-06
1.820923e-05
3.197168e-05
5.408944e-05
8.331025e-05
1.980507e-04
2.843455e-04
4.303636e-04
7.956721e-04
1.162849e-03
1.963681e-03
4.487933e-03
5.804061e-03
7.209529e-03
1.170562e-02
1.560474e-02
1.829692e-02
2.680049e-02
3.785233e-02
3.771101e-02
3.756970e-02
4.440572e-02
4.955101e-02
7.179926e-02
8.119589e-02
8.621161e-02
8.781447e-02
8.934253e-02
1.130686e-01
1.289384e-01
1.397343e-01
1.264363e-01
1.580558e-01
1.914977e-01
1.678949e-01
2.046392e-01
2.310139e-01
2.328134e-01
2.738523e-01
3.083676e-01
2.657504e-01
2.588295e-01
3.125482e-01
3.549618e-01
3.562497e-01
3.045079e-01
3.267880e-01
3.465056e-01
3.969997e-01
4.064152e-01
3.932535e-01
3.521258e-01
3.757923e-01
4.367937e-01
4.261941e-01
4.254041e-01
4.235603e-01
3.818826e-01
4.271042e-01
4.552752e-01
4.637057e-01
4.629445e-01
4.278391e-01
4.315408e-01
4.439312e-01
4.768085e-01
4.745210e-01
4.604088e-01
4.607004e-01
4.783396e-01
4.875617e-01
4.925866e-01
4.937559e-01
4.843671e-01
4.786029e-01
4.786205e-01
4.786225e-01
4.911339e-01
5.015210e-01
5.012440e-01
4.929835e-01
4.990958e-01
5.103558e-01
5.114321e-01
5.110874e-01
5.107909e-01
5.026100e-01
5.086240e-01
5.148912e-01
5.183126e-01
5.179588e-01
5.221201e-01
5.239290e-01
5.269619e-01
5.291736e-01
5.297539e-01
5.411070e-01
5.653616e-01
5.819222e-01
5.820127e-01
5.911187e-01
