6.097391e-05
8.848712e-05
1.481225e-04
1.917800e-04
2.936535e-04
4.812088e-04
6.520523e-04
9.221808e-04
1.464748e-03
2.124693e-03
2.586242e-03
3.742048e-03
5.800154e-03
7.538987e-03
9.303126e-03
1.215486e-02
1.648244e-02
1.985119e-02
2.363451e-02
2.727179e-02
3.633468e-02
4.096564e-02
4.694363e-02
5.745029e-02
6.522821e-02
7.752955e-02
1.022042e-01
1.113063e-01
1.197281e-01
1.409229e-01
1.551447e-01
1.637768e-01
1.860335e-01
2.088029e-01
2.086034e-01
2.084041e-01
2.204242e-01
2.288375e-01
2.588839e-01
2.701930e-01
2.758227e-01
2.776308e-01
2.794279e-01
3.023883e-01
3.161164e-01
3.249871e-01
3.145034e-01
3.389046e-01
3.620027e-01
3.469296e-01
3.708075e-01
3.867557e-01
3.880561e-01
4.098143e-01
4.269876e-01
4.068783e-01
4.037356e-01
4.300292e-01
4.488618e-01
4.498115e-01
4.275447e-01
4.378734e-01
4.468742e-01
4.677470e-01
4.717575e-01
4.670901e-01
4.508749e-01
4.609551e-01
4.850532e-01
4.816019e-01
4.815262e-01
4.813496e-01
4.654391e-01
4.832629e-01
4.937897e-01
4.971494e-01
4.972158e-01
4.853950e-01
4.869815e-01
4.917283e-01
5.042769e-01
5.036189e-01
4.992144e-01
4.998465e-01
5.063802e-01
5.097662e-01
5.120116e-01
5.127312e-01
5.099509e-01
5.083874e-01
5.088243e-01
5.088728e-01
5.134625e-01
5.174665e-01
5.179245e-01
5.155361e-01
5.180028e-01
5.229842e-01
5.236478e-01
5.239063e-01
5.241458e-01
5.217682e-01
5.241330e-01
5.267344e-01
5.286507e-01
5.289488e-01
5.310960e-01
5.325808e-01
5.345575e-01
5.362401e-01
5.367057e-01
5.453954e-01
5.636831e-01
5.761329e-01
5.761977e-01
5.829475e-01
