1.454833e-03
1.832055e-03
2.517800e-03
2.910317e-03
3.826241e-03
5.179721e-03
6.253277e-03
7.737944e-03
1.030111e-02
1.295767e-02
1.471236e-02
1.844591e-02
2.413919e-02
2.840561e-02
3.248288e-02
3.827168e-02
4.622423e-02
5.203145e-02
5.807057e-02
6.362816e-02
7.595555e-02
8.204179e-02
8.934305e-02
1.015232e-01
1.099253e-01
1.228744e-01
1.462178e-01
1.548212e-01
1.621053e-01
1.797610e-01
1.911319e-01
1.986563e-01
2.153325e-01
2.316122e-01
2.318479e-01
2.320838e-01
2.408254e-01
2.467758e-01
2.674817e-01
2.755124e-01
2.793968e-01
2.806952e-01
2.823915e-01
2.970922e-01
3.059317e-01
3.118410e-01
3.064630e-01
3.214958e-01
3.359494e-01
3.280724e-01
3.423956e-01
3.526768e-01
3.541397e-01
3.673427e-01
3.775122e-01
3.673366e-01
3.662165e-01
3.813098e-01
3.922609e-01
3.934697e-01
3.820833e-01
3.883247e-01
3.938855e-01
4.057553e-01
4.086250e-01
4.068554e-01
3.987608e-01
4.049358e-01
4.190934e-01
4.179619e-01
4.181216e-01
4.184943e-01
4.106393e-01
4.208335e-01
4.271078e-01
4.296147e-01
4.301944e-01
4.251532e-01
4.263901e-01
4.292202e-01
4.376823e-01
4.375824e-01
4.359821e-01
4.369577e-01
4.410976e-01
4.435166e-01
4.453642e-01
4.460914e-01
4.455780e-01
4.453713e-01
4.461141e-01
4.461967e-01
4.493298e-01
4.526652e-01
4.536607e-01
4.527571e-01
4.549633e-01
4.596414e-01
4.604707e-01
4.612300e-01
4.619469e-01
4.612868e-01
4.631063e-01
4.654479e-01
4.680649e-01
4.687885e-01
4.715377e-01
4.735004e-01
4.763128e-01
4.787818e-01
4.794596e-01
4.931299e-01
5.227268e-01
5.432813e-01
5.433950e-01
5.554133e-01
