0.000000e+00
-1.140506e-83
-3.209045e-77
1.253864e-75
2.405415e-72
6.641797e-66
9.096298e-60
3.170253e-56
-2.634344e-49
1.339992e-43
-1.010190e-37
3.022266e-31
1.216739e-26
6.789131e-08
1.453154e-07
3.870431e-07
1.203373e-06
2.413220e-06
4.647989e-06
7.967068e-06
2.379835e-05
3.747798e-05
6.354297e-05
1.385107e-04
2.241172e-04
4.357160e-04
1.248059e-03
1.728501e-03
2.278682e-03
4.213597e-03
6.081544e-03
7.417764e-03
1.208098e-02
1.879455e-02
1.866645e-02
1.853835e-02
2.291094e-02
2.637367e-02
4.225008e-02
4.928544e-02
5.318313e-02
5.441885e-02
5.551748e-02
7.496727e-02
8.856225e-02
9.801759e-02
8.599241e-02
1.144725e-01
1.457779e-01
1.229018e-01
1.581777e-01
1.843090e-01
1.857278e-01
2.282762e-01
2.651125e-01
2.188287e-01
2.113592e-01
2.686871e-01
3.157271e-01
3.167590e-01
2.589090e-01
2.830652e-01
3.047978e-01
3.621167e-01
3.726425e-01
3.568711e-01
3.096370e-01
3.361116e-01
4.063953e-01
3.933207e-01
3.925716e-01
3.908233e-01
3.412662e-01
3.934205e-01
4.263389e-01
4.359821e-01
4.347172e-01
3.923806e-01
3.965527e-01
4.110235e-01
4.490550e-01
4.461337e-01
4.288334e-01
4.288799e-01
4.495458e-01
4.601613e-01
4.660986e-01
4.668222e-01
4.551988e-01
4.478783e-01
4.476231e-01
4.475948e-01
4.622092e-01
4.740055e-01
4.732759e-01
4.628527e-01
4.698776e-01
4.822754e-01
4.832190e-01
4.822525e-01
4.817312e-01
4.715300e-01
4.785234e-01
4.854160e-01
4.883281e-01
4.878161e-01
4.919013e-01
4.933144e-01
4.959963e-01
4.977345e-01
4.981890e-01
5.066531e-01
5.245257e-01
5.367381e-01
5.368017e-01
5.434339e-01
