0.000000e+00
-9.403222e-27
7.769124e-08
1.368532e-07
2.749056e-07
6.928952e-07
1.228507e-06
2.393604e-06
5.828039e-06
1.176411e-05
1.717362e-05
3.509200e-05
8.224050e-05
1.368798e-04
2.060151e-04
3.468523e-04
6.287185e-04
9.032355e-04
1.268773e-03
1.676327e-03
2.939093e-03
3.710874e-03
4.847787e-03
7.197379e-03
9.216651e-03
1.290863e-02
2.210351e-02
2.606779e-02
3.003793e-02
4.119938e-02
4.966115e-02
5.502386e-02
7.051772e-02
8.828844e-02
8.803298e-02
8.777752e-02
9.780811e-02
1.051098e-01
1.335563e-01
1.447653e-01
1.505483e-01
1.523889e-01
1.540825e-01
1.795846e-01
1.956053e-01
2.062044e-01
1.931089e-01
2.231348e-01
2.530890e-01
2.323453e-01
2.643094e-01
2.861544e-01
2.875140e-01
3.194285e-01
3.453640e-01
3.136088e-01
3.083956e-01
3.486078e-01
3.786779e-01
3.796389e-01
3.430237e-01
3.591904e-01
3.732316e-01
4.076171e-01
4.139233e-01
4.052982e-01
3.774685e-01
3.937324e-01
4.341847e-01
4.274353e-01
4.271224e-01
4.263923e-01
3.984385e-01
4.285107e-01
4.465790e-01
4.519873e-01
4.516053e-01
4.294637e-01
4.319166e-01
4.399839e-01
4.609414e-01
4.595457e-01
4.508882e-01
4.513085e-01
4.624697e-01
4.681743e-01
4.715827e-01
4.722867e-01
4.666559e-01
4.632069e-01
4.634030e-01
4.634248e-01
4.712477e-01
4.777191e-01
4.777829e-01
4.728097e-01
4.767242e-01
4.840191e-01
4.847611e-01
4.846199e-01
4.846063e-01
4.797230e-01
4.835544e-01
4.875004e-01
4.897002e-01
4.897298e-01
4.924582e-01
4.938981e-01
4.960643e-01
4.977345e-01
4.981890e-01
5.066531e-01
5.245257e-01
5.367381e-01
5.368017e-01
5.434339e-01
