0.000000e+00
3.942782e-79
1.022412e-71
-3.904554e-70
-4.948892e-66
4.920983e-60
2.525847e-54
-2.791369e-49
1.740238e-43
-3.161437e-37
1.085141e-31
-4.099552e-26
5.964972e-08
1.367004e-07
2.738388e-07
6.552559e-07
1.830673e-06
3.482734e-06
6.358548e-06
1.048632e-05
2.854237e-05
4.366514e-05
7.103549e-05
1.470532e-04
2.297559e-04
4.296942e-04
1.145506e-03
1.563507e-03
2.023149e-03
3.604283e-03
5.084137e-03
6.180115e-03
9.756977e-03
1.475126e-02
1.471390e-02
1.467655e-02
1.796219e-02
2.047114e-02
3.209381e-02
3.724725e-02
4.004327e-02
4.094451e-02
4.186580e-02
5.560423e-02
6.520067e-02
7.187173e-02
6.386518e-02
8.368224e-02
1.054677e-01
9.016649e-02
1.144618e-01
1.326291e-01
1.341195e-01
1.633642e-01
1.885996e-01
1.577818e-01
1.529028e-01
1.920794e-01
2.241899e-01
2.253665e-01
1.865837e-01
2.032191e-01
2.181967e-01
2.574578e-01
2.651400e-01
2.549259e-01
2.230910e-01
2.415077e-01
2.900691e-01
2.817406e-01
2.813149e-01
2.803215e-01
2.468231e-01
2.827300e-01
3.056895e-01
3.128346e-01
3.123343e-01
2.840250e-01
2.870808e-01
2.971272e-01
3.244969e-01
3.226604e-01
3.111777e-01
3.114268e-01
3.261339e-01
3.339514e-01
3.384637e-01
3.393674e-01
3.316962e-01
3.270524e-01
3.271553e-01
3.271667e-01
3.377131e-01
3.466407e-01
3.465411e-01
3.397856e-01
3.450272e-01
3.549899e-01
3.559424e-01
3.556074e-01
3.556434e-01
3.489058e-01
3.541403e-01
3.595645e-01
3.626666e-01
3.626688e-01
3.665650e-01
3.682662e-01
3.713429e-01
3.735766e-01
3.741680e-01
3.860371e-01
4.121807e-01
4.306877e-01
4.307929e-01
4.413814e-01
