3.043594e-04
4.036734e-04
5.970708e-04
7.191321e-04
1.003958e-03
1.462131e-03
1.845316e-03
2.405392e-03
3.431671e-03
4.568334e-03
5.330294e-03
7.076314e-03
9.916440e-03
1.214693e-02
1.432165e-02
1.760330e-02
2.229248e-02
2.579209e-02
2.956091e-02
3.308204e-02
4.133399e-02
4.544347e-02
5.054325e-02
5.923356e-02
6.541856e-02
7.501752e-02
9.319944e-02
9.985639e-02
1.057481e-01
1.202698e-01
1.297863e-01
1.357912e-01
1.501585e-01
1.644802e-01
1.645097e-01
1.645394e-01
1.721538e-01
1.774115e-01
1.958616e-01
2.029075e-01
2.063738e-01
2.075109e-01
2.088313e-01
2.223880e-01
2.305219e-01
2.358640e-01
2.303491e-01
2.444319e-01
2.578929e-01
2.498647e-01
2.635002e-01
2.729485e-01
2.741227e-01
2.865243e-01
2.963254e-01
2.857616e-01
2.843446e-01
2.990278e-01
3.095682e-01
3.104541e-01
2.987729e-01
3.047759e-01
3.099613e-01
3.215120e-01
3.240550e-01
3.219455e-01
3.135343e-01
3.193626e-01
3.329821e-01
3.315397e-01
3.316030e-01
3.317510e-01
3.235465e-01
3.335090e-01
3.395081e-01
3.416937e-01
3.420248e-01
3.363698e-01
3.374330e-01
3.401556e-01
3.478423e-01
3.476187e-01
3.456696e-01
3.463985e-01
3.502784e-01
3.524040e-01
3.540007e-01
3.547453e-01
3.535948e-01
3.531228e-01
3.536954e-01
3.537591e-01
3.565487e-01
3.592736e-01
3.599659e-01
3.590492e-01
3.607409e-01
3.645535e-01
3.651868e-01
3.656887e-01
3.661223e-01
3.651638e-01
3.667511e-01
3.686873e-01
3.705897e-01
3.710636e-01
3.730670e-01
3.745982e-01
3.766337e-01
3.784409e-01
3.789407e-01
3.886625e-01
4.097338e-01
4.244576e-01
4.245381e-01
4.327867e-01
