0.000000e+00
-4.340088e-38
-9.322705e-32
-2.631591e-30
6.103890e-26
3.284679e-08
5.880098e-08
1.182904e-07
3.101007e-07
6.739608e-07
1.038257e-06
2.376779e-06
6.556402e-06
1.215861e-05
2.008598e-05
3.825180e-05
8.048083e-05
1.269768e-04
1.950610e-04
2.776394e-04
5.677506e-04
7.645507e-04
1.077408e-03
1.790306e-03
2.458326e-03
3.794249e-03
7.582067e-03
9.381699e-03
1.126174e-02
1.691715e-02
2.153638e-02
2.457217e-02
3.387290e-02
4.531172e-02
4.513029e-02
4.494885e-02
5.169914e-02
5.674020e-02
7.738485e-02
8.582801e-02
9.028443e-02
9.170059e-02
9.298652e-02
1.134006e-01
1.266518e-01
1.355223e-01
1.244429e-01
1.501655e-01
1.766009e-01
1.579616e-01
1.867039e-01
2.068359e-01
2.080329e-01
2.384785e-01
2.637199e-01
2.325449e-01
2.274466e-01
2.666517e-01
2.968418e-01
2.977117e-01
2.608183e-01
2.768247e-01
2.908834e-01
3.261247e-01
3.325919e-01
3.234858e-01
2.947780e-01
3.113332e-01
3.533683e-01
3.461092e-01
3.457456e-01
3.448975e-01
3.156407e-01
3.469028e-01
3.659742e-01
3.716443e-01
3.711401e-01
3.473994e-01
3.499374e-01
3.584204e-01
3.805321e-01
3.789888e-01
3.695752e-01
3.698989e-01
3.817621e-01
3.878277e-01
3.913914e-01
3.920428e-01
3.858475e-01
3.820193e-01
3.821256e-01
3.821373e-01
3.904844e-01
3.973295e-01
3.972579e-01
3.917586e-01
3.958890e-01
4.034782e-01
4.042014e-01
4.039368e-01
4.038367e-01
3.984332e-01
4.025030e-01
4.066428e-01
4.087942e-01
4.087340e-01
4.114762e-01
4.128276e-01
4.149240e-01
4.164941e-01
4.169195e-01
4.248191e-01
4.416381e-01
4.532438e-01
4.533042e-01
4.596357e-01
