0.000000e+00
-1.300610e-55
1.232917e-49
-1.388167e-47
-3.780222e-43
3.612866e-38
2.651012e-32
4.721924e-27
2.163916e-08
4.847316e-08
7.532636e-08
1.724213e-07
4.907156e-07
9.439834e-07
1.638623e-06
3.332910e-06
7.784844e-06
1.327894e-05
2.204956e-05
3.365091e-05
7.975096e-05
1.149257e-04
1.752597e-04
3.298798e-04
4.884984e-04
8.433954e-04
2.008672e-03
2.635453e-03
3.314351e-03
5.539858e-03
7.522428e-03
8.910924e-03
1.339346e-02
1.938028e-02
1.930140e-02
1.922251e-02
2.299397e-02
2.586400e-02
3.851554e-02
4.395277e-02
4.688329e-02
4.782012e-02
4.871575e-02
6.277291e-02
7.231724e-02
7.887345e-02
7.081740e-02
9.013413e-02
1.108427e-01
9.618522e-02
1.191107e-01
1.358147e-01
1.369772e-01
1.633024e-01
1.856977e-01
1.581349e-01
1.537119e-01
1.885091e-01
2.163851e-01
2.172712e-01
1.833980e-01
1.979691e-01
2.109704e-01
2.444639e-01
2.508173e-01
2.420799e-01
2.148450e-01
2.305576e-01
2.714247e-01
2.643467e-01
2.639919e-01
2.631639e-01
2.348416e-01
2.651802e-01
2.841904e-01
2.899719e-01
2.895061e-01
2.659382e-01
2.684760e-01
2.768734e-01
2.992694e-01
2.977317e-01
2.882581e-01
2.885549e-01
3.006010e-01
3.068817e-01
3.105544e-01
3.112637e-01
3.049729e-01
3.011277e-01
3.012347e-01
3.012466e-01
3.098261e-01
3.169884e-01
3.169343e-01
3.113548e-01
3.156270e-01
3.236199e-01
3.243908e-01
3.241378e-01
3.241054e-01
3.185778e-01
3.228184e-01
3.271856e-01
3.295876e-01
3.295643e-01
3.325958e-01
3.340254e-01
3.363916e-01
3.381526e-01
3.386238e-01
3.477713e-01
3.677312e-01
3.817920e-01
3.818689e-01
3.897749e-01
