0.000000e+00
3.013092e-79
2.134550e-72
2.346540e-70
1.585831e-67
-1.314234e-60
1.286870e-55
-9.309782e-50
1.801366e-44
-6.987964e-38
5.746155e-32
-2.047291e-27
1.075013e-08
2.283220e-08
4.302978e-08
9.666870e-08
2.578779e-07
4.838263e-07
8.871775e-07
1.483576e-06
4.349056e-06
6.924855e-06
1.196151e-05
2.751642e-05
4.616619e-05
9.618268e-05
3.106314e-04
4.505838e-04
6.149993e-04
1.238232e-03
1.885207e-03
2.376205e-03
4.166719e-03
6.940203e-03
6.896570e-03
6.852938e-03
8.772679e-03
1.031759e-02
1.790993e-02
2.143757e-02
2.342841e-02
2.406402e-02
2.466515e-02
3.502264e-02
4.257577e-02
4.796780e-02
4.125726e-02
5.773262e-02
7.658657e-02
6.282167e-02
8.442672e-02
1.010754e-01
1.021860e-01
1.303656e-01
1.553850e-01
1.241959e-01
1.192818e-01
1.581907e-01
1.913765e-01
1.922705e-01
1.518014e-01
1.686416e-01
1.840349e-01
2.256273e-01
2.335904e-01
2.221405e-01
1.880224e-01
2.072639e-01
2.595033e-01
2.498861e-01
2.493514e-01
2.481036e-01
2.115769e-01
2.502791e-01
2.753645e-01
2.829416e-01
2.821031e-01
2.502244e-01
2.534566e-01
2.644266e-01
2.940036e-01
2.918070e-01
2.786510e-01
2.787654e-01
2.948645e-01
3.032991e-01
3.080822e-01
3.088013e-01
2.998755e-01
2.943543e-01
2.942509e-01
2.942394e-01
3.057844e-01
3.153057e-01
3.148871e-01
3.069062e-01
3.125414e-01
3.228213e-01
3.236833e-01
3.230521e-01
3.227941e-01
3.148902e-01
3.205383e-01
3.262296e-01
3.289590e-01
3.286917e-01
3.323363e-01
3.337511e-01
3.363598e-01
3.381526e-01
3.386238e-01
3.477713e-01
3.677312e-01
3.817920e-01
3.818689e-01
3.897749e-01
