0.000000e+00
5.561545e-79
3.239614e-72
-2.688480e-70
-1.027205e-66
-2.605173e-60
5.722576e-56
2.691237e-50
-2.162411e-44
2.779862e-38
8.428347e-32
-1.349009e-26
1.533517e-08
3.008918e-08
5.281570e-08
1.063166e-07
2.443881e-07
4.136687e-07
6.821480e-07
1.041626e-06
2.529743e-06
3.743094e-06
5.953088e-06
1.243610e-05
1.990428e-05
3.970366e-05
1.258996e-04
1.838892e-04
2.530946e-04
5.266917e-04
8.236999e-04
1.054621e-03
1.936514e-03
3.381365e-03
3.356873e-03
3.332382e-03
4.369985e-03
5.223255e-03
9.618575e-03
1.172863e-02
1.294317e-02
1.333072e-02
1.369554e-02
2.024396e-02
2.517341e-02
2.875609e-02
2.428042e-02
3.540876e-02
4.852702e-02
3.883228e-02
5.410391e-02
6.620035e-02
6.700486e-02
8.815284e-02
1.073233e-01
8.335426e-02
7.962560e-02
1.094292e-01
1.356162e-01
1.363044e-01
1.043922e-01
1.175114e-01
1.296569e-01
1.631614e-01
1.696236e-01
1.602477e-01
1.327269e-01
1.481594e-01
1.908822e-01
1.828756e-01
1.824268e-01
1.813796e-01
1.514916e-01
1.831325e-01
2.039743e-01
2.102791e-01
2.094989e-01
1.829666e-01
1.856431e-01
1.947356e-01
2.194291e-01
2.175620e-01
2.064889e-01
2.065723e-01
2.200918e-01
2.271894e-01
2.312300e-01
2.318181e-01
2.242319e-01
2.195456e-01
2.194496e-01
2.194389e-01
2.291866e-01
2.372184e-01
2.368474e-01
2.300477e-01
2.348135e-01
2.435170e-01
2.442468e-01
2.436961e-01
2.434531e-01
2.366975e-01
2.414974e-01
2.463305e-01
2.486166e-01
2.483782e-01
2.514383e-01
2.526595e-01
2.548552e-01
2.563726e-01
2.567742e-01
2.644987e-01
2.816635e-01
2.940202e-01
2.940876e-01
3.011094e-01
