0.000000e+00
1.501265e-49
1.848313e-43
1.641818e-43
6.334317e-40
5.712856e-32
-9.074760e-27
1.149437e-08
2.990888e-08
6.063266e-08
9.097510e-08
1.928401e-07
4.955393e-07
8.933555e-07
1.474818e-06
2.814463e-06
6.175705e-06
1.020824e-05
1.653213e-05
2.481659e-05
5.751325e-05
8.245302e-05
1.253064e-04
2.360988e-04
3.505704e-04
6.095796e-04
1.476832e-03
1.950419e-03
2.467216e-03
4.183842e-03
5.734643e-03
6.827749e-03
1.040258e-02
1.524785e-02
1.518207e-02
1.511628e-02
1.819714e-02
2.055490e-02
3.106622e-02
3.562010e-02
3.808713e-02
3.887557e-02
3.962763e-02
5.156556e-02
5.973310e-02
6.536793e-02
5.843521e-02
7.510774e-02
9.310105e-02
8.031684e-02
1.003243e-01
1.149957e-01
1.160129e-01
1.393184e-01
1.592432e-01
1.347003e-01
1.307712e-01
1.617344e-01
1.867185e-01
1.875083e-01
1.571521e-01
1.701744e-01
1.818293e-01
2.119966e-01
2.177356e-01
2.098335e-01
1.852891e-01
1.994318e-01
2.363856e-01
2.299619e-01
2.296396e-01
2.288875e-01
2.032707e-01
2.307116e-01
2.479716e-01
2.532241e-01
2.527999e-01
2.313883e-01
2.336935e-01
2.413169e-01
2.616816e-01
2.602788e-01
2.516557e-01
2.519330e-01
2.629061e-01
2.686267e-01
2.719851e-01
2.726312e-01
2.668891e-01
2.633861e-01
2.634892e-01
2.635006e-01
2.713293e-01
2.778618e-01
2.778185e-01
2.727262e-01
2.766302e-01
2.839489e-01
2.846586e-01
2.844344e-01
2.844036e-01
2.793496e-01
2.832324e-01
2.872335e-01
2.894325e-01
2.894181e-01
2.921930e-01
2.935317e-01
2.957106e-01
2.973455e-01
2.977834e-01
3.062714e-01
3.249391e-01
3.382228e-01
3.382959e-01
3.457943e-01
