4.229552e-05
5.974095e-05
9.650472e-05
1.227397e-04
1.839581e-04
2.942222e-04
3.937879e-04
5.503172e-04
8.629103e-04
1.237682e-03
1.504712e-03
2.157811e-03
3.319301e-03
4.299974e-03
5.305862e-03
6.907940e-03
9.348937e-03
1.126571e-02
1.341331e-02
1.548874e-02
2.061708e-02
2.327244e-02
2.667598e-02
3.270112e-02
3.714418e-02
4.425850e-02
5.846648e-02
6.382952e-02
6.869887e-02
8.102481e-02
8.932810e-02
9.455473e-02
1.075880e-01
1.209403e-01
1.209183e-01
1.208963e-01
1.280794e-01
1.330729e-01
1.510420e-01
1.579272e-01
1.613439e-01
1.624568e-01
1.636862e-01
1.774372e-01
1.857519e-01
1.912032e-01
1.852946e-01
1.999448e-01
2.140537e-01
2.052968e-01
2.197740e-01
2.297309e-01
2.308209e-01
2.442329e-01
2.548850e-01
2.429953e-01
2.412835e-01
2.574086e-01
2.690687e-01
2.698920e-01
2.566193e-01
2.631722e-01
2.688337e-01
2.817447e-01
2.844634e-01
2.818812e-01
2.721898e-01
2.786045e-01
2.938103e-01
2.919719e-01
2.919936e-01
2.920444e-01
2.825200e-01
2.937060e-01
3.004264e-01
3.027639e-01
3.030067e-01
2.961834e-01
2.973040e-01
3.003449e-01
3.087577e-01
3.084396e-01
3.059952e-01
3.066453e-01
3.109524e-01
3.132720e-01
3.149350e-01
3.156296e-01
3.141387e-01
3.134199e-01
3.139213e-01
3.139770e-01
3.170605e-01
3.199611e-01
3.205524e-01
3.193228e-01
3.211144e-01
3.250257e-01
3.256334e-01
3.260498e-01
3.264161e-01
3.251534e-01
3.268558e-01
3.288671e-01
3.306904e-01
3.310997e-01
3.330562e-01
3.345051e-01
3.364473e-01
3.381526e-01
3.386238e-01
3.477713e-01
3.677312e-01
3.817920e-01
3.818689e-01
3.897749e-01
