0.000000e+00
3.652233e-63
1.233087e-54
-8.027749e-54
-1.467091e-49
-4.129989e-43
4.709170e-38
-1.558174e-32
-1.314941e-26
1.430456e-08
2.218389e-08
5.036496e-08
1.387449e-07
2.591416e-07
4.381467e-07
8.657776e-07
1.982321e-06
3.371049e-06
5.638472e-06
8.718396e-06
2.184221e-05
3.242098e-05
5.165301e-05
1.047931e-04
1.634582e-04
3.049466e-04
8.340007e-04
1.142955e-03
1.495045e-03
2.728666e-03
3.914776e-03
4.762853e-03
7.719246e-03
1.197656e-02
1.189693e-02
1.181730e-02
1.459513e-02
1.679511e-02
2.690931e-02
3.140336e-02
3.389006e-02
3.468037e-02
3.539876e-02
4.785934e-02
5.659211e-02
6.268566e-02
5.497558e-02
7.332869e-02
9.357173e-02
7.881857e-02
1.016647e-01
1.186737e-01
1.196352e-01
1.473970e-01
1.715051e-01
1.413388e-01
1.365068e-01
1.739931e-01
2.048821e-01
2.056287e-01
1.677639e-01
1.836436e-01
1.979634e-01
2.357167e-01
2.427299e-01
2.324225e-01
2.013966e-01
2.188923e-01
2.653890e-01
2.568518e-01
2.563810e-01
2.552823e-01
2.226354e-01
2.571742e-01
2.790261e-01
2.854935e-01
2.847324e-01
2.568740e-01
2.596891e-01
2.693187e-01
2.947418e-01
2.928308e-01
2.814771e-01
2.816291e-01
2.954505e-01
3.025555e-01
3.066210e-01
3.072033e-01
2.995629e-01
2.947939e-01
2.947273e-01
2.947200e-01
3.045314e-01
3.124973e-01
3.121518e-01
3.053112e-01
3.100910e-01
3.186779e-01
3.193976e-01
3.188707e-01
3.185906e-01
3.118604e-01
3.166228e-01
3.213752e-01
3.235457e-01
3.232960e-01
3.262216e-01
3.274474e-01
3.295121e-01
3.309527e-01
3.313392e-01
3.384635e-01
3.538160e-01
3.645632e-01
3.646190e-01
3.705177e-01
