2.592915e-06
3.952041e-06
7.093925e-06
9.709196e-06
1.581185e-05
2.856456e-05
4.137304e-05
6.360187e-05
1.138389e-04
1.807089e-04
2.339678e-04
3.733668e-04
6.555611e-04
9.207776e-04
1.217694e-03
1.720218e-03
2.564460e-03
3.287350e-03
4.141682e-03
5.015424e-03
7.317492e-03
8.599267e-03
1.030637e-02
1.352019e-02
1.600469e-02
2.022620e-02
2.925704e-02
3.290731e-02
3.627661e-02
4.516279e-02
5.140904e-02
5.549453e-02
6.587397e-02
7.693713e-02
7.695191e-02
7.696668e-02
8.312472e-02
8.740874e-02
1.035614e-01
1.098769e-01
1.130320e-01
1.140628e-01
1.152268e-01
1.282895e-01
1.363714e-01
1.416990e-01
1.359164e-01
1.504228e-01
1.646856e-01
1.557479e-01
1.705202e-01
1.808310e-01
1.819889e-01
1.962287e-01
2.076666e-01
1.947842e-01
1.928992e-01
2.102920e-01
2.231022e-01
2.239781e-01
2.092964e-01
2.164152e-01
2.226019e-01
2.370306e-01
2.400704e-01
2.370918e-01
2.261487e-01
2.332759e-01
2.504221e-01
2.482621e-01
2.482623e-01
2.482626e-01
2.373812e-01
2.499929e-01
2.576765e-01
2.603400e-01
2.605717e-01
2.525651e-01
2.538096e-01
2.572590e-01
2.668880e-01
2.665044e-01
2.635671e-01
2.641891e-01
2.691380e-01
2.718382e-01
2.736944e-01
2.744397e-01
2.726324e-01
2.717267e-01
2.722245e-01
2.722798e-01
2.758409e-01
2.791976e-01
2.797851e-01
2.782857e-01
2.803230e-01
2.847405e-01
2.853945e-01
2.857992e-01
2.862088e-01
2.846790e-01
2.866315e-01
2.889240e-01
2.909771e-01
2.914080e-01
2.936561e-01
2.951761e-01
2.973657e-01
2.992413e-01
2.997564e-01
3.100501e-01
3.330595e-01
3.496413e-01
3.497357e-01
3.593081e-01
