0.000000e+00
8.706035e-73
-2.718587e-66
-3.150345e-64
5.048983e-61
8.663582e-55
2.878677e-49
-9.975818e-44
-2.308524e-38
5.489709e-32
-4.572672e-26
1.919705e-08
5.592186e-08
1.075197e-07
1.857144e-07
3.752817e-07
8.798273e-07
1.518570e-06
2.577876e-06
4.042308e-06
1.049426e-05
1.586693e-05
2.590493e-05
5.485647e-05
8.799858e-05
1.715960e-04
5.061255e-04
7.116073e-04
9.506960e-04
1.821522e-03
2.693697e-03
3.331166e-03
5.626399e-03
9.067228e-03
9.000592e-03
8.933957e-03
1.123712e-02
1.308926e-02
2.185935e-02
2.584179e-02
2.807870e-02
2.878839e-02
2.942357e-02
4.084616e-02
4.901065e-02
5.476953e-02
4.746719e-02
6.497742e-02
8.464028e-02
7.020127e-02
9.259780e-02
1.095383e-01
1.104887e-01
1.386701e-01
1.634312e-01
1.323667e-01
1.274230e-01
1.659231e-01
1.981962e-01
1.989451e-01
1.593712e-01
1.758326e-01
1.907777e-01
2.306742e-01
2.381150e-01
2.270820e-01
1.942424e-01
2.126675e-01
2.621980e-01
2.529747e-01
2.524567e-01
2.512479e-01
2.164240e-01
2.531859e-01
2.766681e-01
2.836155e-01
2.827525e-01
2.526671e-01
2.556695e-01
2.659899e-01
2.933354e-01
2.912461e-01
2.789031e-01
2.790129e-01
2.939217e-01
3.016001e-01
3.059650e-01
3.065471e-01
2.982018e-01
2.929808e-01
2.928610e-01
2.928476e-01
3.034532e-01
3.120526e-01
3.116098e-01
3.041224e-01
3.092692e-01
3.184694e-01
3.192171e-01
3.185843e-01
3.182423e-01
3.108755e-01
3.160150e-01
3.211231e-01
3.233791e-01
3.230658e-01
3.261564e-01
3.273770e-01
3.295038e-01
3.309527e-01
3.313392e-01
3.384635e-01
3.538160e-01
3.645632e-01
3.646190e-01
3.705177e-01
