0.000000e+00
1.664538e-27
6.974729e-09
1.065325e-08
1.923696e-08
4.014898e-08
6.328365e-08
1.079613e-07
2.229677e-07
3.940808e-07
5.435613e-07
9.848491e-07
2.059862e-06
3.245111e-06
4.768788e-06
7.815062e-06
1.430947e-05
2.114281e-05
3.088958e-05
4.269739e-05
8.507705e-05
1.149900e-04
1.641547e-04
2.848451e-04
4.048326e-04
6.651976e-04
1.504670e-03
1.946464e-03
2.428937e-03
4.004742e-03
5.408614e-03
6.372946e-03
9.553059e-03
1.382617e-02
1.375187e-02
1.367756e-02
1.634982e-02
1.840820e-02
2.744305e-02
3.132116e-02
3.342751e-02
3.409644e-02
3.470049e-02
4.486363e-02
5.176636e-02
5.650737e-02
5.055301e-02
6.460802e-02
7.967975e-02
6.885587e-02
8.562406e-02
9.782311e-02
9.854282e-02
1.178582e-01
1.343377e-01
1.138801e-01
1.105819e-01
1.361935e-01
1.567547e-01
1.573261e-01
1.322037e-01
1.429215e-01
1.524967e-01
1.771986e-01
1.818044e-01
1.752557e-01
1.550601e-01
1.666048e-01
1.967166e-01
1.913911e-01
1.911168e-01
1.904767e-01
1.694699e-01
1.918804e-01
2.058617e-01
2.100361e-01
2.096392e-01
1.921204e-01
1.939705e-01
2.001712e-01
2.164983e-01
2.153264e-01
2.082931e-01
2.085223e-01
2.173655e-01
2.218920e-01
2.245734e-01
2.250448e-01
2.203411e-01
2.174439e-01
2.175141e-01
2.175219e-01
2.237991e-01
2.289255e-01
2.288595e-01
2.246740e-01
2.277851e-01
2.335239e-01
2.340765e-01
2.338665e-01
2.337634e-01
2.296234e-01
2.327174e-01
2.358607e-01
2.374647e-01
2.374121e-01
2.394534e-01
2.405256e-01
2.421080e-01
2.433131e-01
2.436433e-01
2.496773e-01
2.629191e-01
2.724008e-01
2.724499e-01
2.777035e-01
