2.791710e-06
3.822489e-06
5.948424e-06
7.482663e-06
1.106276e-05
1.768626e-05
2.387203e-05
3.421450e-05
5.676507e-05
8.622452e-05
1.089795e-04
1.705643e-04
2.982841e-04
4.210384e-04
5.594279e-04
8.064469e-04
1.237206e-03
1.613205e-03
2.073667e-03
2.552525e-03
3.895101e-03
4.652429e-03
5.703398e-03
7.732325e-03
9.365624e-03
1.217518e-02
1.857345e-02
2.116551e-02
2.367887e-02
3.044465e-02
3.533450e-02
3.838940e-02
4.681481e-02
5.606228e-02
5.595783e-02
5.585339e-02
6.095524e-02
6.461002e-02
7.839952e-02
8.376511e-02
8.649730e-02
8.737185e-02
8.821710e-02
9.988580e-02
1.070891e-01
1.118208e-01
1.061840e-01
1.194129e-01
1.324010e-01
1.236945e-01
1.374109e-01
1.467754e-01
1.474845e-01
1.607848e-01
1.715068e-01
1.587710e-01
1.567488e-01
1.732462e-01
1.854261e-01
1.859808e-01
1.714695e-01
1.781276e-01
1.839025e-01
1.976668e-01
2.003230e-01
1.971224e-01
1.862410e-01
1.928754e-01
2.090908e-01
2.066689e-01
2.065982e-01
2.064332e-01
1.955847e-01
2.076377e-01
2.148534e-01
2.171285e-01
2.171315e-01
2.088537e-01
2.099207e-01
2.131737e-01
2.217726e-01
2.212837e-01
2.181638e-01
2.185709e-01
2.231192e-01
2.254468e-01
2.270037e-01
2.274679e-01
2.254492e-01
2.243021e-01
2.245824e-01
2.246135e-01
2.278310e-01
2.305766e-01
2.308663e-01
2.291286e-01
2.308432e-01
2.343017e-01
2.347645e-01
2.349237e-01
2.350490e-01
2.333023e-01
2.349726e-01
2.367931e-01
2.380803e-01
2.382713e-01
2.397037e-01
2.407870e-01
2.421381e-01
2.433131e-01
2.436433e-01
2.496773e-01
2.629191e-01
2.724008e-01
2.724499e-01
2.777035e-01
