0.000000e+00
4.405939e-63
-2.161826e-55
1.920377e-53
-1.812468e-50
3.170438e-44
-1.581866e-38
-3.611120e-34
-1.468859e-27
4.783459e-09
7.480200e-09
1.645145e-08
4.314111e-08
7.726803e-08
1.266279e-07
2.301062e-07
4.690054e-07
7.372617e-07
1.124034e-06
1.603954e-06
3.295230e-06
4.526406e-06
6.511183e-06
1.163243e-05
1.678011e-05
2.896255e-05
7.381594e-05
1.018521e-04
1.339306e-04
2.576719e-04
3.886386e-04
4.914508e-04
8.801284e-04
1.523429e-03
1.514882e-03
1.506335e-03
1.978943e-03
2.364866e-03
4.435706e-03
5.449701e-03
6.036432e-03
6.224433e-03
6.407684e-03
9.654061e-03
1.215675e-02
1.399801e-02
1.172046e-02
1.750735e-02
2.449360e-02
1.932375e-02
2.754546e-02
3.421935e-02
3.470798e-02
4.669508e-02
5.774974e-02
4.397729e-02
4.185969e-02
5.903776e-02
7.454136e-02
7.499694e-02
5.617383e-02
6.386480e-02
7.106178e-02
9.128885e-02
9.531214e-02
8.962195e-02
7.301085e-02
8.232844e-02
1.085602e-01
1.036696e-01
1.033933e-01
1.027487e-01
8.445090e-02
1.038561e-01
1.168852e-01
1.209081e-01
1.204888e-01
1.039406e-01
1.056194e-01
1.112773e-01
1.269067e-01
1.257380e-01
1.188041e-01
1.188589e-01
1.274503e-01
1.320025e-01
1.346238e-01
1.350388e-01
1.302337e-01
1.273026e-01
1.272671e-01
1.272631e-01
1.335178e-01
1.387044e-01
1.385068e-01
1.342250e-01
1.373017e-01
1.430511e-01
1.435643e-01
1.432475e-01
1.431296e-01
1.388287e-01
1.419596e-01
1.451421e-01
1.467406e-01
1.466376e-01
1.487155e-01
1.496431e-01
1.512326e-01
1.523725e-01
1.526786e-01
1.586140e-01
1.725406e-01
1.832295e-01
1.832899e-01
1.896458e-01
