0.000000e+00
1.449552e-79
2.446316e-72
9.048604e-71
-5.195786e-67
-2.278936e-62
2.654888e-55
-9.292034e-51
-2.626340e-44
2.123696e-38
3.725471e-33
9.633569e-27
4.085838e-09
8.104682e-09
1.443778e-08
2.901105e-08
6.628393e-08
1.117107e-07
1.812784e-07
2.720329e-07
6.120488e-07
8.711526e-07
1.297600e-06
2.419693e-06
3.545157e-06
6.182378e-06
1.533984e-05
2.085354e-05
2.694669e-05
5.030449e-05
7.481909e-05
9.440790e-05
1.714626e-04
3.105345e-04
3.087411e-04
3.069477e-04
4.182373e-04
5.122540e-04
1.096485e-03
1.410903e-03
1.603371e-03
1.665052e-03
1.725265e-03
2.928293e-03
3.962695e-03
4.774044e-03
3.761073e-03
6.473767e-03
1.011863e-02
7.305610e-03
1.184209e-02
1.591853e-02
1.621752e-02
2.451872e-02
3.279807e-02
2.236654e-02
2.084369e-02
3.366613e-02
4.665641e-02
4.698179e-02
3.124022e-02
3.735501e-02
4.334885e-02
6.164535e-02
6.542239e-02
5.987389e-02
4.475647e-02
5.301134e-02
7.812217e-02
7.306272e-02
7.275776e-02
7.204617e-02
5.448955e-02
7.294829e-02
8.616699e-02
9.028415e-02
8.973955e-02
7.256664e-02
7.421421e-02
7.986038e-02
9.591091e-02
9.460438e-02
8.712689e-02
8.706269e-02
9.604036e-02
1.008592e-01
1.035878e-01
1.039103e-01
9.854789e-02
9.527018e-02
9.511631e-02
9.509921e-02
1.017369e-01
1.072095e-01
1.068251e-01
1.019971e-01
1.052249e-01
1.111497e-01
1.116154e-01
1.111231e-01
1.108733e-01
1.060065e-01
1.093325e-01
1.126558e-01
1.140971e-01
1.138581e-01
1.158419e-01
1.165954e-01
1.179868e-01
1.189058e-01
1.191493e-01
1.237678e-01
1.347841e-01
1.434534e-01
1.435020e-01
1.487073e-01
