0.000000e+00
5.266182e-50
-6.038721e-44
-2.449470e-42
-9.734561e-39
1.637040e-33
-8.002205e-27
3.981551e-09
1.040334e-08
2.104797e-08
3.128591e-08
6.477689e-08
1.571929e-07
2.682660e-07
4.187152e-07
7.290430e-07
1.406880e-06
2.125492e-06
3.137957e-06
4.352102e-06
8.582468e-06
1.153914e-05
1.631208e-05
2.834978e-05
4.046622e-05
6.845159e-05
1.712595e-04
2.331772e-04
3.048583e-04
5.737962e-04
8.515473e-04
1.058843e-03
1.843135e-03
3.095794e-03
3.070430e-03
3.045065e-03
3.923897e-03
4.644902e-03
8.296345e-03
1.002520e-02
1.102047e-02
1.133620e-02
1.161847e-02
1.696287e-02
2.095330e-02
2.384041e-02
2.016942e-02
2.914514e-02
3.965642e-02
3.181379e-02
4.405372e-02
5.368102e-02
5.422861e-02
7.101111e-02
8.619980e-02
6.708856e-02
6.410199e-02
8.770377e-02
1.083656e-01
1.088378e-01
8.354968e-02
9.390198e-02
1.034705e-01
1.297753e-01
1.347803e-01
1.273408e-01
1.056509e-01
1.177378e-01
1.511440e-01
1.448040e-01
1.444444e-01
1.436054e-01
1.201210e-01
1.449084e-01
1.611231e-01
1.659598e-01
1.653485e-01
1.445086e-01
1.465778e-01
1.536788e-01
1.727284e-01
1.712455e-01
1.625972e-01
1.626797e-01
1.731515e-01
1.785631e-01
1.816742e-01
1.820861e-01
1.761484e-01
1.724571e-01
1.723780e-01
1.723692e-01
1.798875e-01
1.859771e-01
1.856720e-01
1.803365e-01
1.840008e-01
1.906013e-01
1.911522e-01
1.907094e-01
1.904509e-01
1.851644e-01
1.888537e-01
1.925266e-01
1.941457e-01
1.939282e-01
1.961267e-01
1.970863e-01
1.986361e-01
1.997244e-01
2.000185e-01
2.053406e-01
2.171772e-01
2.257948e-01
2.258393e-01
2.306449e-01
