0.000000e+00
-6.818433e-56
1.660455e-49
6.083212e-48
3.678408e-44
2.043340e-39
1.805559e-32
-1.435727e-27
5.342576e-09
1.120658e-08
1.671615e-08
3.427781e-08
8.228208e-08
1.394366e-07
2.172985e-07
3.734733e-07
7.101365e-07
1.064453e-06
1.552585e-06
2.129933e-06
4.034545e-06
5.323478e-06
7.281511e-06
1.193137e-05
1.618299e-05
2.516739e-05
5.232839e-05
6.684811e-05
8.224954e-05
1.368124e-04
1.887947e-04
2.272365e-04
3.698960e-04
6.022921e-04
5.986913e-04
5.950905e-04
7.679473e-04
9.075566e-04
1.711016e-03
2.116490e-03
2.357350e-03
2.434071e-03
2.505192e-03
3.938901e-03
5.107879e-03
5.999449e-03
4.868441e-03
7.781163e-03
1.152213e-02
8.642310e-03
1.320890e-02
1.712931e-02
1.737811e-02
2.503294e-02
3.245597e-02
2.305698e-02
2.164378e-02
3.315782e-02
4.435413e-02
4.459739e-02
3.095528e-02
3.630554e-02
4.146392e-02
5.678075e-02
5.984341e-02
5.525320e-02
4.257234e-02
4.949812e-02
7.003373e-02
6.592581e-02
6.567879e-02
6.510238e-02
5.067254e-02
6.583380e-02
7.639101e-02
7.960484e-02
7.915774e-02
6.542158e-02
6.674062e-02
7.129025e-02
8.392931e-02
8.289237e-02
7.699977e-02
7.698982e-02
8.405294e-02
8.776760e-02
8.989692e-02
9.014085e-02
8.595342e-02
8.337586e-02
8.327049e-02
8.325878e-02
8.843535e-02
9.263323e-02
9.235785e-02
8.858449e-02
9.109684e-02
9.566290e-02
9.603253e-02
9.566960e-02
9.544894e-02
9.166059e-02
9.423862e-02
9.680067e-02
9.787278e-02
9.768585e-02
9.915708e-02
9.980350e-02
1.008371e-01
1.015511e-01
1.017450e-01
1.052122e-01
1.134749e-01
1.200126e-01
1.200471e-01
1.238935e-01
