3.503107e-09
5.708987e-09
1.103819e-08
1.580937e-08
2.694276e-08
5.147304e-08
7.696592e-08
1.232340e-07
2.341925e-07
3.843028e-07
5.156132e-07
8.578494e-07
1.610094e-06
2.360712e-06
3.284228e-06
4.869316e-06
7.840226e-06
1.065038e-05
1.416743e-05
1.804952e-05
2.946268e-05
3.666604e-05
4.694972e-05
7.007889e-05
9.017995e-05
1.312636e-04
2.503877e-04
3.127245e-04
3.783580e-04
6.019669e-04
8.066189e-04
9.543650e-04
1.460287e-03
2.195620e-03
2.186380e-03
2.177141e-03
2.675174e-03
3.058526e-03
4.958337e-03
5.824823e-03
6.307291e-03
6.461424e-03
6.607974e-03
9.133003e-03
1.096812e-02
1.227681e-02
1.064797e-02
1.465826e-02
1.925749e-02
1.589136e-02
2.118114e-02
2.526915e-02
2.554726e-02
3.254622e-02
3.879885e-02
3.101583e-02
2.978035e-02
3.950825e-02
4.789188e-02
4.813809e-02
3.792980e-02
4.216547e-02
4.605817e-02
5.665554e-02
5.872152e-02
5.581740e-02
4.711502e-02
5.202683e-02
6.545061e-02
6.302039e-02
6.288569e-02
6.257140e-02
5.319477e-02
6.317167e-02
6.967651e-02
7.165791e-02
7.146675e-02
6.326957e-02
6.411919e-02
6.697114e-02
7.469859e-02
7.412662e-02
7.076658e-02
7.084642e-02
7.509330e-02
7.729245e-02
7.860684e-02
7.883162e-02
7.651336e-02
7.510639e-02
7.512761e-02
7.512997e-02
7.820228e-02
8.070385e-02
8.066169e-02
7.861178e-02
8.012859e-02
8.299903e-02
8.328581e-02
8.317579e-02
8.311867e-02
8.104880e-02
8.259427e-02
8.416950e-02
8.498002e-02
8.496148e-02
8.596636e-02
8.656468e-02
8.739375e-02
8.804364e-02
8.822451e-02
9.151736e-02
9.949003e-02
1.059463e-01
1.059817e-01
1.098891e-01
