1.864983e-08
2.810965e-08
4.932386e-08
6.619090e-08
1.055496e-07
1.831869e-07
2.575630e-07
3.834052e-07
6.597792e-07
1.008645e-06
1.286509e-06
1.987042e-06
3.394259e-06
4.691286e-06
6.182092e-06
8.635287e-06
1.290780e-05
1.667047e-05
2.116049e-05
2.587519e-05
3.892008e-05
4.656041e-05
5.690413e-05
7.865205e-05
9.603535e-05
1.284939e-04
2.091281e-04
2.461010e-04
2.823798e-04
3.979250e-04
4.926277e-04
5.566258e-04
7.690482e-04
1.063029e-03
1.059359e-03
1.055689e-03
1.254160e-03
1.398629e-03
2.164531e-03
2.513813e-03
2.709346e-03
2.771405e-03
2.827133e-03
3.921424e-03
4.747441e-03
5.351357e-03
4.573597e-03
6.489574e-03
8.800138e-03
7.030939e-03
9.778307e-03
1.199021e-02
1.210819e-02
1.621812e-02
2.006190e-02
1.516252e-02
1.438673e-02
2.036417e-02
2.589095e-02
2.599204e-02
1.920201e-02
2.188156e-02
2.441279e-02
3.171240e-02
3.312079e-02
3.096070e-02
2.488252e-02
2.818330e-02
3.768871e-02
3.580554e-02
3.568741e-02
3.541176e-02
2.867056e-02
3.572220e-02
4.047120e-02
4.186760e-02
4.165390e-02
3.544123e-02
3.602816e-02
3.809023e-02
4.364127e-02
4.316686e-02
4.056103e-02
4.057181e-02
4.369109e-02
4.526554e-02
4.619918e-02
4.628887e-02
4.443225e-02
4.328340e-02
4.324276e-02
4.323824e-02
4.549370e-02
4.723269e-02
4.711666e-02
4.545781e-02
4.653247e-02
4.846620e-02
4.863430e-02
4.847835e-02
4.833990e-02
4.667098e-02
4.777875e-02
4.885372e-02
4.923703e-02
4.914873e-02
4.966166e-02
5.001033e-02
5.038307e-02
5.067159e-02
5.075594e-02
5.193751e-02
5.482084e-02
5.726685e-02
5.727708e-02
5.865410e-02
