6.266485e-07
8.414757e-07
1.257293e-06
1.531041e-06
2.169822e-06
3.229097e-06
4.140620e-06
5.545963e-06
8.311812e-06
1.137936e-05
1.377539e-05
1.906838e-05
2.872758e-05
3.694966e-05
4.613850e-05
6.006941e-05
8.330435e-05
1.032135e-04
1.263193e-04
1.502927e-04
2.153087e-04
2.535453e-04
3.056613e-04
4.154547e-04
5.055493e-04
6.761385e-04
1.115210e-03
1.319149e-03
1.524264e-03
2.150805e-03
2.658371e-03
2.997816e-03
4.040811e-03
5.348942e-03
5.334150e-03
5.319359e-03
6.117615e-03
6.699360e-03
9.236632e-03
1.029391e-02
1.085265e-02
1.103115e-02
1.120083e-02
1.385213e-02
1.561507e-02
1.681644e-02
1.534272e-02
1.885944e-02
2.256968e-02
1.995421e-02
2.404685e-02
2.698892e-02
2.719115e-02
3.178407e-02
3.566848e-02
3.091757e-02
3.014195e-02
3.617062e-02
4.095882e-02
4.113117e-02
3.533322e-02
3.784597e-02
4.008543e-02
4.579944e-02
4.690113e-02
4.544719e-02
4.080774e-02
4.350387e-02
5.046601e-02
4.931344e-02
4.925867e-02
4.913085e-02
4.432871e-02
4.952563e-02
5.275540e-02
5.374103e-02
5.368632e-02
4.976611e-02
5.021024e-02
5.164869e-02
5.546065e-02
5.519888e-02
5.366574e-02
5.377874e-02
5.585733e-02
5.690141e-02
5.758212e-02
5.773466e-02
5.668838e-02
5.607304e-02
5.614306e-02
5.615084e-02
5.763881e-02
5.883574e-02
5.889354e-02
5.798939e-02
5.874347e-02
6.023138e-02
6.041644e-02
6.042784e-02
6.042291e-02
5.950009e-02
6.026273e-02
6.105778e-02
6.152406e-02
6.156423e-02
6.208626e-02
6.253715e-02
6.303559e-02
6.347708e-02
6.360442e-02
6.578669e-02
7.104611e-02
7.535059e-02
7.537302e-02
7.795488e-02
