2.748705e-09
4.436523e-09
8.498001e-09
1.208882e-08
2.046789e-08
3.866516e-08
5.731124e-08
9.077085e-08
1.696310e-07
2.754856e-07
3.649828e-07
5.996880e-07
1.104181e-06
1.596680e-06
2.188117e-06
3.195156e-06
5.033242e-06
6.723361e-06
8.797847e-06
1.103745e-05
1.741277e-05
2.128400e-05
2.661535e-05
3.811571e-05
4.750208e-05
6.551257e-05
1.112504e-04
1.328462e-04
1.539171e-04
2.217204e-04
2.776076e-04
3.162946e-04
4.426449e-04
6.184253e-04
6.170649e-04
6.157046e-04
7.371074e-04
8.243605e-04
1.305914e-03
1.530685e-03
1.657337e-03
1.697773e-03
1.736025e-03
2.468686e-03
3.041377e-03
3.469567e-03
2.925060e-03
4.307863e-03
6.043831e-03
4.706229e-03
6.809266e-03
8.576263e-03
8.683789e-03
1.213214e-02
1.546279e-02
1.122397e-02
1.057124e-02
1.574210e-02
2.076558e-02
2.086344e-02
1.472240e-02
1.710978e-02
1.941103e-02
2.628000e-02
2.764507e-02
2.556843e-02
1.985722e-02
2.294727e-02
3.214021e-02
3.028446e-02
3.016828e-02
2.989716e-02
2.340475e-02
3.020028e-02
3.492450e-02
3.634017e-02
3.612581e-02
2.993861e-02
3.052124e-02
3.255639e-02
3.815584e-02
3.767608e-02
3.503368e-02
3.503242e-02
3.818924e-02
3.981285e-02
4.076537e-02
4.085734e-02
3.895475e-02
3.778320e-02
3.773365e-02
3.772815e-02
4.003499e-02
4.184310e-02
4.171423e-02
4.000730e-02
4.111120e-02
4.310712e-02
4.327480e-02
4.310561e-02
4.296966e-02
4.124627e-02
4.238791e-02
4.350205e-02
4.390821e-02
4.381274e-02
4.436356e-02
4.469259e-02
4.508284e-02
4.537048e-02
4.545295e-02
4.665801e-02
4.955752e-02
5.198783e-02
5.199847e-02
5.338729e-02
