9.485727e-07
1.263841e-06
1.876999e-06
2.278776e-06
3.216313e-06
4.758484e-06
6.069571e-06
8.081144e-06
1.200039e-05
1.637293e-05
1.963213e-05
2.709230e-05
4.057130e-05
5.192085e-05
6.429872e-05
8.345477e-05
1.150179e-04
1.415159e-04
1.723090e-04
2.038873e-04
2.905264e-04
3.404154e-04
4.089461e-04
5.522740e-04
6.703281e-04
8.911435e-04
1.465586e-03
1.728198e-03
1.997241e-03
2.820092e-03
3.489189e-03
3.924604e-03
5.306598e-03
7.051223e-03
7.021606e-03
6.991989e-03
8.046792e-03
8.824784e-03
1.219784e-02
1.359606e-02
1.434025e-02
1.457595e-02
1.478354e-02
1.834103e-02
2.069994e-02
2.230313e-02
2.027383e-02
2.500194e-02
2.997788e-02
2.639725e-02
3.191083e-02
3.584133e-02
3.605721e-02
4.222764e-02
4.744662e-02
4.096369e-02
3.988974e-02
4.800705e-02
5.444732e-02
5.463069e-02
4.675117e-02
5.011579e-02
5.311060e-02
6.078113e-02
6.221328e-02
6.020204e-02
5.391472e-02
5.750536e-02
6.680583e-02
6.519757e-02
6.511403e-02
6.491911e-02
5.842363e-02
6.537839e-02
6.967233e-02
7.094291e-02
7.083283e-02
6.549764e-02
6.607250e-02
6.798809e-02
7.297618e-02
7.260912e-02
7.051206e-02
7.063548e-02
7.337120e-02
7.472212e-02
7.558967e-02
7.575330e-02
7.431957e-02
7.345624e-02
7.351897e-02
7.352593e-02
7.547000e-02
7.699436e-02
7.702769e-02
7.577549e-02
7.674325e-02
7.859084e-02
7.880649e-02
7.878600e-02
7.874158e-02
7.747782e-02
7.845624e-02
7.945227e-02
7.996818e-02
7.998557e-02
8.058049e-02
8.110161e-02
8.164604e-02
8.212898e-02
8.226963e-02
8.456528e-02
9.002489e-02
9.438824e-02
9.440929e-02
9.690095e-02
