4.722685e-06
5.954303e-06
8.172394e-06
9.500501e-06
1.259960e-05
1.729481e-05
2.110544e-05
2.671193e-05
3.712671e-05
4.804028e-05
5.627400e-05
7.378325e-05
1.044022e-04
1.296161e-04
1.570985e-04
1.983932e-04
2.659623e-04
3.227413e-04
3.882791e-04
4.553895e-04
6.357495e-04
7.388977e-04
8.784980e-04
1.160084e-03
1.385570e-03
1.790898e-03
2.757033e-03
3.173000e-03
3.579450e-03
4.738552e-03
5.614223e-03
6.179316e-03
7.802232e-03
9.682149e-03
9.664583e-03
9.647016e-03
1.073410e-02
1.150669e-02
1.464957e-02
1.590585e-02
1.655188e-02
1.675893e-02
1.696111e-02
1.985918e-02
2.170365e-02
2.293642e-02
2.146256e-02
2.497217e-02
2.852460e-02
2.610042e-02
2.992700e-02
3.259639e-02
3.279905e-02
3.675562e-02
4.001312e-02
3.611511e-02
3.548122e-02
4.051024e-02
4.434803e-02
4.451987e-02
3.993116e-02
4.199022e-02
4.380025e-02
4.824464e-02
4.911667e-02
4.805686e-02
4.450523e-02
4.663289e-02
5.195904e-02
5.115071e-02
5.112101e-02
5.105171e-02
4.745239e-02
5.142798e-02
5.384851e-02
5.460467e-02
5.459781e-02
5.178868e-02
5.214009e-02
5.322699e-02
5.610589e-02
5.592650e-02
5.486769e-02
5.500687e-02
5.656432e-02
5.733898e-02
5.788313e-02
5.803484e-02
5.731659e-02
5.691487e-02
5.701284e-02
5.702372e-02
5.813680e-02
5.904133e-02
5.914429e-02
5.853949e-02
5.912338e-02
6.032950e-02
6.050340e-02
6.056155e-02
6.058437e-02
5.995794e-02
6.054450e-02
6.117568e-02
6.160173e-02
6.167209e-02
6.211874e-02
6.257128e-02
6.303957e-02
6.347708e-02
6.360442e-02
6.578669e-02
7.104611e-02
7.535059e-02
7.537302e-02
7.795488e-02
