1.540264e-14
3.886306e-14
1.337217e-13
3.083646e-13
7.158883e-13
2.402790e-12
5.057563e-12
1.211030e-11
3.874570e-11
9.489259e-11
1.563437e-10
3.935705e-10
1.197510e-09
2.332615e-09
4.035278e-09
7.986483e-09
1.770814e-08
2.902238e-08
4.601023e-08
6.746105e-08
1.460242e-07
2.027015e-07
2.945738e-07
5.223917e-07
7.432201e-07
1.224619e-06
2.730222e-06
3.531827e-06
4.380737e-06
7.248238e-06
9.798771e-06
1.164022e-05
1.771138e-05
2.618192e-05
2.618052e-05
2.617912e-05
3.206519e-05
3.607292e-05
5.853512e-05
6.874149e-05
7.410047e-05
7.584986e-05
7.781405e-05
1.088623e-04
1.326893e-04
1.501636e-04
1.291925e-04
1.862267e-04
2.598974e-04
2.040837e-04
2.943516e-04
3.725421e-04
3.836665e-04
5.787183e-04
7.993195e-04
5.187675e-04
4.766896e-04
8.184165e-04
1.324579e-03
1.336055e-03
7.375227e-04
9.235604e-04
1.138412e-03
2.205952e-03
2.524235e-03
2.057357e-03
1.181400e-03
1.609287e-03
3.824471e-03
3.179832e-03
3.134568e-03
3.028945e-03
1.607526e-03
3.072194e-03
4.881961e-03
5.591965e-03
5.446244e-03
2.941155e-03
3.135805e-03
3.784089e-03
6.429264e-03
6.113301e-03
4.672326e-03
4.612901e-03
6.252118e-03
7.317352e-03
7.955432e-03
7.970671e-03
6.579275e-03
5.830769e-03
5.743012e-03
5.733264e-03
7.167536e-03
8.461560e-03
8.265623e-03
6.962136e-03
7.688284e-03
9.112777e-03
9.200248e-03
8.974246e-03
8.820113e-03
7.423570e-03
8.237078e-03
9.070145e-03
9.291548e-03
9.143399e-03
9.509040e-03
9.614674e-03
9.796473e-03
9.870810e-03
9.890409e-03
1.001041e-02
1.030633e-02
1.060181e-02
1.060114e-02
1.069239e-02
