3.327313e-12
6.719726e-12
1.726872e-11
3.068024e-11
6.197558e-11
1.559311e-10
2.754341e-10
5.357587e-10
1.309785e-09
2.609370e-09
3.864229e-09
7.829494e-09
1.845435e-08
3.089640e-08
4.756208e-08
8.046454e-08
1.495981e-07
2.209148e-07
3.171231e-07
4.291127e-07
7.852415e-07
1.019621e-06
1.366710e-06
2.158147e-06
2.854010e-06
4.261259e-06
8.099443e-06
9.995345e-06
1.188196e-05
1.793683e-05
2.293405e-05
2.650345e-05
3.743389e-05
5.169807e-05
5.181232e-05
5.192656e-05
6.167231e-05
6.787232e-05
1.026838e-04
1.180101e-04
1.257963e-04
1.283630e-04
1.314423e-04
1.759338e-04
2.093762e-04
2.337642e-04
2.051750e-04
2.836570e-04
3.837328e-04
3.086649e-04
4.303542e-04
5.346979e-04
5.494418e-04
8.051323e-04
1.090443e-03
7.276496e-04
6.728781e-04
1.114841e-03
1.732039e-03
1.745223e-03
1.011971e-03
1.248610e-03
1.515104e-03
2.701091e-03
3.020345e-03
2.546485e-03
1.566901e-03
2.054176e-03
4.229720e-03
3.655256e-03
3.614515e-03
3.519445e-03
2.068838e-03
3.567024e-03
5.129287e-03
5.689029e-03
5.579843e-03
3.448129e-03
3.622044e-03
4.214989e-03
6.341583e-03
6.109439e-03
4.988706e-03
4.948545e-03
6.237604e-03
7.011049e-03
7.467153e-03
7.483244e-03
6.494613e-03
5.937006e-03
5.876912e-03
5.870237e-03
6.937057e-03
7.843120e-03
7.719952e-03
6.806997e-03
7.329427e-03
8.326142e-03
8.393319e-03
8.250730e-03
8.147205e-03
7.180141e-03
7.756751e-03
8.332592e-03
8.489572e-03
8.397467e-03
8.640205e-03
8.743359e-03
8.877222e-03
8.947687e-03
8.967752e-03
9.128226e-03
9.524924e-03
9.906895e-03
9.907017e-03
1.006987e-02
