1.981945e-16
5.582306e-16
2.191426e-15
5.760146e-15
1.408764e-14
5.385072e-14
1.229206e-13
3.250537e-13
1.184373e-12
3.171128e-12
5.552081e-12
1.538715e-11
5.270066e-11
1.102267e-10
2.031458e-10
4.312110e-10
1.040295e-09
1.800580e-09
2.998439e-09
4.582879e-09
1.072253e-08
1.542128e-08
2.327922e-08
4.383721e-08
6.451080e-08
1.119463e-07
2.688950e-07
3.571693e-07
4.513835e-07
7.797726e-07
1.081026e-06
1.306391e-06
2.051337e-06
3.114441e-06
3.118128e-06
3.121816e-06
3.874719e-06
4.392140e-06
7.315144e-06
8.659258e-06
9.366402e-06
9.598383e-06
9.867841e-06
1.391687e-05
1.701657e-05
1.925931e-05
1.661362e-05
2.384720e-05
3.297604e-05
2.623183e-05
3.719006e-05
4.633296e-05
4.775505e-05
6.878233e-05
9.082376e-05
6.306253e-05
5.852165e-05
9.323984e-05
1.384791e-04
1.401638e-04
8.612667e-05
1.037911e-04
1.228126e-04
2.119314e-04
2.401355e-04
2.028287e-04
1.281885e-04
1.649034e-04
3.528798e-04
2.995872e-04
2.951085e-04
2.846576e-04
1.658335e-04
2.868938e-04
4.536609e-04
5.288005e-04
5.140837e-04
2.792459e-04
2.959174e-04
3.511020e-04
6.238350e-04
5.880158e-04
4.376869e-04
4.275026e-04
5.993010e-04
7.299666e-04
8.105850e-04
8.123563e-04
6.389834e-04
5.562535e-04
5.424969e-04
5.409688e-04
7.096293e-04
8.785215e-04
8.480086e-04
6.849975e-04
7.716314e-04
9.682795e-04
9.812862e-04
9.453542e-04
9.242448e-04
7.362333e-04
8.414116e-04
9.571635e-04
9.918232e-04
9.691019e-04
1.019322e-03
1.034882e-03
1.063157e-03
1.073508e-03
1.076156e-03
1.084876e-03
1.108836e-03
1.142391e-03
1.142179e-03
1.149709e-03
