0.000000e+00
2.537288e-69
7.284287e-63
2.464290e-61
-1.539574e-57
6.407849e-52
-7.668483e-46
2.850577e-40
5.290900e-35
-1.098242e-28
-8.742265e-23
4.016158e-05
9.784681e-05
1.664943e-04
2.558967e-04
4.389002e-04
8.140873e-04
1.187726e-03
1.689933e-03
2.257709e-03
4.029624e-03
5.134316e-03
6.763664e-03
1.018939e-02
1.314286e-02
1.863574e-02
3.241308e-02
3.847282e-02
4.449128e-02
6.160928e-02
7.465256e-02
8.307513e-02
1.071818e-01
1.349430e-01
1.346445e-01
1.343460e-01
1.502422e-01
1.616451e-01
2.069553e-01
2.248908e-01
2.341010e-01
2.370461e-01
2.398695e-01
2.806787e-01
3.064349e-01
3.233973e-01
3.027054e-01
3.510088e-01
3.993972e-01
3.660943e-01
4.177352e-01
4.530929e-01
4.555725e-01
5.075054e-01
5.496929e-01
4.981488e-01
4.896132e-01
5.551535e-01
6.043035e-01
6.059233e-01
5.461591e-01
5.725076e-01
5.953775e-01
6.517901e-01
6.622296e-01
6.480962e-01
6.024558e-01
6.291073e-01
6.955322e-01
6.844635e-01
6.839230e-01
6.826621e-01
6.367720e-01
6.860023e-01
7.157793e-01
7.247565e-01
7.241080e-01
6.875521e-01
6.915492e-01
7.047485e-01
7.393683e-01
7.370880e-01
7.226924e-01
7.231669e-01
7.415290e-01
7.510650e-01
7.565767e-01
7.576864e-01
7.483537e-01
7.426232e-01
7.428038e-01
7.428238e-01
7.557171e-01
7.664946e-01
7.664364e-01
7.582137e-01
7.645931e-01
7.764720e-01
7.776047e-01
7.772474e-01
7.772533e-01
7.691830e-01
7.754345e-01
7.818753e-01
7.854756e-01
7.854614e-01
7.899938e-01
7.919957e-01
7.954489e-01
7.980084e-01
7.986920e-01
8.119080e-01
8.395190e-01
8.580088e-01
8.581098e-01
8.682542e-01
