1.390118e-03
1.801833e-03
2.580510e-03
3.050232e-03
4.146311e-03
5.836241e-03
7.208373e-03
9.162447e-03
1.262646e-02
1.634731e-02
1.878365e-02
2.423089e-02
3.280006e-02
3.933496e-02
4.558504e-02
5.481262e-02
6.768261e-02
7.707935e-02
8.703008e-02
9.619319e-02
1.172733e-01
1.275609e-01
1.401736e-01
1.613717e-01
1.762169e-01
1.988990e-01
2.409956e-01
2.560505e-01
2.693338e-01
3.017638e-01
3.226780e-01
3.356162e-01
3.666977e-01
3.972725e-01
3.972603e-01
3.972479e-01
4.133187e-01
4.242916e-01
4.627134e-01
4.770992e-01
4.841582e-01
4.864589e-01
4.890135e-01
5.167017e-01
5.331366e-01
5.437794e-01
5.323013e-01
5.606064e-01
5.873822e-01
5.709180e-01
5.980494e-01
6.163901e-01
6.184191e-01
6.426137e-01
6.615680e-01
6.404363e-01
6.373789e-01
6.660383e-01
6.863738e-01
6.877860e-01
6.646178e-01
6.760981e-01
6.859287e-01
7.081240e-01
7.127342e-01
7.083119e-01
6.916701e-01
7.026747e-01
7.284593e-01
7.253128e-01
7.253407e-01
7.254057e-01
7.092293e-01
7.281207e-01
7.393609e-01
7.432443e-01
7.436159e-01
7.321021e-01
7.339480e-01
7.390113e-01
7.529466e-01
7.524195e-01
7.482682e-01
7.492365e-01
7.563052e-01
7.601363e-01
7.627813e-01
7.638594e-01
7.613669e-01
7.601175e-01
7.608524e-01
7.609340e-01
7.659466e-01
7.706743e-01
7.715272e-01
7.694479e-01
7.723049e-01
7.784378e-01
7.793374e-01
7.799136e-01
7.804933e-01
7.783797e-01
7.810663e-01
7.842099e-01
7.869995e-01
7.875893e-01
7.906118e-01
7.926565e-01
7.955271e-01
7.980084e-01
7.986920e-01
8.119080e-01
8.395190e-01
8.580088e-01
8.581098e-01
8.682542e-01
