3.148465e-08
4.194201e-08
6.198460e-08
7.488180e-08
1.049770e-07
1.539571e-07
1.954625e-07
2.580233e-07
3.785412e-07
5.087405e-07
6.096103e-07
8.226393e-07
1.195422e-06
1.500594e-06
1.835477e-06
2.309364e-06
3.059572e-06
3.679951e-06
4.353621e-06
5.028288e-06
6.651027e-06
7.555584e-06
8.664935e-06
1.085214e-05
1.241579e-05
1.518272e-05
2.091422e-05
2.337141e-05
2.548686e-05
3.167195e-05
3.601909e-05
3.907245e-05
4.700847e-05
5.597002e-05
5.620916e-05
5.644830e-05
6.230060e-05
6.542852e-05
8.329888e-05
9.044438e-05
9.377307e-05
9.489145e-05
9.639747e-05
1.144970e-04
1.270412e-04
1.357976e-04
1.260095e-04
1.526253e-04
1.836447e-04
1.613504e-04
1.971244e-04
2.242816e-04
2.281670e-04
2.841625e-04
3.377070e-04
2.699470e-04
2.577333e-04
3.424033e-04
4.305031e-04
4.328821e-04
3.259083e-04
3.648696e-04
4.032389e-04
5.346460e-04
5.645791e-04
5.226590e-04
4.120244e-04
4.693526e-04
6.590761e-04
6.198521e-04
6.165476e-04
6.088367e-04
4.750173e-04
6.133424e-04
7.216613e-04
7.556051e-04
7.499580e-04
6.067118e-04
6.190650e-04
6.630841e-04
7.953800e-04
7.824247e-04
7.184487e-04
7.169285e-04
7.951122e-04
8.358414e-04
8.613085e-04
8.628886e-04
8.109326e-04
7.810086e-04
7.782135e-04
7.779030e-04
8.382899e-04
8.819022e-04
8.776179e-04
8.326489e-04
8.593150e-04
9.128937e-04
9.185774e-04
9.130848e-04
9.068525e-04
8.574131e-04
8.878060e-04
9.169588e-04
9.244229e-04
9.211692e-04
9.275224e-04
9.427516e-04
9.499531e-04
9.575204e-04
9.601389e-04
9.735755e-04
1.007814e-03
1.047572e-03
1.047435e-03
1.059912e-03
