2.128596e-06
3.392922e-06
6.321389e-06
8.780275e-06
1.451801e-05
2.640750e-05
3.827814e-05
5.876863e-05
1.048353e-04
1.631035e-04
2.124169e-04
3.304664e-04
5.651655e-04
7.807776e-04
1.029072e-03
1.417834e-03
2.070155e-03
2.633469e-03
3.278142e-03
3.938292e-03
5.602673e-03
6.541152e-03
7.738011e-03
1.003466e-02
1.173642e-02
1.466412e-02
2.069127e-02
2.314591e-02
2.531637e-02
3.113608e-02
3.511614e-02
3.775344e-02
4.428955e-02
5.113509e-02
5.119765e-02
5.126021e-02
5.512904e-02
5.757023e-02
6.764805e-02
7.142323e-02
7.323149e-02
7.382257e-02
7.449254e-02
8.234337e-02
8.714088e-02
9.020783e-02
8.669198e-02
9.521116e-02
1.034801e-01
9.798092e-02
1.065593e-01
1.121721e-01
1.126943e-01
1.207999e-01
1.271857e-01
1.193944e-01
1.179688e-01
1.279193e-01
1.351611e-01
1.354105e-01
1.265427e-01
1.303564e-01
1.336061e-01
1.417672e-01
1.432708e-01
1.412300e-01
1.345400e-01
1.383150e-01
1.476071e-01
1.460664e-01
1.459513e-01
1.456827e-01
1.391162e-01
1.459361e-01
1.500283e-01
1.512146e-01
1.510712e-01
1.458892e-01
1.463744e-01
1.481194e-01
1.526661e-01
1.523226e-01
1.503089e-01
1.502217e-01
1.526517e-01
1.538814e-01
1.545440e-01
1.546015e-01
1.532475e-01
1.524130e-01
1.523299e-01
1.523207e-01
1.539896e-01
1.552283e-01
1.550941e-01
1.539563e-01
1.546643e-01
1.559725e-01
1.560699e-01
1.559170e-01
1.558304e-01
1.546865e-01
1.554504e-01
1.562046e-01
1.565385e-01
1.565045e-01
1.568897e-01
1.571235e-01
1.574434e-01
1.576667e-01
1.577276e-01
1.586906e-01
1.607022e-01
1.611385e-01
1.611381e-01
1.612241e-01
