1.639138e-03
1.977670e-03
2.549711e-03
2.855002e-03
3.567390e-03
4.543216e-03
5.282324e-03
6.274116e-03
7.927762e-03
9.505483e-03
1.060017e-02
1.266728e-02
1.573912e-02
1.794207e-02
2.008626e-02
2.286484e-02
2.665479e-02
2.940575e-02
3.215067e-02
3.465286e-02
3.996558e-02
4.258101e-02
4.557494e-02
5.064595e-02
5.397505e-02
5.909462e-02
6.798838e-02
7.118969e-02
7.383729e-02
8.034442e-02
8.438462e-02
8.696602e-02
9.279832e-02
9.838459e-02
9.845448e-02
9.852435e-02
1.014974e-01
1.033251e-01
1.103273e-01
1.128449e-01
1.140155e-01
1.144007e-01
1.148567e-01
1.196340e-01
1.224164e-01
1.241784e-01
1.222561e-01
1.269723e-01
1.313606e-01
1.285640e-01
1.329965e-01
1.358263e-01
1.361103e-01
1.399651e-01
1.429309e-01
1.394276e-01
1.387931e-01
1.433536e-01
1.465548e-01
1.467012e-01
1.428593e-01
1.445749e-01
1.460277e-01
1.495021e-01
1.501629e-01
1.493543e-01
1.465615e-01
1.481957e-01
1.520771e-01
1.515010e-01
1.514638e-01
1.513768e-01
1.486987e-01
1.515479e-01
1.532177e-01
1.537146e-01
1.536801e-01
1.516778e-01
1.518914e-01
1.526102e-01
1.544610e-01
1.543301e-01
1.535891e-01
1.536072e-01
1.545977e-01
1.550772e-01
1.553799e-01
1.554278e-01
1.549223e-01
1.546256e-01
1.546318e-01
1.546325e-01
1.553074e-01
1.557845e-01
1.557764e-01
1.553620e-01
1.556531e-01
1.562370e-01
1.563055e-01
1.562796e-01
1.562480e-01
1.558182e-01
1.561547e-01
1.565130e-01
1.567334e-01
1.567665e-01
1.569836e-01
1.572205e-01
1.574548e-01
1.576667e-01
1.577276e-01
1.586906e-01
1.607022e-01
1.611385e-01
1.611381e-01
1.612241e-01
