0.000000e+00
8.755313e-42
-6.359424e-36
-3.569741e-34
1.268957e-29
-6.090763e-25
1.912210e-06
3.439751e-06
7.572452e-06
1.376869e-05
1.968351e-05
3.597288e-05
7.478567e-05
1.160654e-04
1.688095e-04
2.613759e-04
4.376515e-04
6.068433e-04
8.173938e-04
1.048818e-03
1.695843e-03
2.092710e-03
2.632661e-03
3.750534e-03
4.641779e-03
6.286536e-03
1.004218e-02
1.169366e-02
1.321017e-02
1.749606e-02
2.060699e-02
2.272849e-02
2.824769e-02
3.435210e-02
3.440271e-02
3.445333e-02
3.803531e-02
4.034049e-02
5.024910e-02
5.407539e-02
5.593975e-02
5.654906e-02
5.723879e-02
6.559982e-02
7.084826e-02
7.425001e-02
7.031407e-02
7.990731e-02
8.946560e-02
8.302344e-02
9.307535e-02
9.979164e-02
1.004169e-01
1.104016e-01
1.183979e-01
1.085805e-01
1.067984e-01
1.192827e-01
1.286012e-01
1.289043e-01
1.174643e-01
1.223236e-01
1.265014e-01
1.371881e-01
1.391710e-01
1.364348e-01
1.276340e-01
1.325593e-01
1.448988e-01
1.427986e-01
1.426388e-01
1.422658e-01
1.335153e-01
1.425616e-01
1.480767e-01
1.496832e-01
1.494713e-01
1.424180e-01
1.430623e-01
1.454048e-01
1.515611e-01
1.510893e-01
1.483082e-01
1.481590e-01
1.514541e-01
1.531419e-01
1.540217e-01
1.540890e-01
1.522119e-01
1.510518e-01
1.509136e-01
1.508982e-01
1.531749e-01
1.548820e-01
1.546678e-01
1.530875e-01
1.540501e-01
1.558066e-01
1.559236e-01
1.556914e-01
1.555691e-01
1.539828e-01
1.550156e-01
1.560126e-01
1.564179e-01
1.563404e-01
1.568298e-01
1.570643e-01
1.574359e-01
1.576667e-01
1.577276e-01
1.586906e-01
1.607022e-01
1.611385e-01
1.611381e-01
1.612241e-01
