0.000000e+00
-9.648220e-76
9.225473e-71
3.238311e-68
-5.931762e-64
-2.593442e-58
-8.768378e-53
-4.630298e-47
2.335124e-41
1.910178e-35
1.152476e-30
-3.822479e-24
3.248719e-06
6.067597e-06
1.017962e-05
1.914314e-05
3.989516e-05
6.285072e-05
9.576484e-05
1.356272e-04
2.706007e-04
3.629242e-04
5.043541e-04
8.315119e-04
1.127441e-03
1.726081e-03
3.368402e-03
4.158740e-03
4.948468e-03
7.377088e-03
9.321146e-03
1.062968e-02
1.452708e-02
1.925780e-02
1.922673e-02
1.919566e-02
2.206849e-02
2.405780e-02
3.277655e-02
3.628961e-02
3.808482e-02
3.866122e-02
3.923251e-02
4.768848e-02
5.316756e-02
5.682195e-02
5.231817e-02
6.291702e-02
7.383010e-02
6.608284e-02
7.791816e-02
8.600145e-02
8.656381e-02
9.914256e-02
1.094902e-01
9.643409e-02
9.410428e-02
1.103454e-01
1.228936e-01
1.231339e-01
1.075500e-01
1.140202e-01
1.196638e-01
1.344164e-01
1.370327e-01
1.330224e-01
1.207619e-01
1.274982e-01
1.448275e-01
1.416278e-01
1.413941e-01
1.408487e-01
1.284238e-01
1.412195e-01
1.490842e-01
1.512940e-01
1.509088e-01
1.405468e-01
1.414645e-01
1.448707e-01
1.536233e-01
1.529032e-01
1.487435e-01
1.485592e-01
1.532910e-01
1.556865e-01
1.569270e-01
1.569719e-01
1.541663e-01
1.523893e-01
1.521702e-01
1.521458e-01
1.554322e-01
1.579046e-01
1.575578e-01
1.551224e-01
1.565364e-01
1.589756e-01
1.591085e-01
1.587433e-01
1.585213e-01
1.561168e-01
1.576024e-01
1.590164e-01
1.594812e-01
1.592987e-01
1.599500e-01
1.601478e-01
1.605342e-01
1.607339e-01
1.607836e-01
1.615166e-01
1.630585e-01
1.631639e-01
1.631617e-01
1.630681e-01
