0.000000e+00
1.372353e-53
-4.357676e-47
-1.770781e-45
5.650035e-42
-9.450975e-36
6.514265e-30
8.829184e-25
1.588459e-06
3.329748e-06
4.954250e-06
1.006947e-05
2.364038e-05
3.936100e-05
6.008529e-05
1.005693e-04
1.831250e-04
2.654707e-04
3.744372e-04
4.975700e-04
8.741521e-04
1.111053e-03
1.452217e-03
2.183415e-03
2.799974e-03
3.962117e-03
6.840581e-03
8.124190e-03
9.365520e-03
1.298050e-02
1.570974e-02
1.749112e-02
2.256610e-02
2.840083e-02
2.836536e-02
2.832989e-02
3.174659e-02
3.406176e-02
4.382686e-02
4.764064e-02
4.955628e-02
5.017127e-02
5.078019e-02
5.954320e-02
6.506897e-02
6.869935e-02
6.423428e-02
7.463395e-02
8.507295e-02
7.772861e-02
8.890921e-02
9.636782e-02
9.687558e-02
1.081934e-01
1.173509e-01
1.058207e-01
1.037402e-01
1.181094e-01
1.289440e-01
1.291554e-01
1.156882e-01
1.213287e-01
1.262034e-01
1.387088e-01
1.409100e-01
1.375664e-01
1.271648e-01
1.329033e-01
1.474250e-01
1.447845e-01
1.445917e-01
1.441417e-01
1.337228e-01
1.444622e-01
1.509605e-01
1.527746e-01
1.524643e-01
1.439535e-01
1.447139e-01
1.475194e-01
1.547055e-01
1.541184e-01
1.507239e-01
1.505831e-01
1.544632e-01
1.564123e-01
1.574268e-01
1.574687e-01
1.551927e-01
1.537485e-01
1.535745e-01
1.535551e-01
1.562379e-01
1.582375e-01
1.579668e-01
1.559953e-01
1.571440e-01
1.591344e-01
1.592467e-01
1.589608e-01
1.587769e-01
1.568263e-01
1.580433e-01
1.592025e-01
1.595988e-01
1.594645e-01
1.600031e-01
1.602029e-01
1.605407e-01
1.607339e-01
1.607836e-01
1.615166e-01
1.630585e-01
1.631639e-01
1.631617e-01
1.630681e-01
