3.522681e-06
5.478962e-06
9.947931e-06
1.359354e-05
2.210046e-05
3.918148e-05
5.579595e-05
8.399158e-05
1.453983e-04
2.228325e-04
2.837489e-04
4.355507e-04
7.296529e-04
9.932520e-04
1.283763e-03
1.752415e-03
2.517694e-03
3.152830e-03
3.882487e-03
4.612025e-03
6.481588e-03
7.495430e-03
8.804785e-03
1.126112e-02
1.308994e-02
1.613740e-02
2.245696e-02
2.491492e-02
2.715357e-02
3.309878e-02
3.714399e-02
3.964632e-02
4.624041e-02
5.312753e-02
5.309273e-02
5.305792e-02
5.683644e-02
5.931270e-02
6.904332e-02
7.264631e-02
7.440370e-02
7.496772e-02
7.552481e-02
8.314605e-02
8.772712e-02
9.066360e-02
8.707730e-02
9.529416e-02
1.031743e-01
9.772950e-02
1.059816e-01
1.112783e-01
1.116255e-01
1.192850e-01
1.253067e-01
1.177715e-01
1.163862e-01
1.258208e-01
1.326340e-01
1.327779e-01
1.243090e-01
1.279186e-01
1.309879e-01
1.386075e-01
1.399308e-01
1.379475e-01
1.316279e-01
1.351468e-01
1.437916e-01
1.422709e-01
1.421623e-01
1.419087e-01
1.357111e-01
1.421227e-01
1.458923e-01
1.469327e-01
1.467657e-01
1.418707e-01
1.423193e-01
1.439607e-01
1.480833e-01
1.477491e-01
1.458411e-01
1.457865e-01
1.480099e-01
1.491005e-01
1.496932e-01
1.497232e-01
1.484481e-01
1.476413e-01
1.475619e-01
1.475531e-01
1.490733e-01
1.501798e-01
1.500479e-01
1.489462e-01
1.495981e-01
1.507354e-01
1.508104e-01
1.506674e-01
1.505577e-01
1.494669e-01
1.501678e-01
1.508473e-01
1.511107e-01
1.510587e-01
1.513803e-01
1.515769e-01
1.518174e-01
1.519908e-01
1.520382e-01
1.527305e-01
1.541893e-01
1.542929e-01
1.542908e-01
1.542022e-01
