0.000000e+00
1.082274e-82
-4.606856e-76
6.839845e-75
-2.715289e-70
-7.054910e-65
7.973238e-59
6.086886e-54
-3.001515e-48
6.855152e-42
1.057945e-36
2.773339e-32
-1.846616e-24
7.320354e-07
1.375183e-06
2.898202e-06
6.952825e-06
1.206717e-05
1.998219e-05
3.043706e-05
6.892611e-05
9.825920e-05
1.455094e-04
2.651954e-04
3.804064e-04
6.364594e-04
1.405918e-03
1.818341e-03
2.235108e-03
3.585957e-03
4.732598e-03
5.576303e-03
8.062563e-03
1.123825e-02
1.125629e-02
1.127433e-02
1.332351e-02
1.472643e-02
2.136425e-02
2.415047e-02
2.557378e-02
2.603840e-02
2.655997e-02
3.346031e-02
3.811002e-02
4.124199e-02
3.756410e-02
4.672581e-02
5.647513e-02
4.970693e-02
6.033261e-02
6.785858e-02
6.856186e-02
8.055765e-02
9.059340e-02
7.815697e-02
7.596919e-02
9.165464e-02
1.041433e-01
1.045155e-01
8.919692e-02
9.553943e-02
1.011344e-01
1.161092e-01
1.189552e-01
1.149469e-01
1.025600e-01
1.093995e-01
1.273023e-01
1.241014e-01
1.238552e-01
1.232807e-01
1.105662e-01
1.236564e-01
1.319543e-01
1.343970e-01
1.340430e-01
1.232928e-01
1.242485e-01
1.277428e-01
1.371198e-01
1.363772e-01
1.320186e-01
1.317454e-01
1.368086e-01
1.394433e-01
1.407911e-01
1.408614e-01
1.378879e-01
1.360356e-01
1.357928e-01
1.357659e-01
1.393006e-01
1.419986e-01
1.416119e-01
1.390852e-01
1.405827e-01
1.432843e-01
1.434416e-01
1.430405e-01
1.428369e-01
1.403075e-01
1.418965e-01
1.434104e-01
1.439531e-01
1.437764e-01
1.444881e-01
1.447027e-01
1.451734e-01
1.454044e-01
1.454612e-01
1.463478e-01
1.482025e-01
1.486102e-01
1.486097e-01
1.486889e-01
