4.279575e-05
5.998604e-05
9.444251e-05
1.179307e-04
1.727397e-04
2.667506e-04
3.494119e-04
4.764897e-04
7.252135e-04
1.001947e-03
1.214975e-03
1.674501e-03
2.472993e-03
3.126892e-03
3.823081e-03
4.824877e-03
6.351558e-03
7.566934e-03
8.873376e-03
1.014076e-02
1.309824e-02
1.466101e-02
1.656120e-02
2.000075e-02
2.241297e-02
2.634716e-02
3.384534e-02
3.672291e-02
3.919784e-02
4.557058e-02
4.973880e-02
5.243973e-02
5.889588e-02
6.538527e-02
6.544705e-02
6.550882e-02
6.906848e-02
7.129145e-02
8.015269e-02
8.339998e-02
8.493766e-02
8.544061e-02
8.601300e-02
9.251311e-02
9.640259e-02
9.886962e-02
9.606957e-02
1.028301e-01
1.092626e-01
1.050346e-01
1.116368e-01
1.158919e-01
1.162867e-01
1.222885e-01
1.269627e-01
1.213033e-01
1.202670e-01
1.275229e-01
1.327128e-01
1.328996e-01
1.265729e-01
1.293291e-01
1.316623e-01
1.374113e-01
1.384750e-01
1.370655e-01
1.323715e-01
1.350448e-01
1.415308e-01
1.404886e-01
1.404132e-01
1.402373e-01
1.356775e-01
1.404414e-01
1.432655e-01
1.440855e-01
1.439963e-01
1.404681e-01
1.408100e-01
1.420193e-01
1.451476e-01
1.449160e-01
1.435637e-01
1.435297e-01
1.451998e-01
1.460307e-01
1.465009e-01
1.465493e-01
1.456431e-01
1.450887e-01
1.450513e-01
1.450471e-01
1.461869e-01
1.470222e-01
1.469497e-01
1.461942e-01
1.466815e-01
1.475976e-01
1.476782e-01
1.475911e-01
1.475337e-01
1.467625e-01
1.472989e-01
1.478368e-01
1.481040e-01
1.480994e-01
1.483862e-01
1.486149e-01
1.488760e-01
1.490828e-01
1.491409e-01
1.500508e-01
1.519530e-01
1.523696e-01
1.523691e-01
1.524510e-01
