0.000000e+00
-7.746850e-71
-3.189917e-65
-7.192893e-63
1.403290e-58
1.168437e-53
7.291302e-48
-4.209501e-42
1.235004e-36
7.819276e-30
1.756143e-24
9.488120e-07
2.688804e-06
5.022258e-06
8.517351e-06
1.589023e-05
3.304743e-05
5.243793e-05
7.998304e-05
1.137678e-04
2.253970e-04
3.033128e-04
4.208694e-04
6.949818e-04
9.403164e-04
1.445255e-03
2.806114e-03
3.479189e-03
4.135903e-03
6.148050e-03
7.754151e-03
8.894630e-03
1.210743e-02
1.598327e-02
1.600487e-02
1.602647e-02
1.842772e-02
2.003892e-02
2.733978e-02
3.030287e-02
3.179199e-02
3.227736e-02
3.281649e-02
3.980103e-02
4.438571e-02
4.742103e-02
4.385621e-02
5.261394e-02
6.168284e-02
5.543734e-02
6.518960e-02
7.193711e-02
7.255351e-02
8.300543e-02
9.159838e-02
8.096713e-02
7.907862e-02
9.250268e-02
1.029246e-01
1.032316e-01
9.043683e-02
9.583084e-02
1.004599e-01
1.127216e-01
1.150257e-01
1.117947e-01
1.016491e-01
1.072748e-01
1.217358e-01
1.191831e-01
1.189886e-01
1.185348e-01
1.082642e-01
1.188552e-01
1.254584e-01
1.273834e-01
1.271110e-01
1.185815e-01
1.193460e-01
1.221390e-01
1.295587e-01
1.289771e-01
1.255529e-01
1.253507e-01
1.293525e-01
1.314066e-01
1.324695e-01
1.325345e-01
1.302097e-01
1.287621e-01
1.285816e-01
1.285615e-01
1.313521e-01
1.334359e-01
1.329683e-01
1.311809e-01
1.323601e-01
1.344798e-01
1.346070e-01
1.343081e-01
1.341465e-01
1.321765e-01
1.334264e-01
1.346220e-01
1.350608e-01
1.349359e-01
1.355014e-01
1.357065e-01
1.360972e-01
1.363092e-01
1.363624e-01
1.371912e-01
1.389273e-01
1.393099e-01
1.393092e-01
1.393841e-01
