0.000000e+00
3.694711e-07
8.162771e-07
1.224840e-06
2.178209e-06
4.432195e-06
6.862339e-06
1.135115e-05
2.222160e-05
3.801332e-05
5.047796e-05
8.674651e-05
1.653724e-04
2.434275e-04
3.315671e-04
4.935931e-04
7.777630e-04
1.025799e-03
1.331545e-03
1.649170e-03
2.549175e-03
3.052466e-03
3.757443e-03
5.111118e-03
6.209269e-03
8.080893e-03
1.238899e-02
1.409968e-02
1.579941e-02
2.036581e-02
2.367324e-02
2.565471e-02
3.138293e-02
3.771515e-02
3.758390e-02
3.745264e-02
4.087789e-02
4.336107e-02
5.272318e-02
5.628699e-02
5.811674e-02
5.869017e-02
5.914595e-02
6.717012e-02
7.208171e-02
7.523959e-02
7.106740e-02
8.016427e-02
8.900150e-02
8.260654e-02
9.206247e-02
9.826188e-02
9.843481e-02
1.075003e-01
1.147812e-01
1.054686e-01
1.038323e-01
1.152065e-01
1.235619e-01
1.236528e-01
1.131226e-01
1.175507e-01
1.213573e-01
1.307890e-01
1.323406e-01
1.297594e-01
1.218573e-01
1.261984e-01
1.370277e-01
1.349786e-01
1.348433e-01
1.345275e-01
1.266828e-01
1.347616e-01
1.395001e-01
1.407684e-01
1.405173e-01
1.341992e-01
1.347635e-01
1.368704e-01
1.420233e-01
1.415791e-01
1.390781e-01
1.390312e-01
1.418378e-01
1.431843e-01
1.439176e-01
1.439299e-01
1.422695e-01
1.411781e-01
1.410948e-01
1.410855e-01
1.429917e-01
1.443817e-01
1.442046e-01
1.427205e-01
1.435734e-01
1.449519e-01
1.450260e-01
1.448297e-01
1.446683e-01
1.432396e-01
1.441269e-01
1.449617e-01
1.452081e-01
1.451094e-01
1.454890e-01
1.456502e-01
1.458669e-01
1.460027e-01
1.460399e-01
1.465349e-01
1.475798e-01
1.474483e-01
1.474454e-01
1.472353e-01
