3.360459e-06
5.134006e-06
9.234913e-06
1.253532e-05
2.023672e-05
3.571740e-05
5.067368e-05
7.566493e-05
1.293916e-04
1.993362e-04
2.500948e-04
3.857790e-04
6.465241e-04
8.810723e-04
1.128182e-03
1.551461e-03
2.232415e-03
2.786081e-03
3.433096e-03
4.074363e-03
5.772841e-03
6.668382e-03
7.872155e-03
1.006587e-02
1.176250e-02
1.451691e-02
2.043214e-02
2.265406e-02
2.481315e-02
3.040090e-02
3.428262e-02
3.655761e-02
4.293424e-02
4.971202e-02
4.957598e-02
4.943994e-02
5.301191e-02
5.556586e-02
6.492135e-02
6.840668e-02
7.017389e-02
7.072759e-02
7.116649e-02
7.875057e-02
8.329877e-02
8.619396e-02
8.237668e-02
9.064010e-02
9.851214e-02
9.285419e-02
1.012028e-01
1.065797e-01
1.067258e-01
1.144417e-01
1.205613e-01
1.127461e-01
1.113618e-01
1.209212e-01
1.278161e-01
1.278945e-01
1.191978e-01
1.228785e-01
1.260205e-01
1.337015e-01
1.349589e-01
1.328804e-01
1.264415e-01
1.299855e-01
1.387225e-01
1.370889e-01
1.369815e-01
1.367310e-01
1.303992e-01
1.369232e-01
1.407090e-01
1.417117e-01
1.415160e-01
1.364820e-01
1.369351e-01
1.386227e-01
1.427141e-01
1.423622e-01
1.403859e-01
1.403547e-01
1.425885e-01
1.436441e-01
1.442284e-01
1.442423e-01
1.429270e-01
1.420697e-01
1.420054e-01
1.419983e-01
1.435074e-01
1.445930e-01
1.444557e-01
1.432880e-01
1.439589e-01
1.450469e-01
1.451104e-01
1.449605e-01
1.448256e-01
1.437003e-01
1.444054e-01
1.450735e-01
1.452805e-01
1.452141e-01
1.455201e-01
1.456812e-01
1.458707e-01
1.460027e-01
1.460399e-01
1.465349e-01
1.475798e-01
1.474483e-01
1.474454e-01
1.472353e-01
