0.000000e+00
1.187457e-25
5.059775e-07
7.796868e-07
1.418379e-06
2.977995e-06
4.715132e-06
8.030771e-06
1.643602e-05
2.835574e-05
3.919890e-05
6.783401e-05
1.318789e-04
1.965994e-04
2.760492e-04
4.107825e-04
6.558787e-04
8.819941e-04
1.155701e-03
1.448698e-03
2.241120e-03
2.711484e-03
3.339013e-03
4.600282e-03
5.582902e-03
7.344254e-03
1.123755e-02
1.289600e-02
1.440624e-02
1.858795e-02
2.156314e-02
2.355800e-02
2.869316e-02
3.427016e-02
3.430686e-02
3.434355e-02
3.755463e-02
3.963158e-02
4.833959e-02
5.166551e-02
5.328139e-02
5.380842e-02
5.439664e-02
6.155090e-02
6.599875e-02
6.887127e-02
6.553595e-02
7.359248e-02
8.153450e-02
7.617879e-02
8.450691e-02
9.002117e-02
9.051357e-02
9.862836e-02
1.050903e-01
9.715316e-02
9.572925e-02
1.057940e-01
1.132510e-01
1.134852e-01
1.043208e-01
1.082354e-01
1.115797e-01
1.200622e-01
1.216387e-01
1.194637e-01
1.124194e-01
1.163994e-01
1.261506e-01
1.244962e-01
1.243741e-01
1.240889e-01
1.171712e-01
1.243288e-01
1.286626e-01
1.299068e-01
1.297431e-01
1.242160e-01
1.247265e-01
1.265738e-01
1.313798e-01
1.310101e-01
1.288489e-01
1.287487e-01
1.313326e-01
1.326447e-01
1.333341e-01
1.333859e-01
1.319241e-01
1.310236e-01
1.309293e-01
1.309188e-01
1.326884e-01
1.340153e-01
1.338584e-01
1.326338e-01
1.333724e-01
1.347565e-01
1.348526e-01
1.346816e-01
1.345804e-01
1.333254e-01
1.341531e-01
1.349418e-01
1.352662e-01
1.352103e-01
1.355958e-01
1.358085e-01
1.361090e-01
1.363092e-01
1.363624e-01
1.371912e-01
1.389273e-01
1.393099e-01
1.393092e-01
1.393841e-01
