1.334777e-05
1.960416e-05
3.283542e-05
4.256867e-05
6.528090e-05
1.070401e-04
1.454991e-04
2.071591e-04
3.339960e-04
4.821127e-04
5.996902e-04
8.641061e-04
1.346476e-03
1.758072e-03
2.208119e-03
2.877894e-03
3.933766e-03
4.798095e-03
5.749519e-03
6.689891e-03
8.950383e-03
1.017105e-02
1.168353e-02
1.447544e-02
1.647600e-02
1.979606e-02
2.631131e-02
2.885956e-02
3.107960e-02
3.687521e-02
4.072891e-02
4.323712e-02
4.933491e-02
5.555784e-02
5.560994e-02
5.566204e-02
5.910572e-02
6.127163e-02
6.998616e-02
7.320293e-02
7.473626e-02
7.523708e-02
7.580160e-02
8.234105e-02
8.628269e-02
8.878727e-02
8.591867e-02
9.282649e-02
9.944468e-02
9.506659e-02
1.018874e-01
1.063078e-01
1.067073e-01
1.129934e-01
1.179090e-01
1.119311e-01
1.108356e-01
1.184803e-01
1.239805e-01
1.241708e-01
1.174482e-01
1.203606e-01
1.228323e-01
1.289618e-01
1.300882e-01
1.285698e-01
1.235581e-01
1.264017e-01
1.333371e-01
1.322006e-01
1.321185e-01
1.319271e-01
1.270390e-01
1.321327e-01
1.351612e-01
1.360394e-01
1.359389e-01
1.321269e-01
1.324913e-01
1.337899e-01
1.371444e-01
1.368922e-01
1.354240e-01
1.353789e-01
1.371779e-01
1.380709e-01
1.385673e-01
1.386195e-01
1.376303e-01
1.370274e-01
1.369770e-01
1.369714e-01
1.382009e-01
1.391018e-01
1.390158e-01
1.381907e-01
1.387146e-01
1.396898e-01
1.397704e-01
1.396702e-01
1.396047e-01
1.387696e-01
1.393436e-01
1.399087e-01
1.401743e-01
1.401618e-01
1.404558e-01
1.406741e-01
1.409363e-01
1.411342e-01
1.411901e-01
1.420490e-01
1.438469e-01
1.442452e-01
1.442449e-01
1.443221e-01
