0.000000e+00
2.362801e-60
-1.645600e-53
-9.735754e-52
1.598848e-47
8.774931e-42
-9.580279e-37
-5.392604e-33
-4.315637e-25
5.115408e-07
7.877836e-07
1.794125e-06
4.784851e-06
8.608403e-06
1.377150e-05
2.519225e-05
5.026280e-05
7.652751e-05
1.137039e-04
1.573232e-04
3.047580e-04
4.006213e-04
5.500051e-04
8.787398e-04
1.180088e-03
1.763193e-03
3.371168e-03
4.107204e-03
4.880960e-03
7.170174e-03
9.016118e-03
1.018873e-02
1.385220e-02
1.833607e-02
1.823772e-02
1.813937e-02
2.073247e-02
2.268446e-02
3.060717e-02
3.379770e-02
3.549111e-02
3.602206e-02
3.644608e-02
4.428663e-02
4.934501e-02
5.269169e-02
4.826611e-02
5.812043e-02
6.817971e-02
6.078517e-02
7.180192e-02
7.936516e-02
7.959165e-02
9.120593e-02
1.008424e-01
8.848151e-02
8.636867e-02
1.014045e-01
1.130022e-01
1.131191e-01
9.855645e-02
1.045866e-01
1.098665e-01
1.233839e-01
1.256582e-01
1.218622e-01
1.105434e-01
1.167217e-01
1.326262e-01
1.295383e-01
1.293351e-01
1.288610e-01
1.173643e-01
1.291944e-01
1.363469e-01
1.382865e-01
1.378969e-01
1.283294e-01
1.291777e-01
1.323345e-01
1.402008e-01
1.395185e-01
1.356626e-01
1.355696e-01
1.398694e-01
1.419681e-01
1.430895e-01
1.431103e-01
1.405275e-01
1.388437e-01
1.386946e-01
1.386781e-01
1.416292e-01
1.438298e-01
1.435325e-01
1.412196e-01
1.425524e-01
1.446950e-01
1.447970e-01
1.444831e-01
1.442449e-01
1.420211e-01
1.433811e-01
1.446553e-01
1.450039e-01
1.448276e-01
1.454087e-01
1.455674e-01
1.458581e-01
1.460027e-01
1.460399e-01
1.465349e-01
1.475798e-01
1.474483e-01
1.474454e-01
1.472353e-01
