0.000000e+00
-4.520494e-78
1.098001e-70
-1.398197e-68
6.654316e-65
-5.981873e-59
-1.417215e-53
2.079411e-48
-1.816083e-42
-4.234718e-36
2.012212e-30
-8.554534e-25
6.662054e-07
1.338865e-06
2.340520e-06
4.796105e-06
1.089603e-05
1.795216e-05
2.872724e-05
4.223946e-05
9.260229e-05
1.281136e-04
1.867817e-04
3.259907e-04
4.622632e-04
7.450031e-04
1.606035e-03
2.031276e-03
2.491848e-03
3.928158e-03
5.155176e-03
5.959886e-03
8.581165e-03
1.197032e-02
1.189406e-02
1.181780e-02
1.384950e-02
1.541089e-02
2.200493e-02
2.474333e-02
2.622240e-02
2.668643e-02
2.705929e-02
3.410841e-02
3.878727e-02
4.193166e-02
3.777428e-02
4.714449e-02
5.696304e-02
4.968845e-02
6.057677e-02
6.824300e-02
6.847639e-02
8.056063e-02
9.076354e-02
7.766443e-02
7.546066e-02
9.135798e-02
1.039455e-01
1.040670e-01
8.830076e-02
9.477369e-02
1.005134e-01
1.154206e-01
1.179852e-01
1.137307e-01
1.012344e-01
1.080341e-01
1.258465e-01
1.223333e-01
1.221015e-01
1.215607e-01
1.087242e-01
1.219307e-01
1.300476e-01
1.322658e-01
1.318148e-01
1.209467e-01
1.219079e-01
1.254731e-01
1.344531e-01
1.336685e-01
1.292560e-01
1.291430e-01
1.340608e-01
1.364734e-01
1.377643e-01
1.377840e-01
1.348173e-01
1.328841e-01
1.326693e-01
1.326454e-01
1.360718e-01
1.386132e-01
1.382773e-01
1.356062e-01
1.371378e-01
1.396134e-01
1.397314e-01
1.393614e-01
1.390931e-01
1.365432e-01
1.381192e-01
1.395538e-01
1.399438e-01
1.397280e-01
1.403950e-01
1.405515e-01
1.408679e-01
1.410157e-01
1.410513e-01
1.415262e-01
1.425354e-01
1.424086e-01
1.424058e-01
1.422015e-01
