0.000000e+00
-1.105188e-48
5.306717e-42
7.031155e-41
-4.136271e-37
-3.277933e-31
-9.733912e-26
2.041544e-07
5.576759e-07
1.183482e-06
1.769139e-06
3.807719e-06
9.493136e-06
1.640386e-05
2.540698e-05
4.459106e-05
8.484000e-05
1.254907e-04
1.814466e-04
2.455121e-04
4.544175e-04
5.862078e-04
7.871859e-04
1.217323e-03
1.602039e-03
2.327446e-03
4.255281e-03
5.112757e-03
6.003958e-03
8.589086e-03
1.062852e-02
1.190839e-02
1.584441e-02
2.056201e-02
2.045979e-02
2.035757e-02
2.304838e-02
2.505872e-02
3.309272e-02
3.629227e-02
3.797709e-02
3.850529e-02
3.892658e-02
4.664595e-02
5.157196e-02
5.481093e-02
5.052693e-02
6.002192e-02
6.961551e-02
6.258653e-02
7.304229e-02
8.015260e-02
8.035187e-02
9.116974e-02
1.000653e-01
8.865432e-02
8.669525e-02
1.005978e-01
1.112076e-01
1.113141e-01
9.797543e-02
1.035184e-01
1.083439e-01
1.206354e-01
1.226942e-01
1.192635e-01
1.089813e-01
1.145956e-01
1.290373e-01
1.262022e-01
1.260185e-01
1.255900e-01
1.151901e-01
1.258926e-01
1.323210e-01
1.340231e-01
1.337130e-01
1.251226e-01
1.258821e-01
1.287203e-01
1.357781e-01
1.351646e-01
1.317132e-01
1.316329e-01
1.354821e-01
1.373677e-01
1.383731e-01
1.383873e-01
1.360768e-01
1.345747e-01
1.344363e-01
1.344210e-01
1.370587e-01
1.390270e-01
1.387678e-01
1.367000e-01
1.378927e-01
1.398019e-01
1.398965e-01
1.396176e-01
1.394013e-01
1.374183e-01
1.386387e-01
1.397753e-01
1.400896e-01
1.399348e-01
1.404525e-01
1.406113e-01
1.408749e-01
1.410157e-01
1.410513e-01
1.415262e-01
1.425354e-01
1.424086e-01
1.424058e-01
1.422015e-01
