1.881469e-04
2.473026e-04
3.576414e-04
4.253989e-04
5.835089e-04
8.299592e-04
1.033240e-03
1.328033e-03
1.866359e-03
2.428167e-03
2.839715e-03
3.683373e-03
5.052703e-03
6.111942e-03
7.194549e-03
8.689568e-03
1.085910e-02
1.251650e-02
1.424382e-02
1.587374e-02
1.953461e-02
2.140699e-02
2.362984e-02
2.753449e-02
3.020083e-02
3.443248e-02
4.219562e-02
4.508629e-02
4.753907e-02
5.372577e-02
5.768397e-02
6.022118e-02
6.617238e-02
7.203484e-02
7.209071e-02
7.214658e-02
7.531266e-02
7.728384e-02
8.498594e-02
8.777954e-02
8.909743e-02
8.952850e-02
9.001919e-02
9.550016e-02
9.874721e-02
1.007975e-01
9.848595e-02
1.040668e-01
1.093223e-01
1.058953e-01
1.112594e-01
1.146946e-01
1.150149e-01
1.197952e-01
1.234952e-01
1.190402e-01
1.182275e-01
1.239599e-01
1.280232e-01
1.281784e-01
1.232429e-01
1.254095e-01
1.272415e-01
1.317041e-01
1.325321e-01
1.314555e-01
1.278281e-01
1.299101e-01
1.349186e-01
1.341310e-01
1.340760e-01
1.339476e-01
1.304447e-01
1.341242e-01
1.362918e-01
1.369216e-01
1.368628e-01
1.341844e-01
1.344514e-01
1.353820e-01
1.377813e-01
1.376060e-01
1.365923e-01
1.365807e-01
1.378658e-01
1.384936e-01
1.388647e-01
1.389111e-01
1.382271e-01
1.378128e-01
1.377960e-01
1.377941e-01
1.386685e-01
1.392973e-01
1.392582e-01
1.386923e-01
1.390629e-01
1.397862e-01
1.398536e-01
1.398003e-01
1.397539e-01
1.391710e-01
1.395930e-01
1.400177e-01
1.402443e-01
1.402571e-01
1.404891e-01
1.407075e-01
1.409403e-01
1.411342e-01
1.411901e-01
1.420490e-01
1.438469e-01
1.442452e-01
1.442449e-01
1.443221e-01
