4.707688e-05
6.421014e-05
9.907726e-05
1.222871e-04
1.764465e-04
2.680322e-04
3.467335e-04
4.649791e-04
6.892199e-04
9.490053e-04
1.120947e-03
1.541247e-03
2.251195e-03
2.825179e-03
3.386166e-03
4.277129e-03
5.582653e-03
6.565490e-03
7.649562e-03
8.670454e-03
1.118358e-02
1.242587e-02
1.402250e-02
1.677145e-02
1.878836e-02
2.189448e-02
2.807770e-02
3.026403e-02
3.233397e-02
3.747654e-02
4.088861e-02
4.284440e-02
4.813085e-02
5.351202e-02
5.340918e-02
5.330634e-02
5.606326e-02
5.800182e-02
6.488807e-02
6.739540e-02
6.864797e-02
6.904066e-02
6.935391e-02
7.459883e-02
7.767352e-02
7.961069e-02
7.707180e-02
8.253878e-02
8.763417e-02
8.400542e-02
8.935424e-02
9.273399e-02
9.282556e-02
9.757240e-02
1.012859e-01
9.656058e-02
9.571064e-02
1.015059e-01
1.056045e-01
1.056577e-01
1.004881e-01
1.026929e-01
1.045571e-01
1.090546e-01
1.097860e-01
1.085860e-01
1.048175e-01
1.068993e-01
1.119543e-01
1.110268e-01
1.109656e-01
1.108227e-01
1.071555e-01
1.109410e-01
1.131035e-01
1.136724e-01
1.135621e-01
1.106976e-01
1.109576e-01
1.119254e-01
1.142427e-01
1.140394e-01
1.129342e-01
1.129279e-01
1.141980e-01
1.147828e-01
1.151224e-01
1.151307e-01
1.143877e-01
1.139058e-01
1.138777e-01
1.138746e-01
1.147288e-01
1.153161e-01
1.152475e-01
1.145930e-01
1.149696e-01
1.155849e-01
1.156283e-01
1.155472e-01
1.154662e-01
1.148257e-01
1.152340e-01
1.156217e-01
1.157482e-01
1.157214e-01
1.158879e-01
1.160324e-01
1.161560e-01
1.162619e-01
1.162927e-01
1.166792e-01
1.175050e-01
1.174055e-01
1.174029e-01
1.172319e-01
