0.000000e+00
5.535129e-44
-5.510130e-37
6.324160e-36
1.355855e-31
-1.960919e-25
8.933123e-08
1.856502e-07
4.936180e-07
1.035165e-06
1.601078e-06
3.397039e-06
8.432278e-06
1.454590e-05
2.302397e-05
3.971271e-05
7.521477e-05
1.123915e-04
1.623894e-04
2.206680e-04
4.007680e-04
5.188514e-04
6.901651e-04
1.067168e-03
1.389599e-03
2.018108e-03
3.600602e-03
4.337396e-03
5.044754e-03
7.127377e-03
8.724934e-03
9.824036e-03
1.285356e-02
1.637763e-02
1.638828e-02
1.639893e-02
1.851163e-02
1.992643e-02
2.608748e-02
2.853237e-02
2.975340e-02
3.014980e-02
3.057755e-02
3.618170e-02
3.977402e-02
4.213266e-02
3.933483e-02
4.608855e-02
5.294858e-02
4.822779e-02
5.555221e-02
6.053538e-02
6.094885e-02
6.851615e-02
7.467457e-02
6.704595e-02
6.568485e-02
7.529783e-02
8.262280e-02
8.282685e-02
7.381350e-02
7.760453e-02
8.089694e-02
8.940337e-02
9.096733e-02
8.873378e-02
8.170654e-02
8.561168e-02
9.554049e-02
9.379584e-02
9.366608e-02
9.336328e-02
8.629929e-02
9.359380e-02
9.807132e-02
9.936247e-02
9.917537e-02
9.339478e-02
9.391817e-02
9.582970e-02
1.008253e-01
1.004302e-01
9.813342e-02
9.802251e-02
1.007131e-01
1.020810e-01
1.027997e-01
1.028454e-01
1.012895e-01
1.003200e-01
1.002098e-01
1.001975e-01
1.020597e-01
1.034520e-01
1.032744e-01
1.019502e-01
1.027467e-01
1.041712e-01
1.042629e-01
1.040707e-01
1.039590e-01
1.026387e-01
1.034838e-01
1.042912e-01
1.045890e-01
1.045128e-01
1.048900e-01
1.050643e-01
1.053328e-01
1.054945e-01
1.055373e-01
1.061699e-01
1.075005e-01
1.078017e-01
1.078010e-01
1.078526e-01
