0.000000e+00
-8.145830e-60
-1.608386e-53
-1.908652e-52
-1.290945e-48
-4.926965e-42
2.960776e-37
2.344820e-31
9.001850e-26
2.100295e-07
3.475633e-07
8.266413e-07
2.356716e-06
4.417309e-06
7.505796e-06
1.405865e-05
2.935116e-05
4.665745e-05
7.130993e-05
1.015796e-04
2.020103e-04
2.721413e-04
3.782855e-04
6.258998e-04
8.481652e-04
1.305655e-03
2.542913e-03
3.154975e-03
3.753906e-03
5.588896e-03
7.056334e-03
8.095557e-03
1.103526e-02
1.458824e-02
1.460484e-02
1.462144e-02
1.681786e-02
1.829986e-02
2.498960e-02
2.770564e-02
2.907367e-02
2.951911e-02
3.001017e-02
3.643375e-02
4.063870e-02
4.342772e-02
4.013770e-02
4.819238e-02
5.653463e-02
5.077685e-02
5.976136e-02
6.596968e-02
6.651770e-02
7.614297e-02
8.406438e-02
7.425351e-02
7.250855e-02
8.488291e-02
9.449486e-02
9.476437e-02
8.296576e-02
8.789662e-02
9.220733e-02
1.035073e-01
1.056206e-01
1.026268e-01
9.328368e-02
9.846074e-02
1.117873e-01
1.094318e-01
1.092526e-01
1.088342e-01
9.936357e-02
1.091311e-01
1.152110e-01
1.169806e-01
1.167259e-01
1.088643e-01
1.095703e-01
1.121487e-01
1.189717e-01
1.184341e-01
1.152790e-01
1.151033e-01
1.187793e-01
1.206712e-01
1.216500e-01
1.217052e-01
1.195684e-01
1.182327e-01
1.180713e-01
1.180534e-01
1.206062e-01
1.225373e-01
1.222754e-01
1.204580e-01
1.215417e-01
1.234933e-01
1.236105e-01
1.233362e-01
1.231861e-01
1.213704e-01
1.225228e-01
1.236215e-01
1.240235e-01
1.239074e-01
1.244264e-01
1.246188e-01
1.249755e-01
1.251701e-01
1.252197e-01
1.259779e-01
1.275681e-01
1.279222e-01
1.279216e-01
1.279873e-01
