0.000000e+00
-1.310269e-76
2.753492e-70
-2.428733e-68
2.013357e-64
-1.398623e-58
-9.241462e-53
5.687643e-48
-1.446701e-41
-2.189946e-35
6.070531e-30
-5.827423e-24
1.717069e-06
3.287867e-06
5.530374e-06
1.078697e-05
2.316827e-05
3.689531e-05
5.718724e-05
8.192366e-05
1.703603e-04
2.306289e-04
3.277666e-04
5.511239e-04
7.638605e-04
1.192732e-03
2.446434e-03
3.046801e-03
3.689262e-03
5.650972e-03
7.288704e-03
8.349051e-03
1.174756e-02
1.605102e-02
1.595360e-02
1.585618e-02
1.839901e-02
2.033733e-02
2.840001e-02
3.170941e-02
3.348496e-02
3.404182e-02
3.448782e-02
4.286106e-02
4.835753e-02
5.203168e-02
4.717365e-02
5.807135e-02
6.938269e-02
6.102425e-02
7.351099e-02
8.222069e-02
8.248691e-02
9.608582e-02
1.074981e-01
9.284697e-02
9.036940e-02
1.081623e-01
1.221158e-01
1.222485e-01
1.047596e-01
1.119632e-01
1.183206e-01
1.347695e-01
1.375468e-01
1.328994e-01
1.191319e-01
1.266301e-01
1.461480e-01
1.423250e-01
1.420739e-01
1.414881e-01
1.273931e-01
1.418932e-01
1.507556e-01
1.531719e-01
1.526855e-01
1.408264e-01
1.418756e-01
1.457739e-01
1.555558e-01
1.547050e-01
1.498952e-01
1.497721e-01
1.551252e-01
1.577578e-01
1.591600e-01
1.591788e-01
1.559503e-01
1.538442e-01
1.536519e-01
1.536306e-01
1.573182e-01
1.600882e-01
1.597114e-01
1.568100e-01
1.584810e-01
1.611642e-01
1.612910e-01
1.608918e-01
1.605980e-01
1.578116e-01
1.595134e-01
1.611056e-01
1.615360e-01
1.613045e-01
1.620357e-01
1.622073e-01
1.625586e-01
1.627235e-01
1.627638e-01
1.633162e-01
1.644844e-01
1.643312e-01
1.643281e-01
1.640949e-01
