0.000000e+00
-2.448368e-59
2.010609e-53
7.477999e-52
3.162415e-47
1.199511e-42
9.133591e-36
4.237046e-32
-4.014734e-25
1.238632e-06
1.910296e-06
4.144714e-06
1.052373e-05
1.836002e-05
2.912624e-05
5.111266e-05
9.832523e-05
1.474443e-04
2.146011e-04
2.926617e-04
5.414630e-04
7.034243e-04
9.425790e-04
1.471281e-03
1.930082e-03
2.819943e-03
5.117585e-03
6.174439e-03
7.210992e-03
1.029417e-02
1.267869e-02
1.425430e-02
1.882626e-02
2.420016e-02
2.416571e-02
2.413127e-02
2.732537e-02
2.950813e-02
3.885994e-02
4.255814e-02
4.442958e-02
4.503031e-02
4.562455e-02
5.428588e-02
5.980922e-02
6.346037e-02
5.896472e-02
6.947481e-02
8.013117e-02
7.260664e-02
8.408189e-02
9.181135e-02
9.233830e-02
1.041907e-01
1.138410e-01
1.016787e-01
9.949096e-02
1.146391e-01
1.261752e-01
1.263976e-01
1.120624e-01
1.180429e-01
1.232327e-01
1.366420e-01
1.390148e-01
1.354019e-01
1.242488e-01
1.303900e-01
1.460425e-01
1.431783e-01
1.429691e-01
1.424807e-01
1.312525e-01
1.428215e-01
1.498649e-01
1.518348e-01
1.514968e-01
1.422590e-01
1.430824e-01
1.461212e-01
1.539235e-01
1.532834e-01
1.495867e-01
1.494296e-01
1.536482e-01
1.557737e-01
1.568799e-01
1.569192e-01
1.544358e-01
1.528573e-01
1.526677e-01
1.526467e-01
1.555673e-01
1.577540e-01
1.574522e-01
1.552970e-01
1.565507e-01
1.587185e-01
1.588379e-01
1.585225e-01
1.583251e-01
1.561934e-01
1.575160e-01
1.587754e-01
1.591971e-01
1.590437e-01
1.596275e-01
1.598282e-01
1.601838e-01
1.603790e-01
1.604287e-01
1.611599e-01
1.626987e-01
1.628041e-01
1.628019e-01
1.627085e-01
