0.000000e+00
-1.079000e-43
-1.307737e-36
3.470059e-35
-9.475575e-31
-8.449521e-25
3.766187e-07
7.333138e-07
1.781549e-06
3.525024e-06
5.187618e-06
1.038006e-05
2.388467e-05
3.929076e-05
5.928678e-05
9.807393e-05
1.759242e-04
2.524889e-04
3.529833e-04
4.660538e-04
8.062947e-04
1.018031e-03
1.321596e-03
1.963994e-03
2.502587e-03
3.505981e-03
5.965258e-03
7.047246e-03
8.094957e-03
1.111519e-02
1.338130e-02
1.484723e-02
1.901940e-02
2.378528e-02
2.374954e-02
2.371379e-02
2.647858e-02
2.836459e-02
3.620878e-02
3.926207e-02
4.079850e-02
4.129063e-02
4.176890e-02
4.874904e-02
5.313792e-02
5.601267e-02
5.245384e-02
6.068472e-02
6.890755e-02
6.311777e-02
7.191332e-02
7.777216e-02
7.814463e-02
8.698580e-02
9.412964e-02
8.512918e-02
8.350788e-02
9.470651e-02
1.031224e-01
1.032798e-01
9.280924e-02
9.719823e-02
1.009919e-01
1.106708e-01
1.123690e-01
1.097743e-01
1.017234e-01
1.061626e-01
1.173783e-01
1.153335e-01
1.151866e-01
1.148438e-01
1.067912e-01
1.150982e-01
1.201006e-01
1.214893e-01
1.212496e-01
1.146928e-01
1.152807e-01
1.174486e-01
1.229647e-01
1.225105e-01
1.199029e-01
1.198075e-01
1.227914e-01
1.242754e-01
1.250619e-01
1.250918e-01
1.233437e-01
1.222280e-01
1.221083e-01
1.220950e-01
1.241499e-01
1.256757e-01
1.254728e-01
1.239536e-01
1.248394e-01
1.263670e-01
1.264561e-01
1.262421e-01
1.260972e-01
1.246001e-01
1.255341e-01
1.264239e-01
1.267253e-01
1.266225e-01
1.270308e-01
1.272034e-01
1.274607e-01
1.276160e-01
1.276570e-01
1.282334e-01
1.294521e-01
1.295444e-01
1.295425e-01
1.294654e-01
