0.000000e+00
-3.338594e-43
-4.819527e-37
7.678329e-35
2.284153e-31
-3.162512e-25
1.603577e-07
3.251417e-07
8.328194e-07
1.715271e-06
2.580198e-06
5.384103e-06
1.302204e-05
2.206691e-05
3.409350e-05
5.813879e-05
1.079592e-04
1.582230e-04
2.255909e-04
3.023146e-04
5.410468e-04
6.923465e-04
9.130121e-04
1.388266e-03
1.794451e-03
2.563503e-03
4.499110e-03
5.365793e-03
6.214228e-03
8.688187e-03
1.057346e-02
1.179924e-02
1.533404e-02
1.942920e-02
1.939515e-02
1.936110e-02
2.175296e-02
2.339992e-02
3.028951e-02
3.299160e-02
3.435961e-02
3.479733e-02
3.521907e-02
4.147626e-02
4.543161e-02
4.803309e-02
4.480069e-02
5.227572e-02
5.978769e-02
5.447222e-02
6.254108e-02
6.794485e-02
6.828006e-02
7.647841e-02
8.313169e-02
7.473798e-02
7.323437e-02
8.366226e-02
9.154321e-02
9.168716e-02
8.187987e-02
8.598315e-02
8.953564e-02
9.863338e-02
1.002313e-01
9.777781e-02
9.020647e-02
9.437699e-02
1.049531e-01
1.030140e-01
1.028754e-01
1.025518e-01
9.495737e-02
1.027901e-01
1.075200e-01
1.088322e-01
1.086032e-01
1.023951e-01
1.029509e-01
1.050014e-01
1.102194e-01
1.097875e-01
1.073139e-01
1.072254e-01
1.100517e-01
1.114561e-01
1.122019e-01
1.122290e-01
1.105684e-01
1.095079e-01
1.093952e-01
1.093827e-01
1.113303e-01
1.127761e-01
1.125837e-01
1.111383e-01
1.119801e-01
1.134272e-01
1.135114e-01
1.133081e-01
1.131689e-01
1.117461e-01
1.126316e-01
1.134730e-01
1.137515e-01
1.136518e-01
1.140336e-01
1.141936e-01
1.144306e-01
1.145721e-01
1.146096e-01
1.151235e-01
1.162130e-01
1.162985e-01
1.162967e-01
1.162253e-01
