3.544976e-05
4.942886e-05
7.859493e-05
9.876188e-05
1.458208e-04
2.282250e-04
3.007505e-04
4.121345e-04
6.289285e-04
8.862436e-04
1.059995e-03
1.492709e-03
2.244380e-03
2.866166e-03
3.484262e-03
4.481430e-03
5.975849e-03
7.119586e-03
8.398229e-03
9.616224e-03
1.266659e-02
1.419742e-02
1.618519e-02
1.965448e-02
2.223209e-02
2.625274e-02
3.440507e-02
3.732735e-02
4.011720e-02
4.711507e-02
5.180978e-02
5.451407e-02
6.189890e-02
6.949549e-02
6.934855e-02
6.920161e-02
7.312239e-02
7.589224e-02
8.580492e-02
8.943485e-02
9.125705e-02
9.182811e-02
9.228184e-02
9.995498e-02
1.044839e-01
1.073437e-01
1.035835e-01
1.116771e-01
1.192682e-01
1.138473e-01
1.218354e-01
1.269110e-01
1.270513e-01
1.342119e-01
1.398397e-01
1.326697e-01
1.313873e-01
1.401720e-01
1.464159e-01
1.464898e-01
1.386157e-01
1.419688e-01
1.448128e-01
1.516956e-01
1.528158e-01
1.509668e-01
1.452045e-01
1.483865e-01
1.561539e-01
1.547192e-01
1.546243e-01
1.544030e-01
1.487721e-01
1.545818e-01
1.579184e-01
1.587985e-01
1.586267e-01
1.542022e-01
1.546029e-01
1.560946e-01
1.596825e-01
1.593719e-01
1.576532e-01
1.576345e-01
1.595897e-01
1.605091e-01
1.610262e-01
1.610390e-01
1.598915e-01
1.591444e-01
1.590949e-01
1.590895e-01
1.604082e-01
1.613409e-01
1.612298e-01
1.602079e-01
1.607975e-01
1.617437e-01
1.618029e-01
1.616759e-01
1.615559e-01
1.605713e-01
1.611948e-01
1.617908e-01
1.619904e-01
1.619392e-01
1.622178e-01
1.623937e-01
1.625801e-01
1.627235e-01
1.627638e-01
1.633162e-01
1.644844e-01
1.643312e-01
1.643281e-01
1.640949e-01
