0.000000e+00
-1.635197e-47
-2.755513e-41
2.654620e-41
2.276345e-35
-4.095297e-30
5.754721e-24
1.826230e-06
4.434700e-06
8.320974e-06
1.212153e-05
2.289281e-05
4.951129e-05
7.868282e-05
1.167410e-04
1.850941e-04
3.186632e-04
4.496278e-04
6.154547e-04
8.001972e-04
1.327975e-03
1.657269e-03
2.111154e-03
3.065379e-03
3.837588e-03
5.283136e-03
8.654260e-03
1.016000e-02
1.155305e-02
1.553276e-02
1.845482e-02
2.046094e-02
2.573763e-02
3.162186e-02
3.166977e-02
3.171768e-02
3.520007e-02
3.745290e-02
4.720643e-02
5.099781e-02
5.285090e-02
5.345657e-02
5.414247e-02
6.250825e-02
6.778839e-02
7.121990e-02
6.724317e-02
7.695201e-02
8.667421e-02
8.010259e-02
9.035474e-02
9.723774e-02
9.787936e-02
1.081662e-01
1.164270e-01
1.062720e-01
1.044322e-01
1.173685e-01
1.270249e-01
1.273340e-01
1.154528e-01
1.204874e-01
1.248283e-01
1.359731e-01
1.380464e-01
1.351819e-01
1.260042e-01
1.311877e-01
1.440349e-01
1.418298e-01
1.416609e-01
1.412668e-01
1.321165e-01
1.415724e-01
1.473571e-01
1.490420e-01
1.488183e-01
1.414098e-01
1.420855e-01
1.445399e-01
1.510010e-01
1.505039e-01
1.475745e-01
1.474122e-01
1.508758e-01
1.526529e-01
1.535758e-01
1.536411e-01
1.516666e-01
1.504389e-01
1.502946e-01
1.502786e-01
1.526703e-01
1.544673e-01
1.542380e-01
1.525757e-01
1.535829e-01
1.554259e-01
1.555492e-01
1.553013e-01
1.551716e-01
1.534993e-01
1.545831e-01
1.556269e-01
1.560473e-01
1.559595e-01
1.564722e-01
1.567022e-01
1.570867e-01
1.573182e-01
1.573790e-01
1.583397e-01
1.603470e-01
1.607825e-01
1.607820e-01
1.608683e-01
