0.000000e+00
-9.206797e-54
-4.265732e-47
-2.283952e-45
1.218569e-41
1.392961e-36
1.042776e-29
-1.346592e-24
1.502457e-06
3.128945e-06
4.728390e-06
9.519591e-06
2.224037e-05
3.701638e-05
5.709476e-05
9.481207e-05
1.723235e-04
2.515606e-04
3.552189e-04
4.740461e-04
8.276213e-04
1.055684e-03
1.378144e-03
2.076993e-03
2.659007e-03
3.779307e-03
6.501995e-03
7.755722e-03
8.932492e-03
1.236406e-02
1.494668e-02
1.673843e-02
2.153478e-02
2.701669e-02
2.706005e-02
2.710341e-02
3.039150e-02
3.253677e-02
4.197211e-02
4.568155e-02
4.750898e-02
4.810612e-02
4.878121e-02
5.713056e-02
6.245745e-02
6.593998e-02
6.189655e-02
7.180115e-02
8.182071e-02
7.502064e-02
8.564318e-02
9.283675e-02
9.350935e-02
1.043788e-01
1.131732e-01
1.023484e-01
1.003961e-01
1.141298e-01
1.245378e-01
1.248647e-01
1.120980e-01
1.174980e-01
1.221455e-01
1.342068e-01
1.364628e-01
1.333381e-01
1.233631e-01
1.289409e-01
1.429775e-01
1.405557e-01
1.403705e-01
1.399385e-01
1.299738e-01
1.402620e-01
1.465891e-01
1.484353e-01
1.481874e-01
1.400617e-01
1.407980e-01
1.434789e-01
1.505639e-01
1.500163e-01
1.467863e-01
1.466024e-01
1.504006e-01
1.523548e-01
1.533707e-01
1.534369e-01
1.512550e-01
1.499004e-01
1.497358e-01
1.497175e-01
1.523476e-01
1.543337e-01
1.540692e-01
1.522303e-01
1.533407e-01
1.553601e-01
1.554884e-01
1.552126e-01
1.550671e-01
1.532186e-01
1.544095e-01
1.555504e-01
1.559988e-01
1.558952e-01
1.564465e-01
1.566765e-01
1.570837e-01
1.573182e-01
1.573790e-01
1.583397e-01
1.603470e-01
1.607825e-01
1.607820e-01
1.608683e-01
