2.211670e-05
3.119968e-05
4.967381e-05
6.243792e-05
9.222254e-05
1.439838e-04
1.897993e-04
2.606167e-04
3.998999e-04
5.576074e-04
6.766570e-04
9.413195e-04
1.403340e-03
1.783948e-03
2.185051e-03
2.776504e-03
3.675612e-03
4.389844e-03
5.163443e-03
5.912044e-03
7.685256e-03
8.614781e-03
9.760366e-03
1.182005e-02
1.328237e-02
1.564806e-02
2.021589e-02
2.194805e-02
2.346756e-02
2.736127e-02
2.992333e-02
3.155217e-02
3.552630e-02
3.954748e-02
3.956213e-02
3.957678e-02
4.175799e-02
4.315204e-02
4.858551e-02
5.058669e-02
5.154281e-02
5.185297e-02
5.218582e-02
5.621903e-02
5.862940e-02
6.016761e-02
5.837477e-02
6.257787e-02
6.657293e-02
6.390582e-02
6.801458e-02
7.067072e-02
7.087925e-02
7.460568e-02
7.751621e-02
7.396720e-02
7.331736e-02
7.784158e-02
8.106829e-02
8.117440e-02
7.721978e-02
7.893725e-02
8.039214e-02
8.395872e-02
8.460224e-02
8.371666e-02
8.079835e-02
8.245882e-02
8.647960e-02
8.581635e-02
8.577135e-02
8.566634e-02
8.282564e-02
8.579208e-02
8.754411e-02
8.801658e-02
8.785395e-02
8.578940e-02
8.600212e-02
8.675180e-02
8.907317e-02
8.919704e-02
8.769327e-02
8.767880e-02
8.871851e-02
8.919568e-02
8.950253e-02
8.952773e-02
8.896746e-02
8.861632e-02
8.859846e-02
8.859648e-02
8.930226e-02
8.980554e-02
8.976563e-02
8.930265e-02
8.959892e-02
9.015772e-02
9.021096e-02
9.016740e-02
9.011070e-02
8.963837e-02
8.996525e-02
9.030417e-02
9.046058e-02
9.048058e-02
9.060482e-02
9.076773e-02
9.092407e-02
9.105389e-02
9.109177e-02
9.163616e-02
9.277271e-02
9.302752e-02
9.302624e-02
9.312324e-02
