8.355386e-07
1.351212e-06
2.590254e-06
3.671076e-06
6.193141e-06
1.158599e-05
1.704893e-05
2.664843e-05
4.846119e-05
7.731976e-05
1.003453e-04
1.604501e-04
2.818404e-04
3.946557e-04
5.208522e-04
7.322999e-04
1.086719e-03
1.386809e-03
1.739172e-03
2.096451e-03
3.038720e-03
3.556421e-03
4.240072e-03
5.534829e-03
6.521682e-03
8.181128e-03
1.172114e-02
1.311121e-02
1.440332e-02
1.784994e-02
2.023471e-02
2.170346e-02
2.565501e-02
2.984253e-02
2.980777e-02
2.977301e-02
3.206684e-02
3.360613e-02
3.960364e-02
4.184189e-02
4.294648e-02
4.329916e-02
4.363289e-02
4.843222e-02
5.133912e-02
5.320144e-02
5.088010e-02
5.613277e-02
6.118199e-02
5.766004e-02
6.297348e-02
6.640285e-02
6.659891e-02
7.156981e-02
7.550319e-02
7.056088e-02
6.967458e-02
7.580928e-02
8.027124e-02
8.036109e-02
7.480592e-02
7.716358e-02
7.917823e-02
8.417289e-02
8.503528e-02
8.371919e-02
7.957677e-02
8.186326e-02
8.755807e-02
8.654282e-02
8.647558e-02
8.631867e-02
8.225221e-02
8.644794e-02
8.892564e-02
8.960299e-02
8.949140e-02
8.625327e-02
8.653563e-02
8.759930e-02
9.034478e-02
9.012826e-02
8.885268e-02
8.882586e-02
9.028551e-02
9.100249e-02
9.139142e-02
9.140334e-02
9.055737e-02
9.001379e-02
8.996803e-02
8.996294e-02
9.097220e-02
9.169014e-02
9.155659e-02
9.089533e-02
9.125932e-02
9.197752e-02
9.210806e-02
9.200291e-02
9.193253e-02
9.122810e-02
9.167942e-02
9.211611e-02
9.229115e-02
9.236477e-02
9.243320e-02
9.257294e-02
9.271631e-02
9.282728e-02
9.285857e-02
9.326236e-02
9.413868e-02
9.420825e-02
9.420645e-02
9.413126e-02
