0.000000e+00
-4.809351e-78
-5.704017e-73
-1.771517e-70
2.739017e-66
-1.194163e-60
3.562154e-55
-1.619528e-49
4.834480e-44
4.229025e-38
-1.405929e-32
2.661932e-26
1.337478e-08
3.268660e-08
6.914031e-08
1.706449e-07
4.914061e-07
9.528972e-07
1.753798e-06
2.912588e-06
7.890654e-06
1.210126e-05
1.956352e-05
4.050594e-05
6.283161e-05
1.172107e-04
3.075928e-04
4.194318e-04
5.394464e-04
9.560038e-04
1.340523e-03
1.629536e-03
2.554360e-03
3.832656e-03
3.831331e-03
3.830006e-03
4.684661e-03
5.303161e-03
8.312837e-03
9.629661e-03
1.032682e-02
1.055260e-02
1.079191e-02
1.429368e-02
1.673419e-02
1.841417e-02
1.638664e-02
2.140310e-02
2.690754e-02
2.298638e-02
2.911410e-02
3.358755e-02
3.395147e-02
4.130721e-02
4.762430e-02
3.972896e-02
3.837788e-02
4.822872e-02
5.632477e-02
5.653667e-02
4.657391e-02
5.064362e-02
5.428664e-02
6.417832e-02
6.604349e-02
6.331287e-02
5.510667e-02
5.960468e-02
7.162385e-02
6.939383e-02
6.922862e-02
6.884310e-02
6.029144e-02
6.910021e-02
7.474438e-02
7.639089e-02
7.612848e-02
6.874441e-02
6.939775e-02
7.179417e-02
7.817838e-02
7.765198e-02
7.464322e-02
7.448154e-02
7.794993e-02
7.974561e-02
8.067781e-02
8.071882e-02
7.864580e-02
7.734676e-02
7.719158e-02
7.717435e-02
7.960735e-02
8.145783e-02
8.119723e-02
7.941235e-02
8.046284e-02
8.231621e-02
8.242112e-02
8.214837e-02
8.199199e-02
8.021756e-02
8.132023e-02
8.236404e-02
8.270435e-02
8.257163e-02
8.304500e-02
8.318675e-02
8.347835e-02
8.361912e-02
8.365414e-02
8.414482e-02
8.518197e-02
8.541915e-02
8.541836e-02
8.545091e-02
