0.000000e+00
1.395052e-72
1.087261e-65
-6.364998e-64
5.362489e-60
-3.132656e-54
-1.209426e-48
1.046595e-43
7.737141e-38
-1.828670e-31
-4.665008e-26
4.432029e-08
1.621772e-07
3.519597e-07
6.651850e-07
1.459693e-06
3.625678e-06
6.350921e-06
1.069362e-05
1.643137e-05
3.871389e-05
5.557686e-05
8.371075e-05
1.551376e-04
2.260687e-04
3.823644e-04
8.730710e-04
1.131399e-03
1.403425e-03
2.290127e-03
3.056808e-03
3.588255e-03
5.274687e-03
7.471787e-03
7.449026e-03
7.426265e-03
8.809226e-03
9.810121e-03
1.433701e-02
1.623400e-02
1.723209e-02
1.755117e-02
1.785638e-02
2.270564e-02
2.595299e-02
2.815707e-02
2.540143e-02
3.190684e-02
3.880382e-02
3.382515e-02
4.143527e-02
4.679213e-02
4.712494e-02
5.569662e-02
6.290533e-02
5.377090e-02
5.218269e-02
6.346730e-02
7.244957e-02
7.260396e-02
6.145135e-02
6.603501e-02
7.008483e-02
8.081979e-02
8.274515e-02
7.976022e-02
7.081621e-02
7.570446e-02
8.852679e-02
8.609999e-02
8.592690e-02
8.552300e-02
7.632972e-02
8.579685e-02
9.169520e-02
9.335155e-02
9.305386e-02
8.526751e-02
8.595631e-02
8.849741e-02
9.507456e-02
9.452015e-02
9.135977e-02
9.123302e-02
9.481415e-02
9.662203e-02
9.756918e-02
9.759709e-02
9.545218e-02
9.408560e-02
9.393004e-02
9.391277e-02
9.640455e-02
9.828068e-02
9.802020e-02
9.614328e-02
9.722995e-02
9.908403e-02
9.918166e-02
9.890806e-02
9.872944e-02
9.688248e-02
9.801535e-02
9.908523e-02
9.941067e-02
9.926595e-02
9.974182e-02
9.988467e-02
1.001524e-01
1.002860e-01
1.003196e-01
1.007639e-01
1.017108e-01
1.017874e-01
1.017857e-01
1.017199e-01
