0.000000e+00
-1.537735e-33
-6.708473e-27
1.672580e-09
5.575495e-09
1.555886e-08
2.951218e-08
6.266465e-08
1.725438e-07
3.735103e-07
5.872702e-07
1.296519e-06
3.382931e-06
6.019180e-06
9.756578e-06
1.741976e-05
3.431173e-05
5.246912e-05
7.754819e-05
1.073143e-04
2.027986e-04
2.666392e-04
3.615706e-04
5.745111e-04
7.614628e-04
1.131769e-03
2.098869e-03
2.556444e-03
3.004597e-03
4.340964e-03
5.387054e-03
6.104108e-03
8.134440e-03
1.054148e-02
1.054000e-02
1.053852e-02
1.198604e-02
1.297605e-02
1.727733e-02
1.899998e-02
1.987102e-02
2.015240e-02
2.044506e-02
2.446952e-02
2.706694e-02
2.878002e-02
2.671544e-02
3.165059e-02
3.669314e-02
3.318254e-02
3.860227e-02
4.230852e-02
4.258814e-02
4.825463e-02
5.289460e-02
4.711707e-02
4.609448e-02
5.333527e-02
5.888679e-02
5.902782e-02
5.217911e-02
5.504922e-02
5.754882e-02
6.401553e-02
6.519483e-02
6.347662e-02
5.812162e-02
6.108807e-02
6.866197e-02
6.730972e-02
6.721111e-02
6.698099e-02
6.158155e-02
6.715807e-02
7.057765e-02
7.155396e-02
7.140612e-02
6.697015e-02
6.737121e-02
6.883746e-02
7.264360e-02
7.233605e-02
7.057091e-02
7.049658e-02
7.255689e-02
7.359140e-02
7.414542e-02
7.417569e-02
7.297893e-02
7.222822e-02
7.214922e-02
7.214045e-02
7.356399e-02
7.462221e-02
7.448953e-02
7.346427e-02
7.407648e-02
7.516187e-02
7.523228e-02
7.508868e-02
7.499587e-02
7.397655e-02
7.462373e-02
7.523988e-02
7.545487e-02
7.539405e-02
7.567153e-02
7.580874e-02
7.600299e-02
7.612226e-02
7.615452e-02
7.659594e-02
7.753036e-02
7.774383e-02
7.774302e-02
7.776848e-02
