9.522048e-06
1.358180e-05
2.210241e-05
2.820346e-05
4.244007e-05
6.794126e-05
9.086288e-05
1.269985e-04
1.991923e-04
2.843846e-04
3.460183e-04
4.939402e-04
7.571094e-04
9.775329e-04
1.205550e-03
1.562440e-03
2.108542e-03
2.536834e-03
3.013211e-03
3.472542e-03
4.607057e-03
5.191776e-03
5.935261e-03
7.265175e-03
8.234678e-03
9.781118e-03
1.287104e-02
1.401366e-02
1.506009e-02
1.773917e-02
1.952342e-02
2.059137e-02
2.339629e-02
2.626524e-02
2.623709e-02
2.620894e-02
2.773059e-02
2.875029e-02
3.257413e-02
3.397353e-02
3.465939e-02
3.487763e-02
3.507816e-02
3.799045e-02
3.971271e-02
4.080882e-02
3.944164e-02
4.250304e-02
4.538765e-02
4.337987e-02
4.639825e-02
4.831436e-02
4.840985e-02
5.113066e-02
5.325985e-02
5.059014e-02
5.010039e-02
5.342308e-02
5.579045e-02
5.583697e-02
5.288361e-02
5.414597e-02
5.521688e-02
5.782996e-02
5.827539e-02
5.759504e-02
5.542089e-02
5.662845e-02
5.957210e-02
5.905375e-02
5.901799e-02
5.893455e-02
5.681916e-02
5.901168e-02
6.028045e-02
6.062075e-02
6.056324e-02
5.891677e-02
5.906927e-02
5.962839e-02
6.099165e-02
6.087482e-02
6.024506e-02
6.024445e-02
6.099065e-02
6.133721e-02
6.154393e-02
6.155444e-02
6.112397e-02
6.085435e-02
6.083879e-02
6.083706e-02
6.134298e-02
6.168601e-02
6.165306e-02
6.128484e-02
6.150261e-02
6.188270e-02
6.191582e-02
6.187481e-02
6.182816e-02
6.146101e-02
6.169882e-02
6.192666e-02
6.200744e-02
6.199571e-02
6.208333e-02
6.219194e-02
6.227108e-02
6.234566e-02
6.236818e-02
6.262331e-02
6.317418e-02
6.321479e-02
6.321324e-02
6.315655e-02
