1.518632e-07
2.563871e-07
5.276306e-07
7.869628e-07
1.392106e-06
2.812964e-06
4.338035e-06
7.145548e-06
1.391723e-05
2.371338e-05
3.142189e-05
5.377485e-05
1.019937e-04
1.496369e-04
2.032491e-04
3.013923e-04
4.726334e-04
6.214496e-04
8.041541e-04
9.932730e-04
1.526011e-03
1.822481e-03
2.236073e-03
3.026066e-03
3.663480e-03
4.744045e-03
7.209124e-03
8.181353e-03
9.143842e-03
1.171592e-02
1.356660e-02
1.467277e-02
1.785015e-02
2.133915e-02
2.126841e-02
2.119766e-02
2.307680e-02
2.443425e-02
2.953037e-02
3.146233e-02
3.245120e-02
3.276115e-02
3.300785e-02
3.731853e-02
3.995794e-02
4.164686e-02
3.941976e-02
4.427367e-02
4.896761e-02
4.557819e-02
5.059143e-02
5.386459e-02
5.395506e-02
5.872187e-02
6.253987e-02
5.766110e-02
5.679842e-02
6.275948e-02
6.712147e-02
6.716946e-02
6.167375e-02
6.398558e-02
6.596956e-02
7.087372e-02
7.168172e-02
7.034317e-02
6.623140e-02
6.848712e-02
7.409863e-02
7.304326e-02
7.297285e-02
7.280855e-02
6.874003e-02
7.293135e-02
7.537875e-02
7.602805e-02
7.589746e-02
7.263792e-02
7.292873e-02
7.401764e-02
7.666341e-02
7.643172e-02
7.515145e-02
7.513237e-02
7.658167e-02
7.726340e-02
7.764647e-02
7.765277e-02
7.679246e-02
7.623579e-02
7.619387e-02
7.618921e-02
7.717158e-02
7.786895e-02
7.778145e-02
7.702121e-02
7.745717e-02
7.816646e-02
7.821031e-02
7.811243e-02
7.802148e-02
7.728608e-02
7.774168e-02
7.816903e-02
7.828787e-02
7.823968e-02
7.841633e-02
7.852729e-02
7.863440e-02
7.871277e-02
7.873531e-02
7.898302e-02
7.952031e-02
7.945491e-02
7.945281e-02
7.932750e-02
