0.000000e+00
-6.153318e-57
3.466242e-50
2.129525e-48
2.323090e-44
1.032001e-38
-6.403717e-33
6.799981e-28
1.051690e-09
2.654256e-09
4.581625e-09
1.206947e-08
4.091086e-08
8.693790e-08
1.654332e-07
3.628261e-07
9.238383e-07
1.667739e-06
2.885582e-06
4.561130e-06
1.130780e-05
1.670602e-05
2.594482e-05
5.061412e-05
7.596403e-05
1.349384e-04
3.305353e-04
4.401501e-04
5.565787e-04
9.484083e-04
1.299712e-03
1.556417e-03
2.367981e-03
3.460729e-03
3.456519e-03
3.452309e-03
4.163874e-03
4.679274e-03
7.109873e-03
8.155079e-03
8.706901e-03
8.884761e-03
9.066524e-03
1.179355e-02
1.366403e-02
1.494198e-02
1.338123e-02
1.717841e-02
2.128503e-02
1.835158e-02
2.290351e-02
2.618504e-02
2.642509e-02
3.174662e-02
3.627617e-02
3.059355e-02
2.961935e-02
3.668457e-02
4.241377e-02
4.254657e-02
3.548253e-02
3.838126e-02
4.096306e-02
4.789186e-02
4.917671e-02
4.726512e-02
4.151139e-02
4.466640e-02
5.302056e-02
5.146735e-02
5.135449e-02
5.109115e-02
4.513196e-02
5.127273e-02
5.515845e-02
5.627617e-02
5.609498e-02
5.100705e-02
5.145948e-02
5.311807e-02
5.748633e-02
5.712425e-02
5.505634e-02
5.496266e-02
5.734157e-02
5.855183e-02
5.919169e-02
5.921848e-02
5.780208e-02
5.691151e-02
5.681279e-02
5.680182e-02
5.846124e-02
5.971126e-02
5.954044e-02
5.831729e-02
5.903761e-02
6.029686e-02
6.037115e-02
6.019164e-02
6.007869e-02
5.886519e-02
5.962079e-02
6.033234e-02
6.055836e-02
6.046980e-02
6.078191e-02
6.089853e-02
6.109407e-02
6.119641e-02
6.122309e-02
6.156540e-02
6.229295e-02
6.245710e-02
6.245619e-02
6.246624e-02
