0.000000e+00
2.487217e-73
-2.486327e-67
4.053235e-65
6.669687e-62
-4.986378e-56
4.443471e-50
3.629144e-45
3.085099e-39
7.330571e-33
1.322131e-27
2.443094e-09
1.011409e-08
2.403498e-08
4.849728e-08
1.201162e-07
3.427336e-07
6.512824e-07
1.193956e-06
1.965193e-06
5.436939e-06
8.288017e-06
1.355774e-05
2.805355e-05
4.410954e-05
8.225969e-05
2.229579e-04
3.030674e-04
3.947324e-04
7.107237e-04
1.011025e-03
1.220170e-03
1.955702e-03
3.006954e-03
2.982468e-03
2.957982e-03
3.630845e-03
4.166962e-03
6.602293e-03
7.670229e-03
8.264516e-03
8.451217e-03
8.603326e-03
1.158462e-02
1.366202e-02
1.509832e-02
1.320711e-02
1.757119e-02
2.235506e-02
1.876734e-02
2.418531e-02
2.816094e-02
2.829459e-02
3.484302e-02
4.053627e-02
3.322314e-02
3.201858e-02
4.087297e-02
4.819008e-02
4.826376e-02
3.913277e-02
4.282773e-02
4.615599e-02
5.507144e-02
5.662550e-02
5.403948e-02
4.658192e-02
5.061636e-02
6.146276e-02
5.929245e-02
5.914937e-02
5.881549e-02
5.100929e-02
5.903965e-02
6.409501e-02
6.549010e-02
6.520752e-02
5.843153e-02
5.902693e-02
6.123364e-02
6.686170e-02
6.636298e-02
6.358133e-02
6.350732e-02
6.660678e-02
6.814091e-02
6.896450e-02
6.897472e-02
6.707895e-02
6.585179e-02
6.574005e-02
6.572764e-02
6.787866e-02
6.949645e-02
6.927566e-02
6.757531e-02
6.855099e-02
7.013179e-02
7.020844e-02
6.997272e-02
6.979512e-02
6.815501e-02
6.914848e-02
7.007390e-02
7.030513e-02
7.016413e-02
7.056773e-02
7.066914e-02
7.085434e-02
7.093746e-02
7.095821e-02
7.117622e-02
7.165163e-02
7.159145e-02
7.158945e-02
7.147294e-02
