4.644036e-07
7.355699e-07
1.393314e-06
1.965414e-06
3.300393e-06
6.183311e-06
9.110563e-06
1.424077e-05
2.591439e-05
4.190959e-05
5.401113e-05
8.766981e-05
1.562344e-04
2.208647e-04
2.912793e-04
4.158545e-04
6.245813e-04
8.000364e-04
1.010058e-03
1.222691e-03
1.802845e-03
2.116888e-03
2.546438e-03
3.347278e-03
3.978802e-03
5.025045e-03
7.334910e-03
8.222722e-03
9.091739e-03
1.137434e-02
1.298484e-02
1.393718e-02
1.663304e-02
1.953924e-02
1.948149e-02
1.942373e-02
2.097036e-02
2.207755e-02
2.618736e-02
2.772879e-02
2.851220e-02
2.875778e-02
2.895347e-02
3.234354e-02
3.438903e-02
3.569605e-02
3.397496e-02
3.771379e-02
4.129491e-02
3.871623e-02
4.252669e-02
4.499020e-02
4.505639e-02
4.861541e-02
5.144894e-02
4.783051e-02
4.718513e-02
5.160877e-02
5.481771e-02
5.485457e-02
5.080986e-02
5.251421e-02
5.397210e-02
5.755570e-02
5.814357e-02
5.717115e-02
5.416404e-02
5.581366e-02
5.989343e-02
5.913081e-02
5.907947e-02
5.895967e-02
5.599834e-02
5.904942e-02
6.081915e-02
6.128459e-02
6.119167e-02
5.883605e-02
5.904660e-02
5.983547e-02
6.173740e-02
6.156837e-02
6.065034e-02
6.064157e-02
6.168685e-02
6.217077e-02
6.244967e-02
6.245430e-02
6.183466e-02
6.143245e-02
6.140482e-02
6.140175e-02
6.210944e-02
6.260028e-02
6.253999e-02
6.199307e-02
6.230631e-02
6.281502e-02
6.284857e-02
6.278137e-02
6.271203e-02
6.218017e-02
6.251051e-02
6.281820e-02
6.290064e-02
6.286856e-02
6.298663e-02
6.308460e-02
6.316185e-02
6.322529e-02
6.324422e-02
6.343251e-02
6.384589e-02
6.379031e-02
6.378841e-02
6.368022e-02
