0.000000e+00
4.643863e-56
2.343681e-49
-1.581742e-47
4.177621e-44
7.259596e-38
-2.371301e-32
1.401017e-27
8.477678e-09
2.210302e-08
3.824694e-08
1.003054e-07
3.242082e-07
6.572621e-07
1.188528e-06
2.426409e-06
5.594718e-06
9.441042e-06
1.528617e-05
2.282098e-05
5.011795e-05
7.026227e-05
1.025130e-04
1.818537e-04
2.575132e-04
4.207270e-04
9.025734e-04
1.152231e-03
1.406634e-03
2.214581e-03
2.892740e-03
3.374974e-03
4.814799e-03
6.635471e-03
6.633275e-03
6.631079e-03
7.774724e-03
8.576974e-03
1.222593e-02
1.374244e-02
1.452459e-02
1.477738e-02
1.504122e-02
1.878494e-02
2.127902e-02
2.295440e-02
2.092954e-02
2.582890e-02
3.098699e-02
2.735504e-02
3.298382e-02
3.693885e-02
3.724232e-02
4.347887e-02
4.868552e-02
4.218393e-02
4.105009e-02
4.917612e-02
5.559099e-02
5.575132e-02
4.784290e-02
5.112185e-02
5.400991e-02
6.163456e-02
6.304170e-02
6.097989e-02
5.465867e-02
5.814277e-02
6.721067e-02
6.556205e-02
6.544083e-02
6.515794e-02
5.869480e-02
6.535861e-02
6.952153e-02
7.071837e-02
7.053142e-02
6.510948e-02
6.559521e-02
6.737237e-02
7.203394e-02
7.165423e-02
6.947045e-02
6.936876e-02
7.189707e-02
7.318196e-02
7.385967e-02
7.389129e-02
7.240488e-02
7.147072e-02
7.136595e-02
7.135431e-02
7.311159e-02
7.443224e-02
7.425518e-02
7.297733e-02
7.373505e-02
7.507084e-02
7.515109e-02
7.496443e-02
7.485066e-02
7.358171e-02
7.437818e-02
7.513405e-02
7.538692e-02
7.530104e-02
7.563914e-02
7.577655e-02
7.599922e-02
7.612226e-02
7.615452e-02
7.659594e-02
7.753036e-02
7.774383e-02
7.774302e-02
7.776848e-02
