0.000000e+00
1.129602e-56
1.046137e-50
-5.084935e-49
1.352034e-45
-2.580003e-39
-6.138902e-34
-1.191180e-28
6.115553e-10
1.637065e-09
2.791881e-09
7.845608e-09
2.820319e-08
6.184464e-08
1.173514e-07
2.691732e-07
7.064661e-07
1.278214e-06
2.239666e-06
3.554686e-06
9.146713e-06
1.353936e-05
2.139453e-05
4.210744e-05
6.424932e-05
1.148637e-04
2.915516e-04
3.881831e-04
4.970221e-04
8.616093e-04
1.197568e-03
1.427522e-03
2.218151e-03
3.315061e-03
3.289903e-03
3.264745e-03
3.953596e-03
4.495851e-03
6.907889e-03
7.948189e-03
8.521505e-03
8.701541e-03
8.847599e-03
1.167973e-02
1.362304e-02
1.495504e-02
1.320036e-02
1.722157e-02
2.156753e-02
1.832110e-02
2.321076e-02
2.674890e-02
2.686534e-02
3.261265e-02
3.756146e-02
3.120620e-02
3.014986e-02
3.785140e-02
4.412699e-02
4.418970e-02
3.635009e-02
3.953613e-02
4.238918e-02
4.996327e-02
5.127578e-02
4.909206e-02
4.275360e-02
4.618764e-02
5.533518e-02
5.351739e-02
5.339721e-02
5.311677e-02
4.652513e-02
5.330567e-02
5.753652e-02
5.869834e-02
5.846229e-02
5.279436e-02
5.329289e-02
5.514359e-02
5.983549e-02
5.941995e-02
5.710382e-02
5.704562e-02
5.962854e-02
6.089926e-02
6.158391e-02
6.159291e-02
6.001749e-02
5.899800e-02
5.890562e-02
5.889536e-02
6.068482e-02
6.201911e-02
6.183805e-02
6.042802e-02
6.123659e-02
6.254598e-02
6.261101e-02
6.241685e-02
6.226678e-02
6.090732e-02
6.173151e-02
6.249771e-02
6.269001e-02
6.257410e-02
6.290202e-02
6.299764e-02
6.315191e-02
6.322529e-02
6.324422e-02
6.343251e-02
6.384589e-02
6.379031e-02
6.378841e-02
6.368022e-02
