0.000000e+00
-1.186955e-73
-8.192130e-67
3.862211e-65
-2.528100e-61
-1.492727e-55
-4.330714e-50
1.094764e-45
-4.686480e-39
-8.061822e-33
5.037666e-27
2.107990e-09
8.543354e-09
2.019018e-08
4.192517e-08
1.020997e-07
2.930888e-07
5.696761e-07
1.054378e-06
1.761880e-06
4.865187e-06
7.525268e-06
1.231184e-05
2.596747e-05
4.078040e-05
7.741128e-05
2.094304e-04
2.881974e-04
3.738187e-04
6.749067e-04
9.574869e-04
1.170161e-03
1.863810e-03
2.838502e-03
2.835445e-03
2.832388e-03
3.487504e-03
3.968163e-03
6.315111e-03
7.350168e-03
7.903028e-03
8.081567e-03
8.266759e-03
1.106263e-02
1.302357e-02
1.437940e-02
1.272985e-02
1.679736e-02
2.128675e-02
1.806636e-02
2.308897e-02
2.677756e-02
2.706044e-02
3.316785e-02
3.843186e-02
3.182869e-02
3.070687e-02
3.891841e-02
4.570762e-02
4.586996e-02
3.751282e-02
4.092070e-02
4.397861e-02
5.230426e-02
5.386806e-02
5.155186e-02
4.463959e-02
4.842163e-02
5.856602e-02
5.666718e-02
5.652820e-02
5.620387e-02
4.897794e-02
5.641894e-02
6.119435e-02
6.257866e-02
6.235425e-02
5.609992e-02
5.665401e-02
5.868224e-02
6.407730e-02
6.362999e-02
6.106861e-02
6.094321e-02
6.388327e-02
6.539494e-02
6.618578e-02
6.621782e-02
6.445725e-02
6.335272e-02
6.322356e-02
6.320921e-02
6.526860e-02
6.683249e-02
6.661474e-02
6.509298e-02
6.598531e-02
6.755378e-02
6.764337e-02
6.741294e-02
6.727550e-02
6.576645e-02
6.670184e-02
6.758651e-02
6.786624e-02
6.775219e-02
6.814528e-02
6.827046e-02
6.851029e-02
6.862709e-02
6.865655e-02
6.904832e-02
6.987914e-02
7.006833e-02
7.006747e-02
7.008538e-02
