0.000000e+00
3.939094e-09
1.049376e-08
1.849993e-08
3.718209e-08
9.336107e-08
1.654888e-07
3.232323e-07
7.947339e-07
1.580874e-06
2.362567e-06
4.758992e-06
1.110430e-05
1.846862e-05
2.829507e-05
4.716625e-05
8.573329e-05
1.246875e-04
1.759375e-04
2.342911e-04
4.103105e-04
5.222449e-04
6.826086e-04
1.026032e-03
1.315063e-03
1.863843e-03
3.211499e-03
3.820365e-03
4.404620e-03
6.092910e-03
7.368785e-03
8.222462e-03
1.059397e-02
1.331023e-02
1.330953e-02
1.330882e-02
1.490640e-02
1.598595e-02
2.056900e-02
2.237003e-02
2.327154e-02
2.356274e-02
2.386531e-02
2.795873e-02
3.055637e-02
3.225656e-02
3.021205e-02
3.506787e-02
3.995505e-02
3.657014e-02
4.178537e-02
4.530277e-02
4.556577e-02
5.085741e-02
5.514840e-02
4.981641e-02
4.886587e-02
5.555915e-02
6.061719e-02
6.074867e-02
5.450831e-02
5.713796e-02
5.941510e-02
6.524719e-02
6.630345e-02
6.476968e-02
5.994593e-02
6.262688e-02
6.940140e-02
6.820659e-02
6.811917e-02
6.791516e-02
6.308581e-02
6.807873e-02
7.111256e-02
7.197599e-02
7.184815e-02
6.792308e-02
6.828083e-02
6.958582e-02
7.295058e-02
7.268066e-02
7.112949e-02
7.106926e-02
7.288884e-02
7.379816e-02
7.428844e-02
7.431823e-02
7.326850e-02
7.261000e-02
7.254618e-02
7.253909e-02
7.379200e-02
7.471772e-02
7.460631e-02
7.370979e-02
7.424957e-02
7.520769e-02
7.527345e-02
7.515027e-02
7.506846e-02
7.417564e-02
7.474824e-02
7.529315e-02
7.548946e-02
7.544118e-02
7.568754e-02
7.582574e-02
7.600523e-02
7.612226e-02
7.615452e-02
7.659594e-02
7.753036e-02
7.774383e-02
7.774302e-02
7.776848e-02
