0.000000e+00
-1.391466e-57
6.995126e-52
-4.035875e-49
2.564486e-45
-1.638690e-39
1.473788e-33
1.670413e-28
3.361482e-10
7.634369e-10
1.237011e-09
2.790819e-09
7.651014e-09
1.410733e-08
2.404322e-08
4.497017e-08
9.649056e-08
1.583798e-07
2.514654e-07
3.735812e-07
8.380399e-07
1.207967e-06
1.839903e-06
3.632579e-06
5.565295e-06
1.050584e-05
3.001972e-05
4.262088e-05
5.700476e-05
1.121445e-04
1.691192e-04
2.134549e-04
3.740180e-04
6.260024e-04
6.235503e-04
6.210980e-04
8.008837e-04
9.409041e-04
1.673101e-03
2.016129e-03
2.207967e-03
2.269453e-03
2.329518e-03
3.362492e-03
4.128424e-03
4.676221e-03
3.992319e-03
5.688513e-03
7.660578e-03
6.199618e-03
8.476276e-03
1.023262e-02
1.034777e-02
1.342255e-02
1.617794e-02
1.268676e-02
1.211359e-02
1.640131e-02
2.013918e-02
2.021158e-02
1.560607e-02
1.744470e-02
1.913204e-02
2.386682e-02
2.475916e-02
2.338929e-02
1.944488e-02
2.157859e-02
2.749858e-02
2.634139e-02
2.625895e-02
2.606659e-02
2.184341e-02
2.619031e-02
2.904237e-02
2.986560e-02
2.972026e-02
2.594717e-02
2.627819e-02
2.749260e-02
3.072872e-02
3.044879e-02
2.888262e-02
2.881842e-02
3.060177e-02
3.151087e-02
3.199659e-02
3.201104e-02
3.092030e-02
3.023401e-02
3.016005e-02
3.015184e-02
3.140828e-02
3.235723e-02
3.222451e-02
3.127107e-02
3.182456e-02
3.277873e-02
3.283302e-02
3.269275e-02
3.259810e-02
3.165473e-02
3.223165e-02
3.277146e-02
3.292259e-02
3.284593e-02
3.306985e-02
3.314839e-02
3.327464e-02
3.333513e-02
3.335107e-02
3.350763e-02
3.384399e-02
3.390827e-02
3.390718e-02
3.388462e-02
