0.000000e+00
3.503246e-43
-2.607834e-35
7.210953e-34
6.924103e-30
-6.530203e-24
1.799320e-06
3.245868e-06
7.171569e-06
1.307775e-05
1.872463e-05
3.432262e-05
7.159856e-05
1.113492e-04
1.622175e-04
2.517072e-04
4.224691e-04
5.866220e-04
7.912688e-04
1.016419e-03
1.647186e-03
2.034557e-03
2.562295e-03
3.656047e-03
4.529308e-03
6.142581e-03
9.833391e-03
1.145832e-02
1.295208e-02
1.717464e-02
2.024396e-02
2.233703e-02
2.778897e-02
3.382200e-02
3.387262e-02
3.392324e-02
3.746621e-02
3.974859e-02
4.955976e-02
5.334904e-02
5.519775e-02
5.580186e-02
5.648500e-02
6.477447e-02
6.998262e-02
7.335719e-02
6.944872e-02
7.897253e-02
8.846272e-02
8.206430e-02
9.204710e-02
9.872014e-02
9.934030e-02
1.092640e-01
1.172152e-01
1.074522e-01
1.056804e-01
1.180913e-01
1.273640e-01
1.276572e-01
1.162896e-01
1.211151e-01
1.252712e-01
1.359046e-01
1.378769e-01
1.351522e-01
1.264028e-01
1.312976e-01
1.435762e-01
1.414846e-01
1.413255e-01
1.409543e-01
1.322450e-01
1.412488e-01
1.467380e-01
1.483366e-01
1.481250e-01
1.411031e-01
1.417446e-01
1.440766e-01
1.502038e-01
1.497338e-01
1.469651e-01
1.468165e-01
1.500966e-01
1.517765e-01
1.526523e-01
1.527190e-01
1.508499e-01
1.496944e-01
1.495569e-01
1.495416e-01
1.518079e-01
1.535071e-01
1.532941e-01
1.517202e-01
1.526785e-01
1.544267e-01
1.545432e-01
1.543119e-01
1.541899e-01
1.526101e-01
1.536384e-01
1.546305e-01
1.550331e-01
1.549556e-01
1.554419e-01
1.556750e-01
1.560441e-01
1.562732e-01
1.563336e-01
1.572878e-01
1.592820e-01
1.597153e-01
1.597148e-01
1.598004e-01
