3.585574e-08
5.462832e-08
9.739405e-08
1.338810e-07
2.190223e-07
4.016583e-07
5.911173e-07
9.416931e-07
1.804617e-06
3.040569e-06
4.111657e-06
7.180977e-06
1.438311e-05
2.200520e-05
3.137678e-05
4.896586e-05
8.264267e-05
1.144280e-04
1.552626e-04
1.999085e-04
3.330059e-04
4.130786e-04
5.275852e-04
7.634314e-04
9.603113e-04
1.317498e-03
2.184943e-03
2.555114e-03
2.919693e-03
3.949401e-03
4.718679e-03
5.201534e-03
6.598594e-03
8.187911e-03
8.166362e-03
8.144814e-03
9.044236e-03
9.675717e-03
1.221379e-02
1.319634e-02
1.369657e-02
1.385510e-02
1.399553e-02
1.624793e-02
1.765044e-02
1.856606e-02
1.739874e-02
2.003106e-02
2.263572e-02
2.077252e-02
2.357037e-02
2.542548e-02
2.550864e-02
2.827947e-02
3.051935e-02
2.767847e-02
2.716968e-02
3.067049e-02
3.328513e-02
3.332661e-02
3.005298e-02
3.142444e-02
3.260674e-02
3.558679e-02
3.609785e-02
3.528742e-02
3.279763e-02
3.416159e-02
3.760590e-02
3.697076e-02
3.692607e-02
3.682179e-02
3.433940e-02
3.689905e-02
3.841935e-02
3.882991e-02
3.875331e-02
3.674813e-02
3.692770e-02
3.759443e-02
3.924624e-02
3.910235e-02
3.831548e-02
3.830175e-02
3.920707e-02
3.963718e-02
3.988113e-02
3.988760e-02
3.935260e-02
3.901029e-02
3.898267e-02
3.897960e-02
3.959974e-02
4.003457e-02
3.998135e-02
3.951687e-02
3.978515e-02
4.024187e-02
4.027429e-02
4.021453e-02
4.015940e-02
3.970042e-02
3.998502e-02
4.024995e-02
4.032422e-02
4.029482e-02
4.039206e-02
4.047507e-02
4.054112e-02
4.059342e-02
4.060923e-02
4.075221e-02
4.106749e-02
4.107820e-02
4.107673e-02
4.102132e-02
