0.000000e+00
2.609684e-56
-2.649796e-50
1.678496e-48
7.696194e-45
1.044629e-39
1.348151e-33
-2.185145e-28
1.352183e-09
3.197349e-09
5.209079e-09
1.275334e-08
3.963721e-08
8.027607e-08
1.462223e-07
3.118854e-07
7.725199e-07
1.367311e-06
2.343311e-06
3.671046e-06
9.136726e-06
1.345646e-05
2.097868e-05
4.103997e-05
6.199522e-05
1.104039e-04
2.753967e-04
3.667923e-04
4.664179e-04
8.035362e-04
1.109563e-03
1.324696e-03
2.039199e-03
3.015017e-03
3.001334e-03
2.987650e-03
3.613823e-03
4.082699e-03
6.240319e-03
7.166908e-03
7.665338e-03
7.823913e-03
7.969408e-03
1.044027e-02
1.213035e-02
1.329011e-02
1.181825e-02
1.528605e-02
1.903112e-02
1.628990e-02
2.047384e-02
2.347811e-02
2.364017e-02
2.853265e-02
3.271113e-02
2.739435e-02
2.648735e-02
3.301262e-02
3.830784e-02
3.838899e-02
3.180868e-02
3.449225e-02
3.688559e-02
4.328100e-02
4.442349e-02
4.261715e-02
3.727972e-02
4.018294e-02
4.789144e-02
4.640653e-02
4.630240e-02
4.605943e-02
4.052670e-02
4.622282e-02
4.979415e-02
5.079182e-02
5.060489e-02
4.586931e-02
4.628703e-02
4.783056e-02
5.180959e-02
5.146646e-02
4.953855e-02
4.947313e-02
5.165280e-02
5.274140e-02
5.332245e-02
5.333567e-02
5.201982e-02
5.118055e-02
5.109194e-02
5.108209e-02
5.259892e-02
5.373106e-02
5.357607e-02
5.241775e-02
5.308689e-02
5.421193e-02
5.427397e-02
5.410944e-02
5.399140e-02
5.285788e-02
5.355012e-02
5.419893e-02
5.438022e-02
5.428888e-02
5.456288e-02
5.465978e-02
5.480828e-02
5.488492e-02
5.490512e-02
5.512209e-02
5.559280e-02
5.562416e-02
5.562265e-02
5.556661e-02
