9.928424e-06
1.378075e-05
2.160683e-05
2.702479e-05
3.966741e-05
6.172644e-05
8.128725e-05
1.117080e-04
1.719150e-04
2.412473e-04
2.926663e-04
4.108621e-04
6.194336e-04
7.929252e-04
9.744411e-04
1.250050e-03
1.671651e-03
2.005145e-03
2.371695e-03
2.726494e-03
3.585761e-03
4.033458e-03
4.595133e-03
5.602806e-03
6.330132e-03
7.500258e-03
9.805312e-03
1.067095e-02
1.144915e-02
1.343946e-02
1.476088e-02
1.557784e-02
1.764627e-02
1.975387e-02
1.974791e-02
1.974195e-02
2.087136e-02
2.161403e-02
2.445084e-02
2.549334e-02
2.599846e-02
2.616073e-02
2.632227e-02
2.845985e-02
2.973024e-02
3.053803e-02
2.956550e-02
3.180645e-02
3.392441e-02
3.248302e-02
3.468584e-02
3.609675e-02
3.618653e-02
3.817835e-02
3.973787e-02
3.781673e-02
3.746587e-02
3.988563e-02
4.161575e-02
4.166435e-02
3.953148e-02
4.045108e-02
4.123367e-02
4.314055e-02
4.347924e-02
4.299672e-02
4.142329e-02
4.230801e-02
4.445826e-02
4.409849e-02
4.407331e-02
4.401455e-02
4.248569e-02
4.408209e-02
4.501131e-02
4.526893e-02
4.523344e-02
4.405372e-02
4.416705e-02
4.457357e-02
4.558020e-02
4.549658e-02
4.505131e-02
4.505539e-02
4.560721e-02
4.586185e-02
4.602118e-02
4.603409e-02
4.572659e-02
4.553725e-02
4.553281e-02
4.553232e-02
4.590723e-02
4.615804e-02
4.614121e-02
4.588281e-02
4.604361e-02
4.634057e-02
4.637168e-02
4.634777e-02
4.631549e-02
4.605292e-02
4.623068e-02
4.640307e-02
4.647014e-02
4.646829e-02
4.653428e-02
4.663564e-02
4.670608e-02
4.677510e-02
4.679611e-02
4.704230e-02
4.756767e-02
4.768145e-02
4.768045e-02
4.767437e-02
