6.561188e-10
1.127941e-09
2.336258e-09
3.539402e-09
6.346902e-09
1.314707e-08
2.073792e-08
3.576825e-08
7.600040e-08
1.374651e-07
1.954839e-07
3.718509e-07
8.449127e-07
1.411448e-06
2.190220e-06
3.817888e-06
7.467997e-06
1.143524e-05
1.711003e-05
2.397283e-05
4.776371e-05
6.408663e-05
8.975336e-05
1.497455e-04
2.057395e-04
3.201858e-04
6.498137e-04
8.103997e-04
9.772528e-04
1.493769e-03
1.920516e-03
2.203595e-03
3.085477e-03
4.188770e-03
4.172547e-03
4.156325e-03
4.821816e-03
5.305793e-03
7.388062e-03
8.238326e-03
8.684380e-03
8.825853e-03
8.952096e-03
1.106447e-02
1.244524e-02
1.336949e-02
1.218844e-02
1.490346e-02
1.771560e-02
1.567461e-02
1.875962e-02
2.089004e-02
2.099120e-02
2.432266e-02
2.709337e-02
2.356783e-02
2.295243e-02
2.728166e-02
3.065529e-02
3.070954e-02
2.649413e-02
2.823342e-02
2.976044e-02
3.372847e-02
3.441818e-02
3.331707e-02
3.000260e-02
3.181198e-02
3.649135e-02
3.560743e-02
3.554427e-02
3.539687e-02
3.202661e-02
3.549886e-02
3.761733e-02
3.819812e-02
3.808781e-02
3.528088e-02
3.552995e-02
3.645362e-02
3.878398e-02
3.858191e-02
3.745768e-02
3.742814e-02
3.870619e-02
3.932837e-02
3.966867e-02
3.967644e-02
3.891183e-02
3.842314e-02
3.837754e-02
3.837248e-02
3.925330e-02
3.989324e-02
3.981024e-02
3.913933e-02
3.952564e-02
4.017570e-02
4.021546e-02
4.012503e-02
4.005172e-02
3.939299e-02
3.979583e-02
4.017144e-02
4.027328e-02
4.022426e-02
4.037027e-02
4.045232e-02
4.053856e-02
4.059342e-02
4.060923e-02
4.075221e-02
4.106749e-02
4.107820e-02
4.107673e-02
4.102132e-02
