1.592003e-03
1.922442e-03
2.481367e-03
2.780068e-03
3.477080e-03
4.433189e-03
5.157894e-03
6.131130e-03
7.755111e-03
9.306221e-03
1.038033e-02
1.241758e-02
1.544390e-02
1.761594e-02
1.973013e-02
2.247371e-02
2.621707e-02
2.893533e-02
3.164791e-02
3.412179e-02
3.937906e-02
4.196793e-02
4.493214e-02
4.995445e-02
5.325276e-02
5.832719e-02
6.714499e-02
7.032622e-02
7.296003e-02
7.940907e-02
8.342084e-02
8.598570e-02
9.177627e-02
9.732601e-02
9.739560e-02
9.746519e-02
1.004198e-01
1.022360e-01
1.091970e-01
1.116956e-01
1.128496e-01
1.132313e-01
1.136992e-01
1.184379e-01
1.212139e-01
1.229636e-01
1.210554e-01
1.257438e-01
1.301093e-01
1.273224e-01
1.317364e-01
1.345511e-01
1.348328e-01
1.386687e-01
1.416205e-01
1.381327e-01
1.375007e-01
1.420399e-01
1.452264e-01
1.453715e-01
1.415467e-01
1.432541e-01
1.446998e-01
1.481587e-01
1.488160e-01
1.480104e-01
1.452301e-01
1.468565e-01
1.507202e-01
1.501463e-01
1.501090e-01
1.500221e-01
1.473559e-01
1.501923e-01
1.518543e-01
1.523488e-01
1.523141e-01
1.503202e-01
1.505326e-01
1.512481e-01
1.530903e-01
1.529597e-01
1.522221e-01
1.522398e-01
1.532256e-01
1.537026e-01
1.540039e-01
1.540516e-01
1.535478e-01
1.532523e-01
1.532585e-01
1.532592e-01
1.539310e-01
1.544054e-01
1.543974e-01
1.539845e-01
1.542741e-01
1.548552e-01
1.549232e-01
1.548972e-01
1.548656e-01
1.544374e-01
1.547722e-01
1.551285e-01
1.553471e-01
1.553796e-01
1.555952e-01
1.558304e-01
1.560629e-01
1.562732e-01
1.563336e-01
1.572878e-01
1.592820e-01
1.597153e-01
1.597148e-01
1.598004e-01
