0.000000e+00
3.453838e-10
7.865567e-10
1.221688e-09
2.237053e-09
4.762763e-09
7.615358e-09
1.329199e-08
2.843321e-08
5.103939e-08
7.226888e-08
1.340098e-07
2.916389e-07
4.717226e-07
7.156621e-07
1.204459e-06
2.291461e-06
3.475814e-06
5.182620e-06
7.282425e-06
1.482260e-05
2.021910e-05
2.897972e-05
5.067473e-05
7.191163e-05
1.180068e-04
2.635377e-04
3.396222e-04
4.212852e-04
6.883367e-04
9.225032e-04
1.082570e-03
1.606411e-03
2.301988e-03
2.290980e-03
2.279972e-03
2.715370e-03
3.039954e-03
4.496762e-03
5.111649e-03
5.440768e-03
5.545073e-03
5.637494e-03
7.247466e-03
8.332320e-03
9.070752e-03
8.123388e-03
1.032374e-02
1.266740e-02
1.094748e-02
1.355526e-02
1.540493e-02
1.549230e-02
1.846655e-02
2.098850e-02
1.777102e-02
1.721817e-02
2.115628e-02
2.431254e-02
2.435677e-02
2.042301e-02
2.203009e-02
2.345687e-02
2.723205e-02
2.789714e-02
2.683275e-02
2.367520e-02
2.539046e-02
2.990730e-02
2.903789e-02
2.897707e-02
2.883514e-02
2.558328e-02
2.892977e-02
3.100323e-02
3.157515e-02
3.146517e-02
2.870922e-02
2.895193e-02
2.985300e-02
3.214614e-02
3.194512e-02
3.083203e-02
3.080013e-02
3.206141e-02
3.267899e-02
3.301609e-02
3.302261e-02
3.226062e-02
3.177469e-02
3.172755e-02
3.172232e-02
3.259610e-02
3.323349e-02
3.314826e-02
3.247897e-02
3.286330e-02
3.350836e-02
3.354706e-02
3.345471e-02
3.338046e-02
3.272409e-02
3.312321e-02
3.349418e-02
3.358988e-02
3.353819e-02
3.368139e-02
3.375469e-02
3.383414e-02
3.388143e-02
3.389505e-02
3.400324e-02
3.424416e-02
3.424397e-02
3.424257e-02
3.418628e-02
