0.000000e+00
-3.323449e-64
-1.971451e-57
-3.339121e-55
-4.186635e-51
7.997254e-45
-4.758227e-39
3.212391e-34
-1.487003e-28
5.561132e-10
9.053889e-10
2.147755e-09
6.236201e-09
1.191625e-08
2.072607e-08
4.092388e-08
9.370156e-08
1.597078e-07
2.657306e-07
4.103485e-07
1.020814e-06
1.527855e-06
2.449770e-06
5.150609e-06
8.201254e-06
1.606021e-05
4.795321e-05
6.816445e-05
9.153929e-05
1.796966e-04
2.696257e-04
3.368097e-04
5.826510e-04
9.607068e-04
9.544934e-04
9.482800e-04
1.209586e-03
1.415296e-03
2.445003e-03
2.917653e-03
3.182208e-03
3.266304e-03
3.342885e-03
4.740557e-03
5.756597e-03
6.477827e-03
5.557600e-03
7.776493e-03
1.030960e-02
8.415044e-03
1.132796e-02
1.353122e-02
1.364894e-02
1.744477e-02
2.081213e-02
1.651223e-02
1.580251e-02
2.104996e-02
2.554410e-02
2.560866e-02
2.003836e-02
2.226832e-02
2.431674e-02
2.992951e-02
3.095298e-02
2.931539e-02
2.461879e-02
2.715398e-02
3.412073e-02
3.273921e-02
3.264352e-02
3.242024e-02
2.742898e-02
3.256369e-02
3.588219e-02
3.681977e-02
3.663986e-02
3.222027e-02
3.260723e-02
3.403355e-02
3.776719e-02
3.743892e-02
3.560919e-02
3.554706e-02
3.760529e-02
3.864309e-02
3.919663e-02
3.920746e-02
3.794336e-02
3.713945e-02
3.705420e-02
3.704473e-02
3.848949e-02
3.957615e-02
3.942495e-02
3.830728e-02
3.894809e-02
4.002712e-02
4.008455e-02
3.992369e-02
3.980792e-02
3.871457e-02
3.937567e-02
3.999565e-02
4.015838e-02
4.006494e-02
4.032220e-02
4.040277e-02
4.053286e-02
4.059342e-02
4.060923e-02
4.075221e-02
4.106749e-02
4.107820e-02
4.107673e-02
4.102132e-02
