5.395013e-09
9.297979e-09
1.994962e-08
3.138477e-08
5.806834e-08
1.291757e-07
2.135258e-07
3.864141e-07
8.651262e-07
1.651649e-06
2.341760e-06
4.572209e-06
1.024658e-05
1.666444e-05
2.464041e-05
4.077341e-05
7.270379e-05
1.034704e-04
1.442943e-04
1.895808e-04
3.305842e-04
4.161275e-04
5.428724e-04
8.046928e-04
1.031145e-03
1.443699e-03
2.486285e-03
2.932054e-03
3.387642e-03
4.673495e-03
5.656326e-03
6.262781e-03
8.083095e-03
1.019745e-02
1.015338e-02
1.010931e-02
1.129179e-02
1.216161e-02
1.556950e-02
1.690109e-02
1.759422e-02
1.781153e-02
1.798497e-02
2.110738e-02
2.306364e-02
2.433962e-02
2.265621e-02
2.636576e-02
3.004901e-02
2.736478e-02
3.135016e-02
3.401245e-02
3.408855e-02
3.807256e-02
4.131737e-02
3.716187e-02
3.643604e-02
4.150052e-02
4.530239e-02
4.534269e-02
4.055954e-02
4.255276e-02
4.428059e-02
4.862623e-02
4.935108e-02
4.814859e-02
4.450230e-02
4.649338e-02
5.152834e-02
5.056787e-02
5.050351e-02
5.035333e-02
4.670458e-02
5.045837e-02
5.268503e-02
5.327804e-02
5.315812e-02
5.018619e-02
5.044983e-02
5.143589e-02
5.385249e-02
5.363923e-02
5.246187e-02
5.244113e-02
5.376861e-02
5.439722e-02
5.474792e-02
5.475263e-02
5.395880e-02
5.344376e-02
5.340305e-02
5.339852e-02
5.430305e-02
5.494965e-02
5.486479e-02
5.416229e-02
5.456363e-02
5.521700e-02
5.525623e-02
5.516445e-02
5.508133e-02
5.440018e-02
5.481712e-02
5.520418e-02
5.530265e-02
5.525360e-02
5.540593e-02
5.549575e-02
5.558190e-02
5.564086e-02
5.565798e-02
5.581685e-02
5.616851e-02
5.611686e-02
5.611505e-02
5.601482e-02
