8.898122e-10
1.464292e-09
2.856836e-09
4.133091e-09
7.111193e-09
1.373740e-08
2.067227e-08
3.353558e-08
6.495862e-08
1.077478e-07
1.458115e-07
2.467676e-07
4.753603e-07
7.078496e-07
9.996862e-07
1.515147e-06
2.521341e-06
3.501640e-06
4.777059e-06
6.227528e-06
1.083846e-05
1.388822e-05
1.850685e-05
2.948542e-05
3.967548e-05
6.130190e-05
1.283208e-04
1.634346e-04
2.012184e-04
3.275594e-04
4.405332e-04
5.182503e-04
7.808902e-04
1.141482e-03
1.135220e-03
1.128957e-03
1.359614e-03
1.533385e-03
2.339640e-03
2.686481e-03
2.874571e-03
2.934044e-03
2.985627e-03
3.930844e-03
4.581052e-03
5.028720e-03
4.449252e-03
5.799694e-03
7.266956e-03
6.176624e-03
7.829268e-03
9.021960e-03
9.074069e-03
1.103692e-02
1.272624e-02
1.056280e-02
1.019383e-02
1.282952e-02
1.498704e-02
1.501442e-02
1.232432e-02
1.341232e-02
1.438694e-02
1.700087e-02
1.746331e-02
1.671597e-02
1.452478e-02
1.570771e-02
1.886510e-02
1.824935e-02
1.820602e-02
1.810490e-02
1.582759e-02
1.816809e-02
1.963220e-02
2.003429e-02
1.995458e-02
1.800163e-02
1.817234e-02
1.880817e-02
2.042666e-02
2.028136e-02
1.949004e-02
1.946921e-02
2.036565e-02
2.080101e-02
2.104247e-02
2.104550e-02
2.049879e-02
2.014969e-02
2.011710e-02
2.011348e-02
2.073578e-02
2.118436e-02
2.112349e-02
2.064263e-02
2.091629e-02
2.137507e-02
2.140324e-02
2.133760e-02
2.128052e-02
2.080765e-02
2.109254e-02
2.135538e-02
2.141593e-02
2.137764e-02
2.146875e-02
2.152632e-02
2.157628e-02
2.160738e-02
2.161688e-02
2.166210e-02
2.176694e-02
2.174407e-02
2.174273e-02
2.168414e-02
