3.460316e-10
5.892554e-10
1.202059e-09
1.795027e-09
3.178699e-09
6.412949e-09
9.911231e-09
1.659208e-08
3.350076e-08
5.730653e-08
7.895845e-08
1.378996e-07
2.757422e-07
4.196040e-07
6.033145e-07
9.330863e-07
1.587735e-06
2.233892e-06
3.080953e-06
4.050534e-06
7.150532e-06
9.217351e-06
1.235542e-05
1.990128e-05
2.695640e-05
4.217023e-05
9.056908e-05
1.166130e-04
1.449071e-04
2.418548e-04
3.308208e-04
3.930256e-04
6.078104e-04
9.115050e-04
9.061850e-04
9.008650e-04
1.099164e-03
1.250154e-03
1.967824e-03
2.282057e-03
2.454222e-03
2.508685e-03
2.556136e-03
3.436296e-03
4.052020e-03
4.479929e-03
3.926327e-03
5.226772e-03
6.662199e-03
5.590688e-03
7.219373e-03
8.412499e-03
8.465871e-03
1.046072e-02
1.219552e-02
9.973003e-03
9.597319e-03
1.230274e-02
1.455172e-02
1.458022e-02
1.177942e-02
1.290675e-02
1.392257e-02
1.667538e-02
1.716637e-02
1.637330e-02
1.406664e-02
1.530995e-02
1.866182e-02
1.800334e-02
1.795703e-02
1.784899e-02
1.543419e-02
1.791604e-02
1.948318e-02
1.991614e-02
1.982993e-02
1.773832e-02
1.792094e-02
1.860004e-02
2.033936e-02
2.018342e-02
1.933063e-02
1.930727e-02
2.027103e-02
2.074214e-02
2.100170e-02
2.100500e-02
2.041491e-02
2.003871e-02
2.000292e-02
1.999895e-02
2.066966e-02
2.115700e-02
2.109069e-02
2.057067e-02
2.086651e-02
2.136224e-02
2.139199e-02
2.132015e-02
2.126016e-02
2.074867e-02
2.105620e-02
2.134023e-02
2.140613e-02
2.136392e-02
2.146485e-02
2.152219e-02
2.157579e-02
2.160738e-02
2.161688e-02
2.166210e-02
2.176694e-02
2.174407e-02
2.174273e-02
2.168414e-02
