0.000000e+00
-2.471107e-28
2.205932e-10
3.518906e-10
6.582689e-10
1.448333e-09
2.360844e-09
4.209070e-09
9.234705e-09
1.679953e-08
2.399306e-08
4.465288e-08
9.631944e-08
1.532646e-07
2.286517e-07
3.692097e-07
6.594525e-07
9.550172e-07
1.350374e-06
1.810452e-06
3.305163e-06
4.317812e-06
5.862291e-06
9.638698e-06
1.319948e-05
2.105328e-05
4.698621e-05
6.154895e-05
7.760284e-05
1.350225e-04
1.901841e-04
2.299203e-04
3.727667e-04
5.862953e-04
5.825018e-04
5.787084e-04
7.237516e-04
8.364954e-04
1.398232e-03
1.652925e-03
1.795191e-03
1.840233e-03
1.879786e-03
2.632352e-03
3.176497e-03
3.561870e-03
3.064030e-03
4.252471e-03
5.605563e-03
4.586698e-03
6.144466e-03
7.319812e-03
7.374782e-03
9.402908e-03
1.120376e-02
8.895126e-03
8.512160e-03
1.131673e-02
1.372123e-02
1.375153e-02
1.076511e-02
1.195557e-02
1.304169e-02
1.604558e-02
1.658918e-02
1.571098e-02
1.319606e-02
1.454727e-02
1.826254e-02
1.752174e-02
1.746999e-02
1.734923e-02
1.467925e-02
1.742328e-02
1.918888e-02
1.968152e-02
1.958338e-02
1.722465e-02
1.742993e-02
1.819134e-02
2.016560e-02
1.998802e-02
1.901645e-02
1.898753e-02
2.008248e-02
2.062445e-02
2.092082e-02
2.092444e-02
2.024912e-02
1.981901e-02
1.977664e-02
1.977194e-02
2.053859e-02
2.110267e-02
2.102430e-02
2.042781e-02
2.076730e-02
2.133659e-02
2.136950e-02
2.128540e-02
2.121789e-02
2.063178e-02
2.098398e-02
2.131026e-02
2.138622e-02
2.133642e-02
2.145679e-02
2.151379e-02
2.157482e-02
2.160738e-02
2.161688e-02
2.166210e-02
2.176694e-02
2.174407e-02
2.174273e-02
2.168414e-02
