0.000000e+00
-1.052573e-80
9.216519e-74
-4.542210e-72
3.776218e-69
-1.451398e-62
4.978412e-59
-4.287125e-52
-4.416690e-46
-8.616752e-40
5.958346e-34
-4.279570e-29
1.332629e-10
2.844174e-10
5.307368e-10
1.162340e-09
2.912680e-09
5.153395e-09
8.806815e-09
1.374876e-08
3.416927e-08
5.029348e-08
7.854938e-08
1.560355e-07
2.385579e-07
4.368928e-07
1.175810e-06
1.619361e-06
2.125370e-06
4.053619e-06
6.051350e-06
7.558362e-06
1.362094e-05
2.443500e-05
2.421079e-05
2.398657e-05
3.252465e-05
3.977199e-05
8.671296e-05
1.125410e-04
1.288508e-04
1.340163e-04
1.385659e-04
2.482877e-04
3.486066e-04
4.303342e-04
3.243700e-04
6.110491e-04
1.023804e-03
6.890328e-04
1.223657e-03
1.737171e-03
1.764013e-03
2.918824e-03
4.145435e-03
2.565229e-03
2.342952e-03
4.220892e-03
6.312392e-03
6.334105e-03
3.789309e-03
4.716307e-03
5.659123e-03
8.755019e-03
9.383608e-03
8.352991e-03
5.778483e-03
7.119959e-03
1.148931e-02
1.050333e-02
1.043777e-02
1.028481e-02
7.208499e-03
1.037177e-02
1.274266e-02
1.344993e-02
1.330191e-02
1.009984e-02
1.037243e-02
1.136028e-02
1.415051e-02
1.388231e-02
1.245661e-02
1.241118e-02
1.399637e-02
1.482749e-02
1.528146e-02
1.528386e-02
1.423709e-02
1.358440e-02
1.351845e-02
1.351113e-02
1.466559e-02
1.556427e-02
1.543226e-02
1.448789e-02
1.502069e-02
1.591379e-02
1.595742e-02
1.581654e-02
1.571291e-02
1.478530e-02
1.533434e-02
1.584931e-02
1.596366e-02
1.587363e-02
1.608260e-02
1.612683e-02
1.621294e-02
1.624019e-02
1.624680e-02
1.624770e-02
1.626108e-02
1.620853e-02
1.620720e-02
1.613900e-02
