1.147501e-07
1.613828e-07
2.597595e-07
3.324803e-07
5.021721e-07
8.201395e-07
1.117814e-06
1.618560e-06
2.721219e-06
4.169685e-06
5.302501e-06
8.420292e-06
1.513175e-05
2.180415e-05
2.956433e-05
4.393655e-05
7.036758e-05
9.443239e-05
1.249831e-04
1.577653e-04
2.553801e-04
3.125491e-04
3.949995e-04
5.614754e-04
7.013941e-04
9.504925e-04
1.559960e-03
1.814071e-03
2.071049e-03
2.787630e-03
3.325216e-03
3.652784e-03
4.628089e-03
5.743359e-03
5.720383e-03
5.697408e-03
6.315689e-03
6.763925e-03
8.516918e-03
9.194108e-03
9.543702e-03
9.653225e-03
9.739951e-03
1.131066e-02
1.228521e-02
1.291837e-02
1.208148e-02
1.391775e-02
1.572544e-02
1.440700e-02
1.635937e-02
1.764882e-02
1.768318e-02
1.960597e-02
2.116336e-02
1.916599e-02
1.880988e-02
2.124224e-02
2.305544e-02
2.307438e-02
2.078832e-02
2.173870e-02
2.255913e-02
2.461925e-02
2.496127e-02
2.439254e-02
2.265765e-02
2.360012e-02
2.597224e-02
2.552277e-02
2.549138e-02
2.541812e-02
2.369140e-02
2.546495e-02
2.650780e-02
2.678117e-02
2.672355e-02
2.532868e-02
2.545100e-02
2.591323e-02
2.703226e-02
2.692910e-02
2.638352e-02
2.637727e-02
2.699855e-02
2.728291e-02
2.744948e-02
2.744989e-02
2.707534e-02
2.683389e-02
2.681699e-02
2.681512e-02
2.723691e-02
2.752175e-02
2.748475e-02
2.715733e-02
2.734112e-02
2.764316e-02
2.766502e-02
2.762305e-02
2.757780e-02
2.725558e-02
2.745040e-02
2.762771e-02
2.766366e-02
2.764147e-02
2.769183e-02
2.775430e-02
2.778728e-02
2.781751e-02
2.782747e-02
2.787492e-02
2.799028e-02
2.794247e-02
2.794098e-02
2.786529e-02
