1.377361e-08
1.952633e-08
3.128402e-08
3.971581e-08
5.939113e-08
9.432465e-08
1.256882e-07
1.762899e-07
2.809205e-07
4.009416e-07
4.980486e-07
7.177567e-07
1.133595e-06
1.494070e-06
1.906464e-06
2.527046e-06
3.572297e-06
4.469362e-06
5.491810e-06
6.542858e-06
9.281429e-06
1.085577e-05
1.287643e-05
1.708481e-05
2.025664e-05
2.606744e-05
3.947946e-05
4.541068e-05
5.091588e-05
6.810936e-05
8.124448e-05
8.992478e-05
1.170004e-04
1.515353e-04
1.513719e-04
1.512085e-04
1.739585e-04
1.886951e-04
2.688318e-04
3.031794e-04
3.213966e-04
3.271965e-04
3.325504e-04
4.348498e-04
5.095185e-04
5.631153e-04
4.934527e-04
6.627358e-04
8.630641e-04
7.076922e-04
9.446836e-04
1.129041e-03
1.137936e-03
1.486274e-03
1.810071e-03
1.389782e-03
1.319041e-03
1.824014e-03
2.292002e-03
2.296444e-03
1.714839e-03
1.936543e-03
2.145320e-03
2.762113e-03
2.877964e-03
2.688617e-03
2.167628e-03
2.440143e-03
3.233376e-03
3.068959e-03
3.056627e-03
3.027851e-03
2.454840e-03
3.040742e-03
3.434694e-03
3.544110e-03
3.520158e-03
2.987951e-03
3.032628e-03
3.200731e-03
3.642014e-03
3.598559e-03
3.376535e-03
3.371072e-03
3.623178e-03
3.744235e-03
3.815314e-03
3.814685e-03
3.652356e-03
3.550780e-03
3.541213e-03
3.540151e-03
3.719140e-03
3.842572e-03
3.824570e-03
3.682370e-03
3.760133e-03
3.893088e-03
3.902732e-03
3.882763e-03
3.861675e-03
3.718348e-03
3.801370e-03
3.876084e-03
3.885529e-03
3.872679e-03
3.886681e-03
3.910183e-03
3.917045e-03
3.923225e-03
3.925821e-03
3.899718e-03
3.837821e-03
3.782712e-03
3.781762e-03
3.725910e-03
