1.719004e-15
4.569375e-15
1.631509e-14
3.919714e-14
9.259172e-14
3.241837e-13
7.048787e-13
1.767131e-12
6.089650e-12
1.523831e-11
2.680190e-11
6.935354e-11
2.231969e-10
4.515724e-10
8.313060e-10
1.687118e-09
3.947823e-09
6.812770e-09
1.121188e-08
1.707905e-08
3.884340e-08
5.592107e-08
8.350006e-08
1.577584e-07
2.305994e-07
4.034071e-07
9.705333e-07
1.304332e-06
1.649158e-06
2.907326e-06
4.081860e-06
5.001003e-06
8.074136e-06
1.268111e-05
1.272045e-05
1.275978e-05
1.624999e-05
1.862459e-05
3.363816e-05
4.100884e-05
4.509481e-05
4.642889e-05
4.792865e-05
7.420385e-05
9.693713e-05
1.151032e-04
9.278468e-05
1.568233e-04
2.515104e-04
1.752202e-04
3.004085e-04
4.288781e-04
4.401700e-04
7.785870e-04
1.175508e-03
6.671723e-04
5.995252e-04
1.204018e-03
2.006712e-03
2.018834e-03
1.057224e-03
1.383667e-03
1.741045e-03
3.097397e-03
3.408889e-03
2.918900e-03
1.794793e-03
2.367525e-03
4.500170e-03
3.988066e-03
3.952923e-03
3.870916e-03
2.397922e-03
3.912618e-03
5.200861e-03
5.612919e-03
5.529897e-03
3.785958e-03
3.931456e-03
4.448755e-03
6.039855e-03
5.880635e-03
5.058653e-03
5.026410e-03
5.948796e-03
6.456993e-03
6.738353e-03
6.741605e-03
6.101512e-03
5.715976e-03
5.673471e-03
5.668750e-03
6.367353e-03
6.925412e-03
6.840903e-03
6.264276e-03
6.588607e-03
7.157884e-03
7.187904e-03
7.096782e-03
7.032779e-03
6.452902e-03
6.794852e-03
7.120482e-03
7.196177e-03
7.139223e-03
7.268844e-03
7.301306e-03
7.359359e-03
7.378279e-03
7.383076e-03
7.378236e-03
7.360597e-03
7.318254e-03
7.317178e-03
7.259933e-03
