2.253991e-09
3.467464e-09
6.271214e-09
8.603816e-09
1.404687e-08
2.526105e-08
3.632451e-08
5.561184e-08
9.954348e-08
1.573787e-07
2.039908e-07
3.274187e-07
5.872193e-07
8.366188e-07
1.128417e-06
1.633582e-06
2.547884e-06
3.375425e-06
4.398861e-06
5.497402e-06
8.725385e-06
1.066829e-05
1.343720e-05
1.946417e-05
2.462243e-05
3.467073e-05
6.288786e-05
7.665128e-05
9.129048e-05
1.396155e-04
1.823287e-04
2.110225e-04
3.118134e-04
4.543008e-04
4.511271e-04
4.479534e-04
5.403644e-04
6.112722e-04
9.527327e-04
1.102790e-03
1.186115e-03
1.212246e-03
1.233152e-03
1.668863e-03
1.977727e-03
2.193797e-03
1.906540e-03
2.573077e-03
3.319510e-03
2.749707e-03
3.607935e-03
4.245026e-03
4.264847e-03
5.354448e-03
6.317077e-03
5.071308e-03
4.862033e-03
6.360909e-03
7.632947e-03
7.643147e-03
6.051886e-03
6.682249e-03
7.255639e-03
8.830310e-03
9.107653e-03
8.642095e-03
7.315135e-03
8.020984e-03
9.953206e-03
9.562057e-03
9.534278e-03
9.469454e-03
8.069255e-03
9.502082e-03
1.041215e-02
1.065857e-02
1.060407e-02
9.374884e-03
9.479514e-03
9.874772e-03
1.087626e-02
1.078131e-02
1.027919e-02
1.026680e-02
1.082851e-02
1.109650e-02
1.124804e-02
1.124613e-02
1.089374e-02
1.066801e-02
1.064722e-02
1.064491e-02
1.103524e-02
1.130932e-02
1.126886e-02
1.095759e-02
1.112906e-02
1.141030e-02
1.142728e-02
1.138363e-02
1.134159e-02
1.103587e-02
1.121464e-02
1.137604e-02
1.140111e-02
1.137363e-02
1.141733e-02
1.145421e-02
1.147310e-02
1.148490e-02
1.148931e-02
1.146065e-02
1.140822e-02
1.133465e-02
1.133331e-02
1.125910e-02
