4.022944e-15
1.033094e-14
3.532884e-14
8.139854e-14
1.889007e-13
6.336244e-13
1.341778e-12
3.258656e-12
1.077308e-11
2.616254e-11
4.519037e-11
1.132709e-10
3.507990e-10
6.935963e-10
1.252552e-09
2.484051e-09
5.658200e-09
9.601115e-09
1.555805e-08
2.339619e-08
5.188702e-08
7.389526e-08
1.089907e-07
2.021345e-07
2.922500e-07
5.031573e-07
1.181788e-06
1.575695e-06
1.980026e-06
3.442343e-06
4.793269e-06
5.843462e-06
9.333710e-06
1.452384e-05
1.456646e-05
1.460908e-05
1.851861e-05
2.117254e-05
3.788163e-05
4.605865e-05
5.059464e-05
5.207405e-05
5.372476e-05
8.284295e-05
1.079857e-04
1.280420e-04
1.033327e-04
1.738181e-04
2.773856e-04
1.940242e-04
3.304110e-04
4.688439e-04
4.806888e-04
8.385642e-04
1.252810e-03
7.219875e-04
6.505150e-04
1.282240e-03
2.102950e-03
2.115218e-03
1.130196e-03
1.467391e-03
1.833112e-03
3.198036e-03
3.507669e-03
3.019973e-03
1.887786e-03
2.466059e-03
4.584236e-03
4.080489e-03
4.045831e-03
3.964956e-03
2.497935e-03
4.006209e-03
5.269860e-03
5.671069e-03
5.590303e-03
3.880807e-03
4.023724e-03
4.533168e-03
6.085281e-03
5.930848e-03
5.130887e-03
5.099730e-03
5.997672e-03
6.489465e-03
6.761588e-03
6.764677e-03
6.145470e-03
5.771399e-03
5.730276e-03
5.725707e-03
6.403005e-03
6.941377e-03
6.860164e-03
6.303042e-03
6.616519e-03
7.165609e-03
7.194741e-03
7.107173e-03
7.045241e-03
6.485447e-03
6.815745e-03
7.129598e-03
7.202154e-03
7.147456e-03
7.271373e-03
7.303934e-03
7.359670e-03
7.378279e-03
7.383076e-03
7.378236e-03
7.360597e-03
7.318254e-03
7.317178e-03
7.259933e-03
