9.447813e-15
2.343986e-14
7.676584e-14
1.697415e-13
3.866973e-13
1.242583e-12
2.562599e-12
6.028897e-12
1.911985e-11
4.505820e-11
7.642868e-11
1.855555e-10
5.529801e-10
1.068446e-09
1.892688e-09
3.667857e-09
8.132355e-09
1.356816e-08
2.164817e-08
3.213675e-08
6.949672e-08
9.790575e-08
1.426389e-07
2.596753e-07
3.713491e-07
6.292010e-07
1.442746e-06
1.908433e-06
2.383397e-06
4.086337e-06
5.643349e-06
6.845598e-06
1.081859e-05
1.668064e-05
1.672665e-05
1.677266e-05
2.116376e-05
2.413939e-05
4.279619e-05
5.189964e-05
5.695474e-05
5.860149e-05
6.042331e-05
9.280610e-05
1.207008e-04
1.429063e-04
1.154720e-04
1.932271e-04
3.066620e-04
2.154749e-04
3.642000e-04
5.133830e-04
5.257922e-04
9.040174e-04
1.335950e-03
7.821734e-04
7.067086e-04
1.366277e-03
2.204332e-03
2.216744e-03
1.208992e-03
1.556895e-03
1.930661e-03
3.302255e-03
3.609585e-03
3.124949e-03
1.986192e-03
2.569234e-03
4.669979e-03
4.175321e-03
4.141172e-03
4.061487e-03
2.602613e-03
4.102300e-03
5.339875e-03
5.729877e-03
5.651433e-03
3.978329e-03
4.118467e-03
4.619360e-03
6.131073e-03
5.981500e-03
5.204298e-03
5.174145e-03
6.047034e-03
6.522143e-03
6.784798e-03
6.787849e-03
6.189846e-03
5.827377e-03
5.787709e-03
5.783303e-03
6.438912e-03
6.957372e-03
6.879410e-03
6.342032e-03
6.644582e-03
7.173353e-03
7.201617e-03
7.117636e-03
7.057688e-03
6.518207e-03
6.836748e-03
7.138751e-03
7.208169e-03
7.155769e-03
7.273927e-03
7.306594e-03
7.359978e-03
7.378279e-03
7.383076e-03
7.378236e-03
7.360597e-03
7.318254e-03
7.317178e-03
7.259933e-03
