1.222530e-15
3.231329e-15
1.157531e-14
2.794744e-14
6.615129e-14
2.320689e-13
5.036667e-13
1.261989e-12
4.315914e-12
1.088118e-11
1.877584e-11
4.909464e-11
1.586211e-10
3.206665e-10
5.820824e-10
1.190200e-09
2.781927e-09
4.750096e-09
7.787080e-09
1.177570e-08
2.682463e-08
3.834334e-08
5.714507e-08
1.068730e-07
1.558469e-07
2.690768e-07
6.399245e-07
8.506063e-07
1.071226e-06
1.862275e-06
2.589679e-06
3.134520e-06
4.978685e-06
7.669432e-06
7.678311e-06
7.687190e-06
9.661511e-06
1.098548e-05
1.899470e-05
2.275728e-05
2.476723e-05
2.542345e-05
2.616099e-05
3.846709e-05
4.835615e-05
5.589936e-05
4.669925e-05
7.214738e-05
1.071758e-04
7.953821e-05
1.242773e-04
1.671417e-04
1.717999e-04
2.894950e-04
4.333837e-04
2.489068e-04
2.243594e-04
4.426981e-04
7.745437e-04
7.789274e-04
3.857430e-04
5.096317e-04
6.540749e-04
1.293122e-03
1.456452e-03
1.199811e-03
6.740586e-04
9.341441e-04
2.068220e-03
1.767111e-03
1.746527e-03
1.698494e-03
9.363824e-04
1.719352e-03
2.493031e-03
2.756951e-03
2.700467e-03
1.642296e-03
1.727664e-03
2.025212e-03
3.030756e-03
2.921487e-03
2.385607e-03
2.364750e-03
2.963167e-03
3.309929e-03
3.506903e-03
3.507610e-03
3.059452e-03
2.798647e-03
2.768947e-03
2.765648e-03
3.239367e-03
3.630823e-03
3.569145e-03
3.160271e-03
3.385922e-03
3.790925e-03
3.812150e-03
3.744768e-03
3.696276e-03
3.279670e-03
3.521051e-03
3.754837e-03
3.805836e-03
3.762126e-03
3.853360e-03
3.875446e-03
3.913003e-03
3.923225e-03
3.925821e-03
3.899718e-03
3.837821e-03
3.782712e-03
3.781762e-03
3.725910e-03
