5.146888e-05
7.168861e-05
1.119190e-04
1.390570e-04
2.023827e-04
3.099903e-04
4.040193e-04
5.477748e-04
8.273229e-04
1.136126e-03
1.373238e-03
1.881085e-03
2.758068e-03
3.472259e-03
4.230764e-03
5.315783e-03
6.962593e-03
8.268498e-03
9.669592e-03
1.102479e-02
1.417276e-02
1.583251e-02
1.784451e-02
2.147816e-02
2.401823e-02
2.815405e-02
3.600172e-02
3.900886e-02
4.158756e-02
4.821806e-02
5.254566e-02
5.535179e-02
6.203562e-02
6.873719e-02
6.880449e-02
6.887180e-02
7.254749e-02
7.483554e-02
8.396596e-02
8.730856e-02
8.888837e-02
8.940545e-02
8.999685e-02
9.667057e-02
1.006607e-01
1.031901e-01
1.003262e-01
1.072444e-01
1.138383e-01
1.095160e-01
1.162720e-01
1.206224e-01
1.210281e-01
1.271603e-01
1.319311e-01
1.261604e-01
1.251029e-01
1.325081e-01
1.378009e-01
1.379939e-01
1.315462e-01
1.343574e-01
1.367364e-01
1.425963e-01
1.436819e-01
1.422487e-01
1.374670e-01
1.401925e-01
1.468007e-01
1.457424e-01
1.456657e-01
1.454868e-01
1.408444e-01
1.456963e-01
1.485729e-01
1.494095e-01
1.493198e-01
1.457305e-01
1.460790e-01
1.473104e-01
1.504979e-01
1.502626e-01
1.488879e-01
1.488530e-01
1.505538e-01
1.514011e-01
1.518808e-01
1.519307e-01
1.510091e-01
1.504468e-01
1.504086e-01
1.504043e-01
1.515651e-01
1.524166e-01
1.523434e-01
1.515763e-01
1.520719e-01
1.530069e-01
1.530893e-01
1.530008e-01
1.529437e-01
1.521594e-01
1.527063e-01
1.532555e-01
1.535313e-01
1.535278e-01
1.538229e-01
1.540578e-01
1.543277e-01
1.545411e-01
1.546011e-01
1.555448e-01
1.575168e-01
1.579463e-01
1.579458e-01
1.580307e-01
