7.067973e-16
1.696648e-15
5.499143e-15
1.204601e-14
2.732291e-14
8.732190e-14
1.786745e-13
4.148159e-13
1.280355e-12
3.063842e-12
4.981543e-12
1.230558e-11
3.679460e-11
7.109420e-11
1.222741e-10
2.412084e-10
5.344179e-10
8.762168e-10
1.391853e-09
2.045211e-09
4.469300e-09
6.227769e-09
9.107582e-09
1.631529e-08
2.339127e-08
3.893872e-08
8.868419e-08
1.153442e-07
1.440387e-07
2.415926e-07
3.294425e-07
3.923068e-07
6.036742e-07
9.012965e-07
9.000191e-07
8.987417e-07
1.103011e-06
1.244436e-06
2.024079e-06
2.374177e-06
2.558495e-06
2.618138e-06
2.680966e-06
3.734425e-06
4.528111e-06
5.095480e-06
4.394199e-06
6.230256e-06
8.513412e-06
6.780903e-06
9.519186e-06
1.175292e-05
1.204555e-05
1.717254e-05
2.252477e-05
1.566209e-05
1.452410e-05
2.291476e-05
3.373158e-05
3.400828e-05
2.100245e-05
2.519365e-05
2.969021e-05
5.031050e-05
5.640140e-05
4.784922e-05
3.058840e-05
3.895583e-05
7.954157e-05
6.820508e-05
6.724570e-05
6.500700e-05
3.876539e-05
6.529531e-05
9.834490e-05
1.118758e-04
1.090016e-04
6.283798e-05
6.612879e-05
7.741309e-05
1.268114e-04
1.205818e-04
9.336961e-05
9.150495e-05
1.221294e-04
1.433744e-04
1.559982e-04
1.559906e-04
1.277625e-04
1.134234e-04
1.110128e-04
1.107450e-04
1.386306e-04
1.642489e-04
1.594470e-04
1.336087e-04
1.471001e-04
1.757400e-04
1.775085e-04
1.721161e-04
1.686139e-04
1.399431e-04
1.558300e-04
1.724511e-04
1.765535e-04
1.731540e-04
1.791745e-04
1.814590e-04
1.845119e-04
1.854397e-04
1.857025e-04
1.829357e-04
1.777289e-04
1.753607e-04
1.752791e-04
1.716113e-04
