2.007612e-10
3.055181e-10
5.376678e-10
7.238384e-10
1.158262e-09
2.013941e-09
2.837151e-09
4.244971e-09
7.368150e-09
1.122347e-08
1.446338e-08
2.224593e-08
3.793519e-08
5.231868e-08
6.926083e-08
9.591317e-08
1.423738e-07
1.835533e-07
2.315836e-07
2.819618e-07
4.156262e-07
4.937974e-07
5.955750e-07
8.071829e-07
9.683578e-07
1.264256e-06
1.935521e-06
2.230980e-06
2.500220e-06
3.312384e-06
3.907591e-06
4.312974e-06
5.454550e-06
6.792284e-06
6.812659e-06
6.833035e-06
7.704020e-06
8.185798e-06
1.094682e-05
1.205279e-05
1.257437e-05
1.274685e-05
1.295800e-05
1.587908e-05
1.791856e-05
1.932981e-05
1.765313e-05
2.205237e-05
2.723205e-05
2.336835e-05
2.940945e-05
3.397972e-05
3.460447e-05
4.464781e-05
5.457686e-05
4.173032e-05
3.941171e-05
5.509062e-05
7.288791e-05
7.319773e-05
5.150711e-05
5.887011e-05
6.636717e-05
9.508297e-05
1.019543e-04
9.176600e-05
6.748773e-05
7.950508e-05
1.240751e-04
1.136589e-04
1.127315e-04
1.105673e-04
7.944332e-05
1.109378e-04
1.386105e-04
1.475655e-04
1.456323e-04
1.079023e-04
1.108042e-04
1.214785e-04
1.559123e-04
1.521716e-04
1.341969e-04
1.331529e-04
1.537072e-04
1.650606e-04
1.716645e-04
1.715986e-04
1.564744e-04
1.477992e-04
1.464759e-04
1.463289e-04
1.625160e-04
1.745771e-04
1.725127e-04
1.592967e-04
1.662710e-04
1.798008e-04
1.808337e-04
1.785737e-04
1.765755e-04
1.623598e-04
1.703634e-04
1.779525e-04
1.792168e-04
1.777989e-04
1.791945e-04
1.815683e-04
1.824810e-04
1.831533e-04
1.834260e-04
1.809714e-04
1.766243e-04
1.752423e-04
1.751682e-04
1.723671e-04
