0.000000e+00
-7.879310e-48
1.386725e-41
-2.138045e-40
-5.025238e-36
5.851746e-30
4.350776e-24
1.616736e-06
3.955758e-06
7.466810e-06
1.091300e-05
2.073915e-05
4.518359e-05
7.209879e-05
1.073845e-04
1.710240e-04
2.959454e-04
4.188565e-04
5.749709e-04
7.493976e-04
1.249688e-03
1.562614e-03
1.995197e-03
2.906881e-03
3.646839e-03
5.034766e-03
8.285337e-03
9.740629e-03
1.108947e-02
1.494840e-02
1.779044e-02
1.974059e-02
2.487612e-02
3.063174e-02
3.067716e-02
3.072258e-02
3.412709e-02
3.633300e-02
4.589000e-02
4.960816e-02
5.142872e-02
5.202355e-02
5.269551e-02
6.091581e-02
6.611112e-02
6.948770e-02
6.556906e-02
7.513025e-02
8.471129e-02
7.822968e-02
8.833992e-02
9.513316e-02
9.576446e-02
1.059245e-01
1.140926e-01
1.040481e-01
1.022314e-01
1.149883e-01
1.245707e-01
1.248755e-01
1.131206e-01
1.181006e-01
1.223940e-01
1.334249e-01
1.354768e-01
1.326381e-01
1.235513e-01
1.286284e-01
1.414052e-01
1.392182e-01
1.390510e-01
1.386609e-01
1.295971e-01
1.389630e-01
1.446931e-01
1.463615e-01
1.461392e-01
1.387970e-01
1.394665e-01
1.418985e-01
1.482987e-01
1.478056e-01
1.449016e-01
1.447416e-01
1.481734e-01
1.499336e-01
1.508482e-01
1.509123e-01
1.489546e-01
1.477369e-01
1.475941e-01
1.475782e-01
1.499484e-01
1.517289e-01
1.515015e-01
1.498526e-01
1.508513e-01
1.526769e-01
1.527987e-01
1.525531e-01
1.524240e-01
1.507655e-01
1.518395e-01
1.528733e-01
1.532879e-01
1.532003e-01
1.537071e-01
1.539343e-01
1.543131e-01
1.545411e-01
1.546011e-01
1.555448e-01
1.575168e-01
1.579463e-01
1.579458e-01
1.580307e-01
