1.406666e-13
2.934409e-13
7.937805e-13
1.477317e-12
3.072329e-12
8.201123e-12
1.502238e-11
3.053554e-11
7.924213e-11
1.665608e-10
2.517901e-10
5.417826e-10
1.373261e-09
2.403903e-09
3.817214e-09
6.802429e-09
1.340617e-08
2.046415e-08
3.039285e-08
4.225770e-08
8.252788e-08
1.097437e-07
1.519377e-07
2.510009e-07
3.424793e-07
5.318466e-07
1.086623e-06
1.366009e-06
1.657661e-06
2.613967e-06
3.434592e-06
4.006627e-06
5.879043e-06
8.418711e-06
8.410912e-06
8.403112e-06
1.012710e-05
1.127811e-05
1.767444e-05
2.050936e-05
2.198546e-05
2.246371e-05
2.297228e-05
3.153863e-05
3.802629e-05
4.275925e-05
3.690774e-05
5.241205e-05
7.240099e-05
5.688735e-05
8.163597e-05
1.040147e-04
1.067132e-04
1.702156e-04
2.549650e-04
1.481919e-04
1.350221e-04
2.653717e-04
5.154748e-04
5.246000e-04
2.326133e-04
3.204205e-04
4.388659e-04
1.083105e-03
6.469716e-04
1.004719e-03
4.753685e-04
6.717583e-04
9.474070e-04
8.051499e-04
7.961470e-04
7.751389e-04
8.066510e-04
7.917217e-04
1.191831e-03
1.341807e-03
1.317075e-03
7.696455e-04
8.175986e-04
9.740205e-04
1.559701e-03
1.498270e-03
1.195756e-03
1.193653e-03
1.560707e-03
1.787995e-03
1.931824e-03
1.948493e-03
1.669716e-03
1.513967e-03
1.508136e-03
1.507489e-03
1.833486e-03
2.134597e-03
2.116679e-03
1.840861e-03
2.024496e-03
2.396090e-03
2.430188e-03
2.403885e-03
2.386970e-03
2.078802e-03
2.291959e-03
2.523294e-03
2.634831e-03
2.622440e-03
2.786525e-03
2.865050e-03
2.995045e-03
3.095246e-03
3.123458e-03
3.724488e-03
5.713826e-03
7.808849e-03
7.822113e-03
9.323349e-03
