1.616930e-03
1.950930e-03
2.523074e-03
2.830615e-03
3.548251e-03
4.531969e-03
5.272705e-03
6.271444e-03
7.926121e-03
9.537277e-03
1.058776e-02
1.271336e-02
1.584941e-02
1.808637e-02
2.019778e-02
2.307158e-02
2.693923e-02
2.967446e-02
3.244902e-02
3.494351e-02
4.041424e-02
4.302933e-02
4.608439e-02
5.120145e-02
5.461344e-02
5.973796e-02
6.884056e-02
7.199523e-02
7.470305e-02
8.134526e-02
8.547621e-02
8.794130e-02
9.393357e-02
9.969109e-02
9.968030e-02
9.966952e-02
1.026619e-01
1.045677e-01
1.115933e-01
1.141024e-01
1.152851e-01
1.156663e-01
1.160559e-01
1.209287e-01
1.237378e-01
1.255179e-01
1.234190e-01
1.282433e-01
1.326855e-01
1.297074e-01
1.342587e-01
1.370957e-01
1.372938e-01
1.412083e-01
1.442122e-01
1.405251e-01
1.398397e-01
1.445170e-01
1.477696e-01
1.478614e-01
1.438559e-01
1.456072e-01
1.470784e-01
1.506105e-01
1.512262e-01
1.503545e-01
1.474573e-01
1.491020e-01
1.530266e-01
1.523831e-01
1.523399e-01
1.522390e-01
1.494571e-01
1.523746e-01
1.540473e-01
1.545096e-01
1.544521e-01
1.523430e-01
1.525499e-01
1.532836e-01
1.550941e-01
1.549484e-01
1.541598e-01
1.541716e-01
1.551544e-01
1.556146e-01
1.558961e-01
1.559240e-01
1.553816e-01
1.550540e-01
1.550444e-01
1.550434e-01
1.557035e-01
1.561571e-01
1.561278e-01
1.556728e-01
1.559541e-01
1.564754e-01
1.565276e-01
1.564852e-01
1.564321e-01
1.559691e-01
1.562971e-01
1.566360e-01
1.568110e-01
1.568214e-01
1.569974e-01
1.572022e-01
1.573813e-01
1.575512e-01
1.576001e-01
1.583183e-01
1.598307e-01
1.599356e-01
1.599335e-01
1.598417e-01
