7.170503e-13
1.437911e-12
3.627037e-12
6.371396e-12
1.277527e-11
3.163906e-11
5.541568e-11
1.073172e-10
2.619580e-10
5.156834e-10
7.695449e-10
1.546820e-09
3.640308e-09
6.088219e-09
9.447239e-09
1.592791e-08
2.972815e-08
4.415510e-08
6.357454e-08
8.634105e-08
1.585333e-07
2.067369e-07
2.773259e-07
4.417783e-07
5.850357e-07
8.788070e-07
1.680311e-06
2.080217e-06
2.473332e-06
3.758696e-06
4.816398e-06
5.570282e-06
7.898208e-06
1.093997e-05
1.096612e-05
1.099227e-05
1.308930e-05
1.438219e-05
2.188663e-05
2.515783e-05
2.680457e-05
2.734598e-05
2.798421e-05
3.757561e-05
4.476788e-05
4.999991e-05
4.373542e-05
6.065551e-05
8.220019e-05
6.574573e-05
9.200145e-05
1.143295e-04
1.172078e-04
1.725612e-04
2.346046e-04
1.549988e-04
1.429148e-04
2.389834e-04
3.634758e-04
3.654669e-04
2.156437e-04
2.672983e-04
3.166233e-04
5.534074e-04
6.144593e-04
5.211993e-04
3.248493e-04
4.217498e-04
8.380324e-04
7.294456e-04
7.214949e-04
7.029421e-04
4.220635e-04
7.101312e-04
9.972741e-04
1.096668e-03
1.076128e-03
6.834182e-04
7.150099e-04
8.249102e-04
1.205006e-03
1.163591e-03
9.626843e-04
9.550058e-04
1.184331e-03
1.318701e-03
1.397478e-03
1.399578e-03
1.226575e-03
1.127712e-03
1.116988e-03
1.115797e-03
1.302824e-03
1.458849e-03
1.437822e-03
1.279053e-03
1.370208e-03
1.543514e-03
1.555676e-03
1.532083e-03
1.514631e-03
1.347135e-03
1.448898e-03
1.551189e-03
1.582756e-03
1.568739e-03
1.617154e-03
1.641014e-03
1.673575e-03
1.695676e-03
1.702146e-03
1.818147e-03
2.361071e-03
3.136673e-03
3.142183e-03
3.812421e-03
