0.000000e+00
-2.282017e-25
6.906219e-07
1.046616e-06
1.877319e-06
3.871618e-06
6.044441e-06
1.009758e-05
2.002840e-05
3.461008e-05
4.621763e-05
8.027719e-05
1.550259e-04
2.299810e-04
3.152423e-04
4.733117e-04
7.525809e-04
9.983730e-04
1.303089e-03
1.621274e-03
2.529694e-03
3.041081e-03
3.764885e-03
5.150792e-03
6.284760e-03
8.228427e-03
1.273969e-02
1.454291e-02
1.633984e-02
2.118852e-02
2.472038e-02
2.684098e-02
3.299782e-02
3.983833e-02
3.969591e-02
3.955350e-02
4.326475e-02
4.596256e-02
5.616745e-02
6.006264e-02
6.206701e-02
6.269494e-02
6.319216e-02
7.200581e-02
7.741620e-02
8.090024e-02
7.629481e-02
8.633994e-02
9.612585e-02
8.903776e-02
9.952156e-02
1.064110e-01
1.066015e-01
1.167049e-01
1.248344e-01
1.144357e-01
1.126135e-01
1.253067e-01
1.346638e-01
1.347612e-01
1.229768e-01
1.279264e-01
1.321899e-01
1.427670e-01
1.445079e-01
1.416077e-01
1.327465e-01
1.376124e-01
1.497737e-01
1.474681e-01
1.473168e-01
1.469637e-01
1.381517e-01
1.472231e-01
1.525548e-01
1.539820e-01
1.536996e-01
1.465870e-01
1.472226e-01
1.495939e-01
1.553958e-01
1.548964e-01
1.520785e-01
1.520206e-01
1.551823e-01
1.567016e-01
1.575281e-01
1.575400e-01
1.556658e-01
1.544419e-01
1.543398e-01
1.543284e-01
1.564809e-01
1.580549e-01
1.578487e-01
1.561742e-01
1.571393e-01
1.586905e-01
1.587713e-01
1.585518e-01
1.583713e-01
1.567591e-01
1.577570e-01
1.586991e-01
1.589731e-01
1.588634e-01
1.592956e-01
1.594674e-01
1.597088e-01
1.598577e-01
1.598974e-01
1.604400e-01
1.615879e-01
1.614384e-01
1.614352e-01
1.612063e-01
