0.000000e+00
2.304460e-59
-1.570151e-52
-1.560853e-51
-2.728358e-47
2.116521e-41
-4.196515e-36
-9.629650e-31
-1.124449e-24
1.700576e-06
2.627159e-06
5.499992e-06
1.346789e-05
2.305505e-05
3.640155e-05
6.218174e-05
1.167990e-04
1.740418e-04
2.504405e-04
3.395032e-04
6.112885e-04
7.900781e-04
1.046883e-03
1.613589e-03
2.093866e-03
3.034073e-03
5.377096e-03
6.475353e-03
7.516037e-03
1.058794e-02
1.293340e-02
1.457112e-02
1.900789e-02
2.414965e-02
2.418637e-02
2.422308e-02
2.733134e-02
2.937122e-02
3.841560e-02
4.200244e-02
4.377620e-02
4.435568e-02
4.500992e-02
5.317050e-02
5.841107e-02
6.184950e-02
5.784864e-02
6.766129e-02
7.764703e-02
7.084236e-02
8.146969e-02
8.869021e-02
8.937686e-02
1.003697e-01
1.093015e-01
9.831239e-02
9.632011e-02
1.102689e-01
1.209039e-01
1.212332e-01
1.081835e-01
1.136771e-01
1.184418e-01
1.308154e-01
1.331304e-01
1.299095e-01
1.197022e-01
1.253858e-01
1.398375e-01
1.373343e-01
1.371419e-01
1.366928e-01
1.264364e-01
1.370198e-01
1.435574e-01
1.454639e-01
1.452036e-01
1.368002e-01
1.375593e-01
1.403256e-01
1.476484e-01
1.470809e-01
1.437317e-01
1.435384e-01
1.474679e-01
1.494941e-01
1.505402e-01
1.506089e-01
1.483455e-01
1.469376e-01
1.467639e-01
1.467446e-01
1.494700e-01
1.515254e-01
1.512519e-01
1.493385e-01
1.504890e-01
1.525797e-01
1.527088e-01
1.524228e-01
1.522672e-01
1.503499e-01
1.515792e-01
1.527602e-01
1.532144e-01
1.531007e-01
1.536723e-01
1.539010e-01
1.543086e-01
1.545411e-01
1.546011e-01
1.555448e-01
1.575168e-01
1.579463e-01
1.579458e-01
1.580307e-01
