0.000000e+00
-3.864103e-81
5.601399e-75
1.015084e-73
-1.123411e-68
3.032174e-63
-6.662613e-58
1.377365e-52
-7.678970e-47
3.241025e-40
5.516246e-35
-5.067170e-29
-2.615282e-24
1.492442e-05
2.561205e-05
5.025744e-05
1.089944e-04
1.751816e-04
2.725733e-04
3.920574e-04
8.104066e-04
1.098718e-03
1.553245e-03
2.602531e-03
3.578508e-03
5.554073e-03
1.111385e-02
1.379083e-02
1.653889e-02
2.487784e-02
3.165608e-02
3.619215e-02
4.984558e-02
6.656489e-02
6.638095e-02
6.619699e-02
7.619850e-02
8.346112e-02
1.139688e-01
1.264071e-01
1.328893e-01
1.349620e-01
1.369464e-01
1.668535e-01
1.862867e-01
1.992712e-01
1.832655e-01
2.208557e-01
2.595444e-01
2.323764e-01
2.743133e-01
3.035114e-01
3.054690e-01
3.499380e-01
3.866770e-01
3.411584e-01
3.335263e-01
3.907654e-01
4.348602e-01
4.360700e-01
3.820250e-01
4.052256e-01
4.255459e-01
4.771304e-01
4.865894e-01
4.731181e-01
4.309038e-01
4.549626e-01
5.162603e-01
5.055135e-01
5.048974e-01
5.034601e-01
4.604975e-01
5.059055e-01
5.337504e-01
5.419622e-01
5.410683e-01
5.059042e-01
5.094675e-01
5.216915e-01
5.537006e-01
5.513905e-01
5.373245e-01
5.373758e-01
5.545245e-01
5.633700e-01
5.682954e-01
5.690155e-01
5.597301e-01
5.539381e-01
5.537664e-01
5.537473e-01
5.657774e-01
5.755298e-01
5.750325e-01
5.668407e-01
5.725603e-01
5.829004e-01
5.837384e-01
5.830373e-01
5.827529e-01
5.747009e-01
5.804289e-01
5.861666e-01
5.889299e-01
5.886615e-01
5.922924e-01
5.936779e-01
5.962718e-01
5.980281e-01
5.984869e-01
6.073116e-01
6.257815e-01
6.369587e-01
6.370167e-01
6.429704e-01
