0.000000e+00
3.929861e-35
-3.299792e-29
5.398828e-27
-3.251182e-23
1.651647e-05
2.610898e-05
4.426050e-05
8.938069e-05
1.550661e-04
2.097717e-04
3.647320e-04
7.054294e-04
1.046317e-03
1.442216e-03
2.150434e-03
3.402819e-03
4.511549e-03
5.866998e-03
7.283505e-03
1.120243e-02
1.342938e-02
1.647550e-02
2.237372e-02
2.705020e-02
3.511714e-02
5.310621e-02
6.040284e-02
6.732442e-02
8.597312e-02
9.925756e-02
1.076303e-01
1.302484e-01
1.547503e-01
1.545625e-01
1.543748e-01
1.679484e-01
1.773774e-01
2.136134e-01
2.275166e-01
2.344910e-01
2.367304e-01
2.389508e-01
2.688988e-01
2.872938e-01
2.992504e-01
2.849302e-01
3.183969e-01
3.510923e-01
3.290004e-01
3.633558e-01
3.863846e-01
3.881208e-01
4.210376e-01
4.473378e-01
4.154886e-01
4.101782e-01
4.509364e-01
4.808087e-01
4.818890e-01
4.457169e-01
4.618675e-01
4.757632e-01
5.094727e-01
5.157315e-01
5.075063e-01
4.803874e-01
4.963693e-01
5.355704e-01
5.292466e-01
5.289490e-01
5.282545e-01
5.013280e-01
5.303478e-01
5.476900e-01
5.529408e-01
5.526326e-01
5.316289e-01
5.339807e-01
5.416659e-01
5.617776e-01
5.604912e-01
5.523399e-01
5.526882e-01
5.633020e-01
5.687864e-01
5.720181e-01
5.727168e-01
5.674600e-01
5.642671e-01
5.644286e-01
5.644467e-01
5.718600e-01
5.780336e-01
5.780830e-01
5.734941e-01
5.771570e-01
5.840775e-01
5.847795e-01
5.846413e-01
5.846762e-01
5.801499e-01
5.837809e-01
5.875677e-01
5.898435e-01
5.899300e-01
5.926753e-01
5.940798e-01
5.963186e-01
5.980281e-01
5.984869e-01
6.073116e-01
6.257815e-01
6.369587e-01
6.370167e-01
6.429704e-01
