0.000000e+00
1.833050e-35
2.194231e-29
1.414921e-27
1.399336e-23
1.378598e-05
2.194369e-05
3.750280e-05
7.654568e-05
1.338818e-04
1.819261e-04
3.189816e-04
6.231312e-04
9.297610e-04
1.287701e-03
1.931701e-03
3.077927e-03
4.098038e-03
5.350311e-03
6.663558e-03
1.031590e-02
1.240004e-02
1.526008e-02
2.081869e-02
2.524208e-02
3.289822e-02
5.006032e-02
5.704724e-02
6.368820e-02
8.162631e-02
9.444287e-02
1.025294e-01
1.244328e-01
1.482269e-01
1.480411e-01
1.478553e-01
1.610573e-01
1.702397e-01
2.055906e-01
2.191718e-01
2.259921e-01
2.281815e-01
2.303486e-01
2.596814e-01
2.777209e-01
2.894539e-01
2.753861e-01
3.082551e-01
3.404024e-01
3.186551e-01
3.524630e-01
3.751423e-01
3.768430e-01
4.093100e-01
4.352719e-01
4.038097e-01
3.985618e-01
4.388017e-01
4.683300e-01
4.693890e-01
4.336196e-01
4.495714e-01
4.633037e-01
4.966527e-01
5.028398e-01
4.946852e-01
4.678425e-01
4.836459e-01
5.224456e-01
5.161716e-01
5.158739e-01
5.151793e-01
4.885097e-01
5.172374e-01
5.344104e-01
5.396067e-01
5.392935e-01
5.184635e-01
5.207891e-01
5.283998e-01
5.483098e-01
5.470302e-01
5.389414e-01
5.392800e-01
5.497917e-01
5.552186e-01
5.584176e-01
5.591015e-01
5.538805e-01
5.507073e-01
5.508619e-01
5.508790e-01
5.582194e-01
5.643281e-01
5.643688e-01
5.598099e-01
5.634322e-01
5.702711e-01
5.709609e-01
5.708184e-01
5.708441e-01
5.663482e-01
5.699419e-01
5.736872e-01
5.759211e-01
5.760021e-01
5.787043e-01
5.800834e-01
5.822829e-01
5.839605e-01
5.844104e-01
5.930560e-01
6.111637e-01
6.221176e-01
6.221743e-01
6.280087e-01
