0.000000e+00
1.117116e-69
-2.800506e-63
-1.365311e-61
-1.914501e-57
1.364247e-51
-1.691125e-46
1.786936e-41
-3.769700e-35
2.895250e-30
5.642913e-23
1.823483e-05
4.668623e-05
8.179964e-05
1.282273e-04
2.272076e-04
4.364352e-04
6.491848e-04
9.419208e-04
1.277703e-03
2.363842e-03
3.050530e-03
4.087842e-03
6.303222e-03
8.261264e-03
1.194362e-02
2.151773e-02
2.576197e-02
3.008335e-02
4.251926e-02
5.216698e-02
5.829519e-02
7.651937e-02
9.790452e-02
9.755018e-02
9.719584e-02
1.094050e-01
1.183314e-01
1.538276e-01
1.678885e-01
1.751917e-01
1.775043e-01
1.795382e-01
2.123796e-01
2.331599e-01
2.468246e-01
2.294612e-01
2.688801e-01
3.084244e-01
2.803672e-01
3.229561e-01
3.519107e-01
3.533847e-01
3.964967e-01
4.316618e-01
3.876667e-01
3.802278e-01
4.350205e-01
4.762799e-01
4.771917e-01
4.261843e-01
4.480781e-01
4.670934e-01
5.145334e-01
5.229051e-01
5.104085e-01
4.713664e-01
4.934740e-01
5.490939e-01
5.391570e-01
5.385882e-01
5.372610e-01
4.979634e-01
5.393179e-01
5.641704e-01
5.712959e-01
5.703864e-01
5.386098e-01
5.417693e-01
5.527856e-01
5.809371e-01
5.788261e-01
5.662003e-01
5.662716e-01
5.813991e-01
5.890242e-01
5.932882e-01
5.938212e-01
5.855255e-01
5.802593e-01
5.800950e-01
5.800768e-01
5.905848e-01
5.989300e-01
5.984364e-01
5.910522e-01
5.960406e-01
6.047817e-01
6.054564e-01
6.047953e-01
6.044117e-01
5.972333e-01
6.022058e-01
6.071114e-01
6.092591e-01
6.089534e-01
6.118892e-01
6.130227e-01
6.150142e-01
6.163557e-01
6.167121e-01
6.232285e-01
6.367457e-01
6.445239e-01
6.445616e-01
6.485495e-01
