1.261157e-05
1.964813e-05
3.584512e-05
4.899984e-05
7.969595e-05
1.418357e-04
2.026198e-04
3.047546e-04
5.266818e-04
8.086670e-04
1.029730e-03
1.577444e-03
2.629698e-03
3.575182e-03
4.610470e-03
6.277072e-03
8.971054e-03
1.121280e-02
1.377692e-02
1.634604e-02
2.282535e-02
2.635054e-02
3.090597e-02
3.930472e-02
4.558776e-02
5.605670e-02
7.748798e-02
8.594434e-02
9.357669e-02
1.134004e-01
1.269590e-01
1.357786e-01
1.576470e-01
1.804077e-01
1.804888e-01
1.805698e-01
1.931061e-01
2.015732e-01
2.337216e-01
2.460054e-01
2.520410e-01
2.540123e-01
2.562337e-01
2.812318e-01
2.965069e-01
3.064083e-01
2.954584e-01
3.224751e-01
3.486940e-01
3.320126e-01
3.590132e-01
3.773672e-01
3.792923e-01
4.046695e-01
4.248094e-01
4.015372e-01
3.978795e-01
4.287024e-01
4.511083e-01
4.523731e-01
4.261162e-01
4.384072e-01
4.489823e-01
4.740346e-01
4.790518e-01
4.735256e-01
4.540413e-01
4.661620e-01
4.953607e-01
4.912714e-01
4.911565e-01
4.908883e-01
4.716749e-01
4.930958e-01
5.060204e-01
5.102557e-01
5.103568e-01
4.958822e-01
4.977847e-01
5.034935e-01
5.190403e-01
5.182597e-01
5.127960e-01
5.133514e-01
5.213848e-01
5.256989e-01
5.283941e-01
5.292555e-01
5.258137e-01
5.238865e-01
5.243073e-01
5.243540e-01
5.300187e-01
5.350573e-01
5.354916e-01
5.325814e-01
5.355541e-01
5.416329e-01
5.423907e-01
5.426111e-01
5.429561e-01
5.400315e-01
5.429442e-01
5.461813e-01
5.486850e-01
5.490567e-01
5.518848e-01
5.535330e-01
5.561019e-01
5.581735e-01
5.587361e-01
5.698499e-01
5.934160e-01
6.082666e-01
6.083477e-01
6.164662e-01
