0.000000e+00
6.143086e-76
-2.299298e-69
-1.912030e-67
-4.821991e-64
-8.041035e-58
3.305895e-52
-8.082800e-47
1.897560e-41
9.686514e-35
-2.301347e-29
-1.677434e-24
1.020381e-05
1.945943e-05
3.264096e-05
6.306517e-05
1.337036e-04
2.111405e-04
3.240306e-04
4.601829e-04
9.343889e-04
1.252931e-03
1.755963e-03
2.891440e-03
3.946237e-03
6.033245e-03
1.187219e-02
1.460628e-02
1.745660e-02
2.597275e-02
3.286259e-02
3.733094e-02
5.105164e-02
6.779443e-02
6.750294e-02
6.721144e-02
7.700643e-02
8.428228e-02
1.139893e-01
1.260038e-01
1.323242e-01
1.343240e-01
1.360691e-01
1.650885e-01
1.837996e-01
1.962217e-01
1.803896e-01
2.165373e-01
2.534337e-01
2.270338e-01
2.671570e-01
2.948501e-01
2.962268e-01
3.382159e-01
3.728646e-01
3.293591e-01
3.220407e-01
3.760395e-01
4.173853e-01
4.182233e-01
3.670749e-01
3.888446e-01
4.078714e-01
4.559361e-01
4.644442e-01
4.515960e-01
4.119423e-01
4.342560e-01
4.910516e-01
4.807354e-01
4.801346e-01
4.787328e-01
4.384992e-01
4.807185e-01
5.062984e-01
5.136338e-01
5.126304e-01
4.796952e-01
4.828962e-01
4.941745e-01
5.232385e-01
5.210189e-01
5.078488e-01
5.078521e-01
5.234716e-01
5.313668e-01
5.357485e-01
5.362378e-01
5.275265e-01
5.219899e-01
5.217618e-01
5.217365e-01
5.326196e-01
5.412337e-01
5.406405e-01
5.328737e-01
5.380187e-01
5.469608e-01
5.476181e-01
5.468638e-01
5.464190e-01
5.388673e-01
5.440021e-01
5.490344e-01
5.511266e-01
5.507512e-01
5.536719e-01
5.547307e-01
5.566469e-01
5.578969e-01
5.582261e-01
5.642027e-01
5.766270e-01
5.837683e-01
5.838023e-01
5.874529e-01
