0.000000e+00
4.175347e-06
8.878602e-06
1.292464e-05
2.236597e-05
4.347389e-05
6.546283e-05
1.048094e-04
1.963054e-04
3.217294e-04
4.215027e-04
6.911235e-04
1.246277e-03
1.773007e-03
2.362145e-03
3.376605e-03
5.089617e-03
6.549943e-03
8.285450e-03
1.005455e-02
1.477683e-02
1.738019e-02
2.086753e-02
2.743666e-02
3.251962e-02
4.107617e-02
5.949751e-02
6.677360e-02
7.359121e-02
9.162904e-02
1.042294e-01
1.121016e-01
1.329999e-01
1.552282e-01
1.550704e-01
1.549127e-01
1.670832e-01
1.754994e-01
2.073399e-01
2.194575e-01
2.255134e-01
2.274593e-01
2.294007e-01
2.550573e-01
2.706851e-01
2.808162e-01
2.687838e-01
2.969593e-01
3.242757e-01
3.059772e-01
3.345382e-01
3.536202e-01
3.551043e-01
3.820657e-01
4.035239e-01
3.777210e-01
3.734569e-01
4.066181e-01
4.307599e-01
4.316943e-01
4.025982e-01
4.157197e-01
4.269890e-01
4.540954e-01
4.591457e-01
4.526335e-01
4.310507e-01
4.438587e-01
4.753099e-01
4.703230e-01
4.701148e-01
4.696292e-01
4.481848e-01
4.714371e-01
4.852811e-01
4.895117e-01
4.893245e-01
4.728042e-01
4.747198e-01
4.808526e-01
4.969583e-01
4.959614e-01
4.895902e-01
4.899601e-01
4.984418e-01
5.028257e-01
5.054600e-01
5.060830e-01
5.019892e-01
4.995315e-01
4.997346e-01
4.997571e-01
5.056809e-01
5.106472e-01
5.107792e-01
5.072191e-01
5.101849e-01
5.158637e-01
5.164733e-01
5.164403e-01
5.165130e-01
5.129930e-01
5.159268e-01
5.190214e-01
5.209789e-01
5.211118e-01
5.234267e-01
5.247106e-01
5.266590e-01
5.281926e-01
5.286077e-01
5.365243e-01
5.531238e-01
5.631727e-01
5.632241e-01
5.685631e-01
