0.000000e+00
4.436872e-06
9.324356e-06
1.344889e-05
2.307337e-05
4.435102e-05
6.642929e-05
1.055992e-04
1.963632e-04
3.187748e-04
4.188821e-04
6.793450e-04
1.212450e-03
1.716867e-03
2.289013e-03
3.247279e-03
4.866378e-03
6.262896e-03
7.906402e-03
9.592944e-03
1.400366e-02
1.647168e-02
1.973338e-02
2.590386e-02
3.063741e-02
3.870417e-02
5.582414e-02
6.274042e-02
6.907527e-02
8.583966e-02
9.753235e-02
1.051694e-01
1.245291e-01
1.450581e-01
1.451067e-01
1.451553e-01
1.565684e-01
1.643377e-01
1.942480e-01
2.057590e-01
2.114467e-01
2.132981e-01
2.153350e-01
2.392204e-01
2.539820e-01
2.642282e-01
2.527975e-01
2.791531e-01
3.048204e-01
2.882401e-01
3.148754e-01
3.330787e-01
3.348137e-01
3.602539e-01
3.805275e-01
3.568564e-01
3.530690e-01
3.841965e-01
4.069909e-01
4.081673e-01
3.812717e-01
3.936990e-01
4.043974e-01
4.300273e-01
4.351041e-01
4.293352e-01
4.091803e-01
4.215113e-01
4.513685e-01
4.471011e-01
4.469499e-01
4.465972e-01
4.266704e-01
4.486852e-01
4.620197e-01
4.662423e-01
4.662698e-01
4.510901e-01
4.530149e-01
4.589004e-01
4.747498e-01
4.738993e-01
4.681012e-01
4.685840e-01
4.768238e-01
4.812607e-01
4.839490e-01
4.847413e-01
4.810780e-01
4.789432e-01
4.792928e-01
4.793317e-01
4.851565e-01
4.902478e-01
4.905905e-01
4.874689e-01
4.904455e-01
4.964994e-01
4.972190e-01
4.973592e-01
4.976315e-01
4.944833e-01
4.974393e-01
5.006808e-01
5.030502e-01
5.033552e-01
5.060729e-01
5.076057e-01
5.100260e-01
5.119597e-01
5.124812e-01
5.227731e-01
5.446309e-01
5.584105e-01
5.584847e-01
5.660198e-01
