0.000000e+00
1.030682e-81
4.537792e-75
1.418437e-74
-3.427880e-69
-2.313418e-63
-4.248144e-58
-4.966830e-53
9.613325e-47
2.007195e-40
7.559834e-35
3.522978e-29
-1.674763e-23
6.922287e-06
1.232346e-05
2.532699e-05
5.791634e-05
9.614030e-05
1.541674e-04
2.272954e-04
4.938077e-04
6.834508e-04
9.896854e-04
1.718042e-03
2.413750e-03
3.860866e-03
8.097583e-03
1.019698e-02
1.237995e-02
1.913821e-02
2.475525e-02
2.855507e-02
4.019407e-02
5.474555e-02
5.457852e-02
5.441150e-02
6.322969e-02
6.968721e-02
9.719980e-02
1.085413e-01
1.144917e-01
1.163935e-01
1.182082e-01
1.459707e-01
1.641883e-01
1.764253e-01
1.613011e-01
1.969065e-01
2.338849e-01
2.077904e-01
2.480762e-01
2.763408e-01
2.782126e-01
3.216900e-01
3.578281e-01
3.129575e-01
3.054531e-01
3.617641e-01
4.055281e-01
4.066941e-01
3.530187e-01
3.759483e-01
3.961039e-01
4.476071e-01
4.570572e-01
4.434983e-01
4.012848e-01
4.252597e-01
4.867169e-01
4.758418e-01
4.752099e-01
4.737353e-01
4.306005e-01
4.761185e-01
5.041631e-01
5.124293e-01
5.114841e-01
4.759306e-01
4.795018e-01
4.918014e-01
5.240327e-01
5.216750e-01
5.074149e-01
5.074228e-01
5.247265e-01
5.336554e-01
5.386045e-01
5.392913e-01
5.298454e-01
5.239401e-01
5.237316e-01
5.237084e-01
5.358631e-01
5.456831e-01
5.451349e-01
5.367881e-01
5.425512e-01
5.529189e-01
5.537428e-01
5.529952e-01
5.526679e-01
5.444685e-01
5.502398e-01
5.560084e-01
5.587147e-01
5.584098e-01
5.620039e-01
5.633331e-01
5.658652e-01
5.675518e-01
5.679902e-01
5.764272e-01
5.941049e-01
6.047945e-01
6.048500e-01
6.105406e-01
