0.000000e+00
1.725203e-47
-4.990514e-41
-8.816824e-39
-6.045604e-35
2.649251e-29
-6.397119e-24
9.572623e-06
2.276867e-05
4.285323e-05
6.066871e-05
1.147764e-04
2.454785e-04
3.865803e-04
5.593122e-04
8.862697e-04
1.503772e-03
2.080504e-03
2.815212e-03
3.610706e-03
5.929288e-03
7.304312e-03
9.245813e-03
1.315221e-02
1.636288e-02
2.209714e-02
3.556183e-02
4.123267e-02
4.671319e-02
6.186911e-02
7.298803e-02
8.007915e-02
9.973163e-02
1.216113e-01
1.214204e-01
1.212296e-01
1.335519e-01
1.421987e-01
1.760878e-01
1.892582e-01
1.959237e-01
1.980605e-01
2.001519e-01
2.292582e-01
2.473564e-01
2.591853e-01
2.448795e-01
2.782704e-01
3.112646e-01
2.887283e-01
3.236573e-01
3.472456e-01
3.489502e-01
3.831779e-01
4.107336e-01
3.771248e-01
3.714984e-01
4.142752e-01
4.459751e-01
4.470351e-01
4.084851e-01
4.255078e-01
4.402115e-01
4.762838e-01
4.829375e-01
4.739623e-01
4.447830e-01
4.618068e-01
5.039523e-01
4.969742e-01
4.966234e-01
4.958047e-01
4.666668e-01
4.978802e-01
5.166336e-01
5.222543e-01
5.218349e-01
4.988248e-01
5.013251e-01
5.096197e-01
5.312803e-01
5.298397e-01
5.208314e-01
5.211166e-01
5.325954e-01
5.385220e-01
5.419474e-01
5.426231e-01
5.367783e-01
5.331995e-01
5.332848e-01
5.332942e-01
5.413141e-01
5.479383e-01
5.478720e-01
5.427571e-01
5.466794e-01
5.539803e-01
5.546858e-01
5.544438e-01
5.543992e-01
5.493589e-01
5.532523e-01
5.572650e-01
5.595373e-01
5.595527e-01
5.623382e-01
5.636942e-01
5.659076e-01
5.675518e-01
5.679902e-01
5.764272e-01
5.941049e-01
6.047945e-01
6.048500e-01
6.105406e-01
