0.000000e+00
1.451346e-75
-3.429091e-69
-9.166738e-68
1.478582e-63
-6.035620e-58
2.118111e-52
-7.093417e-47
-2.087904e-41
1.715965e-35
6.140683e-30
1.651559e-23
6.798314e-06
1.328400e-05
2.271998e-05
4.499890e-05
9.813898e-05
1.576597e-04
2.458756e-04
3.538084e-04
7.377904e-04
1.000229e-03
1.419928e-03
2.382596e-03
3.289528e-03
5.110466e-03
1.031288e-02
1.278730e-02
1.538398e-02
2.322677e-02
2.964728e-02
3.383683e-02
4.681782e-02
6.283483e-02
6.255292e-02
6.227100e-02
7.170773e-02
7.874498e-02
1.077161e-01
1.195010e-01
1.257220e-01
1.276903e-01
1.294083e-01
1.581392e-01
1.767620e-01
1.891650e-01
1.733236e-01
2.095257e-01
2.466516e-01
2.200207e-01
2.604619e-01
2.885149e-01
2.899034e-01
3.326307e-01
3.680209e-01
3.235627e-01
3.160951e-01
3.712318e-01
4.136542e-01
4.145308e-01
3.620129e-01
3.842964e-01
4.038135e-01
4.532813e-01
4.620355e-01
4.487621e-01
4.079282e-01
4.309168e-01
4.894554e-01
4.787650e-01
4.781406e-01
4.766838e-01
4.351489e-01
4.786692e-01
5.051483e-01
5.127150e-01
5.116762e-01
4.775707e-01
4.808990e-01
4.925848e-01
5.225725e-01
5.202723e-01
5.065772e-01
5.065597e-01
5.229537e-01
5.309137e-01
5.354387e-01
5.359275e-01
5.268821e-01
5.211296e-01
5.208739e-01
5.208455e-01
5.321088e-01
5.410240e-01
5.403829e-01
5.323118e-01
5.376298e-01
5.468616e-01
5.475331e-01
5.467310e-01
5.462562e-01
5.384066e-01
5.437225e-01
5.489171e-01
5.510495e-01
5.506465e-01
5.536373e-01
5.546980e-01
5.566427e-01
5.578969e-01
5.582261e-01
5.642027e-01
5.766270e-01
5.837683e-01
5.838023e-01
5.874529e-01
