0.000000e+00
5.762062e-59
1.380542e-52
-2.215604e-50
-7.708387e-47
-5.717788e-41
2.474636e-35
-3.757393e-30
2.630709e-24
4.903942e-06
7.547733e-06
1.627991e-05
4.087249e-05
7.096105e-05
1.118318e-04
1.948177e-04
3.701271e-04
5.515361e-04
7.973321e-04
1.081995e-03
1.971747e-03
2.546779e-03
3.393723e-03
5.221925e-03
6.805876e-03
9.846171e-03
1.754355e-02
2.107282e-02
2.452213e-02
3.449563e-02
4.217858e-02
4.739693e-02
6.186185e-02
7.868134e-02
7.865700e-02
7.863265e-02
8.853829e-02
9.548792e-02
1.241966e-01
1.357182e-01
1.415775e-01
1.434754e-01
1.454905e-01
1.716490e-01
1.884156e-01
1.994978e-01
1.865303e-01
2.179945e-01
2.499254e-01
2.284220e-01
2.624123e-01
2.860583e-01
2.881409e-01
3.231067e-01
3.516726e-01
3.172759e-01
3.116239e-01
3.558592e-01
3.894405e-01
3.908026e-01
3.503604e-01
3.682309e-01
3.838187e-01
4.227161e-01
4.301885e-01
4.206301e-01
3.893524e-01
4.077314e-01
4.538167e-01
4.463767e-01
4.460022e-01
4.451282e-01
4.135238e-01
4.474823e-01
4.683602e-01
4.748216e-01
4.744642e-01
4.491767e-01
4.519660e-01
4.610956e-01
4.855857e-01
4.840241e-01
4.740661e-01
4.742979e-01
4.872498e-01
4.940903e-01
4.980234e-01
4.988604e-01
4.923623e-01
4.884363e-01
4.885524e-01
4.885652e-01
4.976900e-01
5.053597e-01
5.053240e-01
4.996988e-01
5.041644e-01
5.127163e-01
5.135460e-01
5.133000e-01
5.133737e-01
5.077783e-01
5.122441e-01
5.168819e-01
5.196692e-01
5.197503e-01
5.231365e-01
5.247083e-01
5.274588e-01
5.294807e-01
5.300214e-01
5.406275e-01
5.631376e-01
5.773403e-01
5.774184e-01
5.851765e-01
