0.000000e+00
3.222200e-24
4.171474e-06
6.283183e-06
1.121079e-05
2.282799e-05
3.536880e-05
5.855548e-05
1.146176e-04
1.942565e-04
2.592951e-04
4.400945e-04
8.269548e-04
1.205667e-03
1.638532e-03
2.401213e-03
3.724271e-03
4.877258e-03
6.270705e-03
7.711912e-03
1.164203e-02
1.384734e-02
1.683757e-02
2.256283e-02
2.705804e-02
3.473295e-02
5.160671e-02
5.837738e-02
6.477512e-02
8.185576e-02
9.393423e-02
1.015131e-01
1.218651e-01
1.437656e-01
1.435924e-01
1.434193e-01
1.554775e-01
1.638528e-01
1.957904e-01
2.080195e-01
2.141380e-01
2.161027e-01
2.180510e-01
2.441985e-01
2.601948e-01
2.705888e-01
2.581886e-01
2.871938e-01
3.154516e-01
2.964239e-01
3.260648e-01
3.459071e-01
3.474183e-01
3.756646e-01
3.982822e-01
3.709868e-01
3.664653e-01
4.013459e-01
4.268413e-01
4.277858e-01
3.969769e-01
4.107936e-01
4.226626e-01
4.513724e-01
4.567208e-01
4.497371e-01
4.267284e-01
4.403503e-01
4.737128e-01
4.683909e-01
4.681440e-01
4.675679e-01
4.446973e-01
4.694243e-01
4.841475e-01
4.886217e-01
4.883835e-01
4.706398e-01
4.726622e-01
4.791981e-01
4.963066e-01
4.952272e-01
4.883679e-01
4.887108e-01
4.977307e-01
5.023862e-01
5.051619e-01
5.057882e-01
5.013626e-01
4.986964e-01
4.988699e-01
4.988892e-01
5.051893e-01
5.104464e-01
5.105339e-01
5.066845e-01
5.098143e-01
5.157685e-01
5.163917e-01
5.163121e-01
5.163555e-01
5.125561e-01
5.156555e-01
5.189092e-01
5.209045e-01
5.210111e-01
5.233946e-01
5.246772e-01
5.266552e-01
5.281926e-01
5.286077e-01
5.365243e-01
5.531238e-01
5.631727e-01
5.632241e-01
5.685631e-01
