0.000000e+00
5.789227e-06
1.200880e-05
1.715658e-05
2.916874e-05
5.532283e-05
8.218543e-05
1.293951e-04
2.375766e-04
3.819647e-04
4.992127e-04
8.016160e-04
1.413791e-03
1.987876e-03
2.635176e-03
3.711632e-03
5.516566e-03
7.063839e-03
8.875740e-03
1.072730e-02
1.553905e-02
1.821842e-02
2.174531e-02
2.838840e-02
3.346151e-02
4.207486e-02
6.023782e-02
6.754734e-02
7.422617e-02
9.183090e-02
1.040708e-01
1.120620e-01
1.322340e-01
1.535557e-01
1.536067e-01
1.536577e-01
1.655015e-01
1.735432e-01
2.044401e-01
2.163139e-01
2.221768e-01
2.240879e-01
2.262124e-01
2.507837e-01
2.658902e-01
2.757014e-01
2.647095e-01
2.916644e-01
3.179728e-01
3.010396e-01
3.282775e-01
3.468227e-01
3.486922e-01
3.746061e-01
3.952489e-01
3.711770e-01
3.673488e-01
3.990283e-01
4.221848e-01
4.234146e-01
3.960980e-01
4.087418e-01
4.196343e-01
4.456665e-01
4.508214e-01
4.449426e-01
4.245495e-01
4.370856e-01
4.674759e-01
4.630869e-01
4.629409e-01
4.626002e-01
4.424188e-01
4.647426e-01
4.782345e-01
4.825954e-01
4.826268e-01
4.672529e-01
4.692011e-01
4.751536e-01
4.912845e-01
4.904333e-01
4.845773e-01
4.850728e-01
4.934500e-01
4.979199e-01
5.006725e-01
5.015032e-01
4.977844e-01
4.956655e-01
4.960321e-01
4.960728e-01
5.019732e-01
5.071479e-01
5.075023e-01
5.043533e-01
5.073988e-01
5.135634e-01
5.143006e-01
5.144582e-01
5.147519e-01
5.115863e-01
5.145963e-01
5.178793e-01
5.203190e-01
5.206409e-01
5.234188e-01
5.250053e-01
5.274967e-01
5.294807e-01
5.300214e-01
5.406275e-01
5.631376e-01
5.773403e-01
5.774184e-01
5.851765e-01
