0.000000e+00
1.548550e-81
-6.634483e-75
-1.694200e-73
2.791090e-69
4.699981e-64
1.562064e-57
-1.628842e-52
-7.302177e-47
2.426331e-41
1.304420e-34
3.477758e-29
-5.994485e-24
7.811855e-06
1.380433e-05
2.769219e-05
6.191265e-05
1.019990e-04
1.618145e-04
2.370834e-04
5.031027e-04
6.928309e-04
9.937138e-04
1.705610e-03
2.375174e-03
3.772270e-03
7.765995e-03
9.765352e-03
1.180097e-02
1.806196e-02
2.322461e-02
2.684414e-02
3.745522e-02
5.059901e-02
5.055995e-02
5.052090e-02
5.858018e-02
6.436870e-02
8.940368e-02
9.978215e-02
1.051654e-01
1.069060e-01
1.087292e-01
1.336653e-01
1.501246e-01
1.611645e-01
1.480657e-01
1.799669e-01
2.132271e-01
1.903943e-01
2.263810e-01
2.519296e-01
2.540873e-01
2.931211e-01
3.255757e-01
2.860714e-01
2.795682e-01
3.299484e-01
3.692081e-01
3.706452e-01
3.230993e-01
3.437065e-01
3.618549e-01
4.081855e-01
4.170571e-01
4.052805e-01
3.677153e-01
3.894338e-01
4.449821e-01
4.356405e-01
4.351235e-01
4.339173e-01
3.954669e-01
4.364051e-01
4.619153e-01
4.697245e-01
4.691210e-01
4.375855e-01
4.409037e-01
4.520088e-01
4.818328e-01
4.798162e-01
4.672145e-01
4.672853e-01
4.831734e-01
4.915571e-01
4.962616e-01
4.971120e-01
4.887747e-01
4.836869e-01
4.836490e-01
4.836447e-01
4.948633e-01
5.041778e-01
5.038707e-01
4.966212e-01
5.020160e-01
5.121495e-01
5.130504e-01
5.125390e-01
5.124689e-01
5.052629e-01
5.106827e-01
5.162124e-01
5.192318e-01
5.191563e-01
5.229468e-01
5.245056e-01
5.274375e-01
5.294807e-01
5.300214e-01
5.406275e-01
5.631376e-01
5.773403e-01
5.774184e-01
5.851765e-01
