8.095036e-06
1.271949e-05
2.368574e-05
3.284583e-05
5.422064e-05
9.851704e-05
1.422124e-04
2.164972e-04
3.791173e-04
5.932630e-04
7.520444e-04
1.175936e-03
1.999387e-03
2.745743e-03
3.540457e-03
4.894119e-03
7.079585e-03
8.865658e-03
1.094886e-02
1.301710e-02
1.844202e-02
2.131759e-02
2.514709e-02
3.212747e-02
3.747370e-02
4.617982e-02
6.456893e-02
7.153669e-02
7.815321e-02
9.523743e-02
1.070048e-01
1.140889e-01
1.331925e-01
1.532604e-01
1.529897e-01
1.527190e-01
1.634030e-01
1.709302e-01
1.984768e-01
2.088286e-01
2.140260e-01
2.156783e-01
2.171841e-01
2.390516e-01
2.521987e-01
2.606432e-01
2.502063e-01
2.738270e-01
2.964195e-01
2.809574e-01
3.046288e-01
3.201970e-01
3.211082e-01
3.429775e-01
3.602978e-01
3.391175e-01
3.355637e-01
3.623877e-01
3.817133e-01
3.823141e-01
3.587196e-01
3.692289e-01
3.782197e-01
3.997172e-01
4.035758e-01
3.982656e-01
3.808598e-01
3.910358e-01
4.157733e-01
4.117007e-01
4.115076e-01
4.110569e-01
3.939262e-01
4.123147e-01
4.231052e-01
4.262772e-01
4.260364e-01
4.128073e-01
4.142628e-01
4.190922e-01
4.314041e-01
4.305684e-01
4.254808e-01
4.257399e-01
4.322831e-01
4.355577e-01
4.375377e-01
4.379261e-01
4.346256e-01
4.325962e-01
4.327080e-01
4.327204e-01
4.372476e-01
4.408892e-01
4.409128e-01
4.380155e-01
4.402442e-01
4.443610e-01
4.447833e-01
4.446895e-01
4.446299e-01
4.417907e-01
4.440061e-01
4.462798e-01
4.475431e-01
4.475791e-01
4.491094e-01
4.500364e-01
4.512891e-01
4.522918e-01
4.525692e-01
4.575012e-01
4.677849e-01
4.737041e-01
4.737313e-01
4.767309e-01
