0.000000e+00
-9.305805e-59
1.104829e-52
2.843254e-51
-3.513391e-48
1.301211e-41
9.983150e-36
-2.438278e-30
6.515092e-25
1.877145e-06
2.979922e-06
6.805930e-06
1.829433e-05
3.308128e-05
5.388437e-05
9.782990e-05
1.948947e-04
2.989761e-04
4.440691e-04
6.161525e-04
1.174024e-03
1.544866e-03
2.103246e-03
3.340804e-03
4.439575e-03
6.599059e-03
1.226431e-02
1.493119e-02
1.756934e-02
2.533499e-02
3.143966e-02
3.561632e-02
4.740916e-02
6.138471e-02
6.135403e-02
6.132335e-02
6.964095e-02
7.552924e-02
1.001456e-01
1.101194e-01
1.152256e-01
1.168779e-01
1.186173e-01
1.416645e-01
1.565608e-01
1.664533e-01
1.548064e-01
1.830480e-01
2.119338e-01
1.923403e-01
2.232713e-01
2.448949e-01
2.467516e-01
2.790622e-01
3.056080e-01
2.735190e-01
2.682330e-01
3.093673e-01
3.408805e-01
3.420795e-01
3.040910e-01
3.207775e-01
3.353815e-01
3.720402e-01
3.790711e-01
3.699512e-01
3.403797e-01
3.576536e-01
4.012631e-01
3.941231e-01
3.937519e-01
3.928859e-01
3.628929e-01
3.950366e-01
4.148656e-01
4.209741e-01
4.205927e-01
3.964086e-01
3.990391e-01
4.077048e-01
4.309285e-01
4.294180e-01
4.198513e-01
4.200385e-01
4.323592e-01
4.388423e-01
4.425594e-01
4.433145e-01
4.370424e-01
4.332427e-01
4.333221e-01
4.333310e-01
4.420132e-01
4.492707e-01
4.491819e-01
4.437409e-01
4.479727e-01
4.560221e-01
4.567934e-01
4.565114e-01
4.565380e-01
4.511318e-01
4.553618e-01
4.597384e-01
4.622902e-01
4.623272e-01
4.654526e-01
4.668806e-01
4.693924e-01
4.712223e-01
4.717087e-01
4.812505e-01
5.015406e-01
5.143472e-01
5.144164e-01
5.214036e-01
