0.000000e+00
2.638942e-70
1.369822e-63
-1.381613e-62
5.344428e-58
-1.056097e-52
-1.427626e-46
-9.774276e-42
-1.107607e-35
1.240011e-29
2.249005e-24
3.440889e-06
1.002686e-05
1.898405e-05
3.187495e-05
6.090196e-05
1.280682e-04
2.019684e-04
3.087801e-04
4.377605e-04
8.792921e-04
1.177789e-03
1.642236e-03
2.695345e-03
3.660609e-03
5.582668e-03
1.087392e-02
1.337808e-02
1.593265e-02
2.359099e-02
2.973991e-02
3.382671e-02
4.601566e-02
6.077330e-02
6.061080e-02
6.044831e-02
6.920309e-02
7.554643e-02
1.019223e-01
1.126175e-01
1.181755e-01
1.199524e-01
1.216516e-01
1.471220e-01
1.635864e-01
1.745569e-01
1.610426e-01
1.927218e-01
2.251661e-01
2.024372e-01
2.375241e-01
2.618749e-01
2.635009e-01
3.003744e-01
3.307613e-01
2.931701e-01
2.868744e-01
3.341893e-01
3.705189e-01
3.715139e-01
3.270436e-01
3.461946e-01
3.629447e-01
4.052669e-01
4.130301e-01
4.020319e-01
3.674262e-01
3.871907e-01
4.374268e-01
4.286631e-01
4.281730e-01
4.270296e-01
3.918648e-01
4.290844e-01
4.518502e-01
4.585695e-01
4.578598e-01
4.292414e-01
4.321707e-01
4.421512e-01
4.683078e-01
4.664293e-01
4.550036e-01
4.550969e-01
4.691108e-01
4.763221e-01
4.803755e-01
4.809902e-01
4.734526e-01
4.687580e-01
4.686601e-01
4.686491e-01
4.784713e-01
4.864355e-01
4.860801e-01
4.794325e-01
4.841241e-01
4.926297e-01
4.933411e-01
4.928123e-01
4.925886e-01
4.860574e-01
4.907518e-01
4.954667e-01
4.977783e-01
4.975930e-01
5.005970e-01
5.018282e-01
5.040130e-01
5.055302e-01
5.059302e-01
5.135396e-01
5.295063e-01
5.391746e-01
5.392240e-01
5.443553e-01
