1.849673e-04
2.549753e-04
3.965353e-04
4.911698e-04
7.119966e-04
1.085236e-03
1.407634e-03
1.893805e-03
2.817270e-03
3.868357e-03
4.594669e-03
6.290400e-03
9.146831e-03
1.144723e-02
1.374164e-02
1.725087e-02
2.239552e-02
2.630462e-02
3.056232e-02
3.458583e-02
4.419662e-02
4.903620e-02
5.509319e-02
6.559789e-02
7.313112e-02
8.492407e-02
1.076728e-01
1.159968e-01
1.234675e-01
1.421297e-01
1.543969e-01
1.619463e-01
1.807242e-01
1.995849e-01
1.995203e-01
1.994557e-01
2.094433e-01
2.162484e-01
2.407556e-01
2.499113e-01
2.544055e-01
2.558601e-01
2.573955e-01
2.755929e-01
2.864299e-01
2.934182e-01
2.855021e-01
3.044343e-01
3.223937e-01
3.108661e-01
3.292898e-01
3.415498e-01
3.426762e-01
3.593083e-01
3.723667e-01
3.572045e-01
3.548113e-01
3.747814e-01
3.890237e-01
3.897767e-01
3.730327e-01
3.809229e-01
3.876676e-01
4.033294e-01
4.063945e-01
4.029468e-01
3.907664e-01
3.983605e-01
4.164322e-01
4.139008e-01
4.138417e-01
4.137039e-01
4.018188e-01
4.151411e-01
4.230161e-01
4.255483e-01
4.256097e-01
4.168285e-01
4.180093e-01
4.215331e-01
4.309109e-01
4.304274e-01
4.271695e-01
4.276171e-01
4.324821e-01
4.350159e-01
4.366829e-01
4.372181e-01
4.351619e-01
4.340155e-01
4.343247e-01
4.343589e-01
4.377655e-01
4.407303e-01
4.410547e-01
4.393081e-01
4.411136e-01
4.447910e-01
4.452787e-01
4.454583e-01
4.456379e-01
4.438835e-01
4.456534e-01
4.476266e-01
4.491442e-01
4.493931e-01
4.510644e-01
4.522209e-01
4.537847e-01
4.551124e-01
4.554784e-01
4.623836e-01
4.768945e-01
4.856911e-01
4.857356e-01
4.903913e-01
