0.000000e+00
-1.657796e-59
-1.698811e-53
-1.641691e-51
-5.536747e-48
-7.754162e-43
3.980575e-36
1.755229e-32
2.039132e-25
7.544857e-07
1.233114e-06
2.973229e-06
8.527529e-06
1.602875e-05
2.693974e-05
5.087728e-05
1.060575e-04
1.672655e-04
2.549473e-04
3.613335e-04
7.185464e-04
9.624778e-04
1.337682e-03
2.190443e-03
2.965587e-03
4.524048e-03
8.758817e-03
1.079730e-02
1.284121e-02
1.896250e-02
2.386861e-02
2.724961e-02
3.696581e-02
4.869071e-02
4.865276e-02
4.861483e-02
5.567051e-02
6.070404e-02
8.199086e-02
9.069507e-02
9.518027e-02
9.662982e-02
9.814234e-02
1.185987e-01
1.319278e-01
1.408198e-01
1.302918e-01
1.558092e-01
1.821075e-01
1.641532e-01
1.924437e-01
2.123542e-01
2.140238e-01
2.440437e-01
2.688380e-01
2.387534e-01
2.338101e-01
2.722562e-01
3.019041e-01
3.030182e-01
2.671698e-01
2.828252e-01
2.965621e-01
3.312771e-01
3.379140e-01
3.291900e-01
3.011224e-01
3.174479e-01
3.588761e-01
3.520023e-01
3.516379e-01
3.507877e-01
3.222060e-01
3.527627e-01
3.716732e-01
3.774725e-01
3.770701e-01
3.538665e-01
3.563585e-01
3.646215e-01
3.867385e-01
3.852710e-01
3.760591e-01
3.762080e-01
3.879742e-01
3.941528e-01
3.976821e-01
3.983667e-01
3.923026e-01
3.886149e-01
3.886595e-01
3.886643e-01
3.969617e-01
4.038596e-01
4.037309e-01
3.984596e-01
4.024871e-01
4.101026e-01
4.108176e-01
4.105110e-01
4.104981e-01
4.052628e-01
4.092954e-01
4.134441e-01
4.157949e-01
4.157960e-01
4.186971e-01
4.200089e-01
4.223149e-01
4.239818e-01
4.244255e-01
4.330676e-01
4.514709e-01
4.631048e-01
4.631670e-01
4.695034e-01
