0.000000e+00
3.159163e-30
-1.116972e-23
1.305833e-06
4.352952e-06
9.485340e-06
1.530422e-05
2.654233e-05
5.516562e-05
9.844269e-05
1.340671e-04
2.399361e-04
4.789643e-04
7.236879e-04
1.007459e-03
1.535051e-03
2.481776e-03
3.324979e-03
4.374182e-03
5.476701e-03
8.615285e-03
1.039839e-02
1.289350e-02
1.773192e-02
2.165255e-02
2.840472e-02
4.387521e-02
5.010698e-02
5.619424e-02
7.259287e-02
8.442653e-02
9.168872e-02
1.120783e-01
1.344437e-01
1.341090e-01
1.337741e-01
1.460074e-01
1.547437e-01
1.878068e-01
2.004759e-01
2.069201e-01
2.089641e-01
2.107888e-01
2.386609e-01
2.557503e-01
2.668156e-01
2.529305e-01
2.843015e-01
3.148691e-01
2.935853e-01
3.259680e-01
3.475030e-01
3.486776e-01
3.796760e-01
4.044879e-01
3.737836e-01
3.685746e-01
4.071684e-01
4.354424e-01
4.361807e-01
4.014099e-01
4.166586e-01
4.297015e-01
4.615949e-01
4.672477e-01
4.591184e-01
4.330820e-01
4.480580e-01
4.849962e-01
4.786557e-01
4.783208e-01
4.775391e-01
4.516759e-01
4.791453e-01
4.954100e-01
5.001207e-01
4.996365e-01
4.792435e-01
4.813708e-01
4.886195e-01
5.070872e-01
5.057696e-01
4.977981e-01
4.980043e-01
5.078663e-01
5.128187e-01
5.156854e-01
5.161465e-01
5.109520e-01
5.076991e-01
5.077195e-01
5.077218e-01
5.145532e-01
5.200155e-01
5.198595e-01
5.152656e-01
5.185644e-01
5.244884e-01
5.250192e-01
5.247243e-01
5.245532e-01
5.200736e-01
5.233542e-01
5.266539e-01
5.282959e-01
5.282153e-01
5.303164e-01
5.313553e-01
5.329309e-01
5.341026e-01
5.344205e-01
5.401703e-01
5.521306e-01
5.590051e-01
5.590378e-01
5.625459e-01
