0.000000e+00
-9.745700e-54
-2.563554e-47
-5.515678e-46
8.152656e-43
3.482135e-36
-3.142395e-31
-4.707241e-25
7.362762e-07
1.738159e-06
2.735644e-06
6.313482e-06
1.711338e-05
3.103926e-05
5.031937e-05
9.208461e-05
1.842607e-04
2.818635e-04
4.189610e-04
5.803477e-04
1.113205e-03
1.462554e-03
1.994705e-03
3.167609e-03
4.217342e-03
6.254424e-03
1.166701e-02
1.415929e-02
1.667543e-02
2.407611e-02
2.990220e-02
3.373062e-02
4.498510e-02
5.836420e-02
5.821633e-02
5.806846e-02
6.590361e-02
7.155516e-02
9.469351e-02
1.039889e-01
1.087982e-01
1.103354e-01
1.118024e-01
1.335989e-01
1.475650e-01
1.568342e-01
1.454351e-01
1.720783e-01
1.991473e-01
1.802606e-01
2.094178e-01
2.295373e-01
2.308718e-01
2.610571e-01
2.858216e-01
2.552568e-01
2.501443e-01
2.886679e-01
3.180178e-01
3.188611e-01
2.829539e-01
2.984920e-01
3.120534e-01
3.460995e-01
3.523348e-01
3.435509e-01
3.157696e-01
3.317019e-01
3.719634e-01
3.650059e-01
3.646231e-01
3.637299e-01
3.356097e-01
3.654566e-01
3.836277e-01
3.889940e-01
3.884586e-01
3.656858e-01
3.680429e-01
3.760517e-01
3.969400e-01
3.954561e-01
3.864195e-01
3.865525e-01
3.977286e-01
4.034609e-01
4.067206e-01
4.072432e-01
4.012943e-01
3.975998e-01
3.975665e-01
3.975628e-01
4.053876e-01
4.117305e-01
4.115019e-01
4.062638e-01
4.100215e-01
4.168688e-01
4.174654e-01
4.170882e-01
4.169287e-01
4.117782e-01
4.155332e-01
4.193214e-01
4.212260e-01
4.211147e-01
4.235531e-01
4.246394e-01
4.264600e-01
4.277620e-01
4.281085e-01
4.346193e-01
4.483139e-01
4.566235e-01
4.566651e-01
4.610561e-01
