2.896248e-06
4.783542e-06
9.462266e-06
1.367426e-05
2.350282e-05
4.523159e-05
6.769318e-05
1.076005e-04
1.996205e-04
3.249050e-04
4.238371e-04
6.899526e-04
1.233410e-03
1.745672e-03
2.315635e-03
3.293170e-03
4.934153e-03
6.326733e-03
7.975184e-03
9.650687e-03
1.410574e-02
1.655235e-02
1.982100e-02
2.595604e-02
3.069173e-02
3.863624e-02
5.567636e-02
6.238601e-02
6.866684e-02
8.524172e-02
9.678245e-02
1.039900e-01
1.230943e-01
1.433750e-01
1.432312e-01
1.430874e-01
1.541690e-01
1.618306e-01
1.907485e-01
2.017705e-01
2.072758e-01
2.090446e-01
2.108069e-01
2.340561e-01
2.482132e-01
2.573885e-01
2.464978e-01
2.719952e-01
2.966957e-01
2.801687e-01
3.059831e-01
3.232271e-01
3.245623e-01
3.488989e-01
3.682543e-01
3.449976e-01
3.411570e-01
3.710695e-01
3.928344e-01
3.936873e-01
3.674716e-01
3.793062e-01
3.894677e-01
4.138648e-01
4.184292e-01
4.125927e-01
3.930871e-01
4.047062e-01
4.330041e-01
4.285567e-01
4.283663e-01
4.279221e-01
4.086418e-01
4.295832e-01
4.420457e-01
4.458562e-01
4.456968e-01
4.308341e-01
4.325609e-01
4.381017e-01
4.526126e-01
4.517171e-01
4.460068e-01
4.463599e-01
4.539985e-01
4.579357e-01
4.603241e-01
4.608945e-01
4.572217e-01
4.550242e-01
4.552210e-01
4.552428e-01
4.605787e-01
4.650439e-01
4.651833e-01
4.619931e-01
4.646693e-01
4.698077e-01
4.703690e-01
4.703522e-01
4.704235e-01
4.672660e-01
4.699117e-01
4.727098e-01
4.744903e-01
4.746228e-01
4.767172e-01
4.779145e-01
4.796940e-01
4.811063e-01
4.814900e-01
4.887615e-01
5.040307e-01
5.132811e-01
5.133282e-01
5.182311e-01
