0.000000e+00
-5.920073e-71
-2.913918e-64
-6.927916e-64
-4.203088e-59
-5.763795e-53
1.287989e-47
5.384353e-42
2.324246e-36
5.730006e-30
-3.161393e-24
9.118994e-07
2.973508e-06
6.019073e-06
1.058862e-05
2.175368e-05
4.947207e-05
8.152240e-05
1.302243e-04
1.911065e-04
4.148574e-04
5.717786e-04
8.277341e-04
1.429032e-03
2.008076e-03
3.196566e-03
6.704624e-03
8.413034e-03
1.022544e-02
1.578840e-02
2.042864e-02
2.348396e-02
3.308680e-02
4.514541e-02
4.492740e-02
4.470939e-02
5.188756e-02
5.728291e-02
7.974566e-02
8.896940e-02
9.386819e-02
9.541761e-02
9.676541e-02
1.195953e-01
1.345186e-01
1.445044e-01
1.317289e-01
1.609944e-01
1.912446e-01
1.694649e-01
2.025726e-01
2.256827e-01
2.268025e-01
2.623193e-01
2.918813e-01
2.546850e-01
2.484630e-01
2.945219e-01
3.302396e-01
3.309510e-01
2.867420e-01
3.054413e-01
3.218734e-01
3.637455e-01
3.711659e-01
3.598623e-01
3.252765e-01
3.446671e-01
3.944385e-01
3.853002e-01
3.847605e-01
3.835009e-01
3.482095e-01
3.851908e-01
4.077696e-01
4.142186e-01
4.133067e-01
3.841470e-01
3.869765e-01
3.969465e-01
4.225281e-01
4.205397e-01
4.088264e-01
4.088128e-01
4.226483e-01
4.296179e-01
4.334892e-01
4.338958e-01
4.261159e-01
4.211663e-01
4.209453e-01
4.209208e-01
4.305621e-01
4.381633e-01
4.376052e-01
4.306634e-01
4.352113e-01
4.430895e-01
4.436594e-01
4.429656e-01
4.425328e-01
4.357818e-01
4.403300e-01
4.447663e-01
4.465475e-01
4.461905e-01
4.487077e-01
4.496196e-01
4.512406e-01
4.522918e-01
4.525692e-01
4.575012e-01
4.677849e-01
4.737041e-01
4.737313e-01
4.767309e-01
