5.062994e-03
6.110995e-03
7.954452e-03
8.946021e-03
1.125982e-02
1.447228e-02
1.689604e-02
2.012804e-02
2.544988e-02
3.082033e-02
3.407719e-02
4.113181e-02
5.141478e-02
5.877870e-02
6.544888e-02
7.502757e-02
8.765381e-02
9.641925e-02
1.054427e-01
1.134891e-01
1.314531e-01
1.398142e-01
1.499106e-01
1.662673e-01
1.774784e-01
1.939791e-01
2.236546e-01
2.337751e-01
2.427433e-01
2.640678e-01
2.775227e-01
2.855360e-01
3.049415e-01
3.236777e-01
3.235723e-01
3.234669e-01
3.330248e-01
3.395877e-01
3.619842e-01
3.702214e-01
3.742398e-01
3.755373e-01
3.768823e-01
3.926165e-01
4.019269e-01
4.076549e-01
4.010521e-01
4.167580e-01
4.313386e-01
4.221092e-01
4.369527e-01
4.466683e-01
4.475396e-01
4.603760e-01
4.703575e-01
4.589498e-01
4.572029e-01
4.723427e-01
4.829507e-01
4.835706e-01
4.712385e-01
4.771934e-01
4.822613e-01
4.937131e-01
4.959768e-01
4.935668e-01
4.847841e-01
4.903883e-01
5.035081e-01
5.017774e-01
5.017614e-01
5.017240e-01
4.932588e-01
5.029270e-01
5.085686e-01
5.104046e-01
5.105061e-01
5.044472e-01
5.053309e-01
5.078796e-01
5.146166e-01
5.142894e-01
5.121144e-01
5.125599e-01
5.160489e-01
5.178257e-01
5.190905e-01
5.195342e-01
5.181602e-01
5.174296e-01
5.177388e-01
5.177732e-01
5.202011e-01
5.222991e-01
5.226351e-01
5.214796e-01
5.228023e-01
5.255491e-01
5.259554e-01
5.261669e-01
5.263087e-01
5.251355e-01
5.264418e-01
5.279220e-01
5.291282e-01
5.293779e-01
5.306515e-01
5.317040e-01
5.329722e-01
5.341026e-01
5.344205e-01
5.401703e-01
5.521306e-01
5.590051e-01
5.590378e-01
5.625459e-01
