0.000000e+00
-3.442158e-75
4.712809e-69
1.073839e-67
6.169198e-64
6.689863e-58
2.897783e-52
9.781717e-47
7.743593e-41
-4.608379e-35
-2.992597e-29
2.152129e-23
1.299120e-05
2.430415e-05
4.072792e-05
7.648839e-05
1.585117e-04
2.492516e-04
3.786756e-04
5.354063e-04
1.058190e-03
1.414504e-03
1.960253e-03
3.197626e-03
4.317725e-03
6.565807e-03
1.263637e-02
1.555482e-02
1.846934e-02
2.717869e-02
3.413666e-02
3.894348e-02
5.266685e-02
6.916626e-02
6.913167e-02
6.909706e-02
7.903280e-02
8.607962e-02
1.159492e-01
1.281410e-01
1.344015e-01
1.364281e-01
1.385685e-01
1.670873e-01
1.856560e-01
1.980168e-01
1.834524e-01
2.188772e-01
2.553503e-01
2.305359e-01
2.696890e-01
2.972047e-01
2.995871e-01
3.410002e-01
3.751344e-01
3.337746e-01
3.269612e-01
3.799040e-01
4.206383e-01
4.222001e-01
3.729758e-01
3.944901e-01
4.133448e-01
4.610108e-01
4.701386e-01
4.582184e-01
4.196876e-01
4.421116e-01
4.989035e-01
4.895206e-01
4.890199e-01
4.878512e-01
4.486647e-01
4.905510e-01
5.164266e-01
5.244008e-01
5.238587e-01
4.920803e-01
4.954824e-01
5.067743e-01
5.371052e-01
5.351080e-01
5.224773e-01
5.226145e-01
5.387192e-01
5.472227e-01
5.520268e-01
5.529597e-01
5.446567e-01
5.396085e-01
5.396325e-01
5.396351e-01
5.509904e-01
5.604694e-01
5.602503e-01
5.530494e-01
5.585395e-01
5.689304e-01
5.698847e-01
5.694372e-01
5.694377e-01
5.622808e-01
5.677785e-01
5.734355e-01
5.766486e-01
5.766336e-01
5.806289e-01
5.823081e-01
5.854469e-01
5.876694e-01
5.882560e-01
5.998726e-01
6.244829e-01
6.399815e-01
6.400662e-01
6.485451e-01
