0.000000e+00
2.065969e-41
2.685894e-35
-1.460896e-33
-6.388623e-30
-5.527277e-24
4.335965e-06
8.055412e-06
1.831978e-05
3.500811e-05
4.949666e-05
9.510757e-05
2.065675e-04
3.281886e-04
4.756242e-04
7.628115e-04
1.307561e-03
1.815097e-03
2.468645e-03
3.176067e-03
5.279414e-03
6.518524e-03
8.298393e-03
1.186442e-02
1.484358e-02
2.012210e-02
3.275304e-02
3.801035e-02
4.321966e-02
5.757046e-02
6.818626e-02
7.477551e-02
9.364824e-02
1.148328e-01
1.145022e-01
1.141718e-01
1.259258e-01
1.343921e-01
1.669641e-01
1.795871e-01
1.860539e-01
1.881034e-01
1.899199e-01
2.182702e-01
2.358423e-01
2.472779e-01
2.328510e-01
2.654703e-01
2.975703e-01
2.750649e-01
3.092696e-01
3.321875e-01
3.333961e-01
3.667746e-01
3.936779e-01
3.602326e-01
3.545699e-01
3.964298e-01
4.273942e-01
4.281618e-01
3.899921e-01
4.065605e-01
4.208783e-01
4.560276e-01
4.622396e-01
4.531868e-01
4.243762e-01
4.408396e-01
4.817201e-01
4.745920e-01
4.742029e-01
4.732951e-01
4.445493e-01
4.749684e-01
4.930619e-01
4.982774e-01
4.976903e-01
4.748278e-01
4.771689e-01
4.852183e-01
5.057332e-01
5.042380e-01
4.952494e-01
4.954109e-01
5.063967e-01
5.119140e-01
5.150707e-01
5.155339e-01
5.096565e-01
5.059553e-01
5.059246e-01
5.059212e-01
5.135357e-01
5.195997e-01
5.193556e-01
5.141454e-01
5.177981e-01
5.242937e-01
5.248479e-01
5.244606e-01
5.242354e-01
5.191583e-01
5.227960e-01
5.264253e-01
5.281440e-01
5.280060e-01
5.302536e-01
5.312915e-01
5.329243e-01
5.341026e-01
5.344205e-01
5.401703e-01
5.521306e-01
5.590051e-01
5.590378e-01
5.625459e-01
