0.000000e+00
1.220128e-76
-9.967835e-70
7.029439e-68
2.784802e-64
-3.562737e-60
-2.728584e-53
-7.801738e-48
5.889077e-42
2.760919e-36
-8.939336e-30
-3.356786e-24
2.894146e-06
5.884483e-06
1.046551e-05
2.149573e-05
4.911265e-05
8.147135e-05
1.305870e-04
1.924463e-04
4.179246e-04
5.781878e-04
8.371741e-04
1.452498e-03
2.040474e-03
3.262506e-03
6.841242e-03
8.613106e-03
1.045753e-02
1.616337e-02
2.090788e-02
2.411377e-02
3.394427e-02
4.624189e-02
4.609609e-02
4.595029e-02
5.344414e-02
5.886303e-02
8.209596e-02
9.167704e-02
9.671316e-02
9.832135e-02
9.984493e-02
1.233210e-01
1.387299e-01
1.490794e-01
1.362713e-01
1.664043e-01
1.977005e-01
1.755818e-01
2.097123e-01
2.336726e-01
2.352346e-01
2.720842e-01
3.027345e-01
2.646765e-01
2.583248e-01
3.060700e-01
3.432054e-01
3.441922e-01
2.986486e-01
3.181066e-01
3.352191e-01
3.789345e-01
3.869509e-01
3.754339e-01
3.396111e-01
3.599600e-01
4.121508e-01
4.029081e-01
4.023745e-01
4.011296e-01
3.645058e-01
4.031727e-01
4.269943e-01
4.340029e-01
4.332060e-01
4.030190e-01
4.060572e-01
4.165115e-01
4.438875e-01
4.418825e-01
4.297719e-01
4.298079e-01
4.445159e-01
4.520851e-01
4.563052e-01
4.568970e-01
4.488707e-01
4.438545e-01
4.436961e-01
4.436785e-01
4.540035e-01
4.623397e-01
4.618910e-01
4.547965e-01
4.597032e-01
4.685339e-01
4.692451e-01
4.686219e-01
4.683418e-01
4.613724e-01
4.662913e-01
4.711985e-01
4.735041e-01
4.732535e-01
4.763033e-01
4.774835e-01
4.796436e-01
4.811063e-01
4.814900e-01
4.887615e-01
5.040307e-01
5.132811e-01
5.133282e-01
5.182311e-01
