0.000000e+00
3.348242e-48
-2.981273e-42
-1.727741e-40
-4.883672e-36
-1.372651e-30
4.584296e-25
4.000089e-07
1.152063e-06
2.505480e-06
3.889143e-06
8.555737e-06
2.199647e-05
3.873632e-05
6.170218e-05
1.091711e-04
2.110540e-04
3.176663e-04
4.638136e-04
6.343825e-04
1.176287e-03
1.529551e-03
2.055238e-03
3.200147e-03
4.202968e-03
6.141776e-03
1.113009e-02
1.343356e-02
1.570356e-02
2.231127e-02
2.744721e-02
3.092733e-02
4.070091e-02
5.216539e-02
5.212948e-02
5.209355e-02
5.885927e-02
6.364573e-02
8.342688e-02
9.139804e-02
9.547368e-02
9.679096e-02
9.816617e-02
1.164415e-01
1.281884e-01
1.359766e-01
1.267942e-01
1.489722e-01
1.715448e-01
1.562483e-01
1.803669e-01
1.971851e-01
1.986028e-01
2.235868e-01
2.440648e-01
2.193288e-01
2.152713e-01
2.469827e-01
2.711540e-01
2.721001e-01
2.429443e-01
2.557898e-01
2.670177e-01
2.950721e-01
3.004373e-01
2.934897e-01
2.708901e-01
2.841336e-01
3.174379e-01
3.120099e-01
3.117369e-01
3.110999e-01
2.882234e-01
3.127973e-01
3.278985e-01
3.325465e-01
3.322729e-01
3.139173e-01
3.159362e-01
3.225568e-01
3.402397e-01
3.390945e-01
3.318664e-01
3.320655e-01
3.414476e-01
3.463607e-01
3.492174e-01
3.498155e-01
3.450804e-01
3.422202e-01
3.423171e-01
3.423278e-01
3.489351e-01
3.544525e-01
3.544309e-01
3.503266e-01
3.535671e-01
3.597480e-01
3.603596e-01
3.601853e-01
3.602127e-01
3.561319e-01
3.593661e-01
3.627230e-01
3.647089e-01
3.647643e-01
3.671684e-01
3.683540e-01
3.703220e-01
3.717895e-01
3.721837e-01
3.797973e-01
3.960349e-01
4.063224e-01
4.063768e-01
4.119653e-01
