0.000000e+00
-1.543246e-77
9.562462e-71
-3.358571e-70
-1.886196e-65
9.983365e-60
1.701570e-53
2.836490e-48
1.407021e-42
-8.297333e-37
5.147029e-32
9.181414e-25
2.822943e-07
6.427767e-07
1.263637e-06
2.901404e-06
7.579706e-06
1.373491e-05
2.382127e-05
3.755389e-05
9.240929e-05
1.353326e-04
2.085864e-04
3.981293e-04
5.912492e-04
1.028031e-03
2.437514e-03
3.204213e-03
4.017749e-03
6.676681e-03
9.021460e-03
1.071094e-02
1.596472e-02
2.289877e-02
2.285997e-02
2.282118e-02
2.723466e-02
3.049701e-02
4.518354e-02
5.147611e-02
5.481352e-02
5.588953e-02
5.699159e-02
7.299858e-02
8.387353e-02
9.129207e-02
8.236592e-02
1.041629e-01
1.275105e-01
1.111779e-01
1.368662e-01
1.555162e-01
1.569969e-01
1.864001e-01
2.113156e-01
1.807146e-01
1.757119e-01
2.144298e-01
2.454275e-01
2.464522e-01
2.087701e-01
2.248436e-01
2.391491e-01
2.764054e-01
2.835212e-01
2.737694e-01
2.433849e-01
2.607403e-01
3.059906e-01
2.981104e-01
2.976563e-01
2.965969e-01
2.650881e-01
2.984639e-01
3.195262e-01
3.259162e-01
3.253124e-01
2.989120e-01
3.016099e-01
3.107645e-01
3.353420e-01
3.335975e-01
3.229309e-01
3.229239e-01
3.361252e-01
3.430498e-01
3.469211e-01
3.475346e-01
3.403996e-01
3.360110e-01
3.359029e-01
3.358909e-01
3.452376e-01
3.528992e-01
3.525402e-01
3.462965e-01
3.507557e-01
3.590073e-01
3.597040e-01
3.591837e-01
3.590213e-01
3.528253e-01
3.573193e-01
3.618520e-01
3.641388e-01
3.639817e-01
3.669275e-01
3.680950e-01
3.702914e-01
3.717895e-01
3.721837e-01
3.797973e-01
3.960349e-01
4.063224e-01
4.063768e-01
4.119653e-01
