0.000000e+00
1.895983e-48
-3.751451e-42
-4.848838e-40
-1.026393e-36
-1.204937e-30
-7.428037e-25
2.913969e-07
8.600587e-07
1.934008e-06
2.992664e-06
6.834192e-06
1.825099e-05
3.281508e-05
5.250776e-05
9.563629e-05
1.896065e-04
2.875140e-04
4.248925e-04
5.851059e-04
1.116837e-03
1.459770e-03
1.986317e-03
3.131146e-03
4.161691e-03
6.132368e-03
1.139319e-02
1.376861e-02
1.621195e-02
2.332876e-02
2.893708e-02
3.253104e-02
4.331647e-02
5.616986e-02
5.594841e-02
5.572697e-02
6.312038e-02
6.857301e-02
9.041390e-02
9.913783e-02
1.036968e-01
1.051392e-01
1.063978e-01
1.270387e-01
1.401913e-01
1.488760e-01
1.378140e-01
1.629571e-01
1.883439e-01
1.702657e-01
1.977216e-01
2.165002e-01
2.174339e-01
2.456034e-01
2.687038e-01
2.397777e-01
2.349066e-01
2.708672e-01
2.981596e-01
2.987673e-01
2.650187e-01
2.792671e-01
2.920252e-01
3.233943e-01
3.291775e-01
3.207698e-01
2.947982e-01
3.094565e-01
3.465462e-01
3.398298e-01
3.394665e-01
3.386187e-01
3.123897e-01
3.399690e-01
3.565831e-01
3.613617e-01
3.607395e-01
3.393760e-01
3.414770e-01
3.488841e-01
3.677178e-01
3.662795e-01
3.578399e-01
3.579705e-01
3.680725e-01
3.731335e-01
3.760091e-01
3.763779e-01
3.707763e-01
3.672279e-01
3.671210e-01
3.671092e-01
3.741318e-01
3.797115e-01
3.793344e-01
3.744195e-01
3.777448e-01
3.835846e-01
3.839946e-01
3.836276e-01
3.832667e-01
3.785237e-01
3.818448e-01
3.851112e-01
3.865548e-01
3.863405e-01
3.882328e-01
3.890197e-01
3.903658e-01
3.912798e-01
3.915241e-01
3.958342e-01
4.047713e-01
4.098812e-01
4.098969e-01
4.125041e-01
