1.302912e-05
1.999117e-05
3.606865e-05
4.898686e-05
7.913111e-05
1.394640e-04
1.976019e-04
2.943628e-04
5.009424e-04
7.668016e-04
9.604522e-04
1.468417e-03
2.430882e-03
3.285694e-03
4.182941e-03
5.689527e-03
8.079495e-03
1.000495e-02
1.222689e-02
1.441218e-02
2.006728e-02
2.303051e-02
2.694495e-02
3.400673e-02
3.936546e-02
4.801172e-02
6.603253e-02
7.279234e-02
7.918176e-02
9.556189e-02
1.067596e-01
1.134814e-01
1.314821e-01
1.502586e-01
1.500107e-01
1.497627e-01
1.597148e-01
1.667129e-01
1.921751e-01
2.017164e-01
2.064968e-01
2.080173e-01
2.094087e-01
2.294245e-01
2.414209e-01
2.491177e-01
2.396369e-01
2.611129e-01
2.815933e-01
2.676253e-01
2.890434e-01
3.031087e-01
3.039443e-01
3.236188e-01
3.391741e-01
3.202046e-01
3.170283e-01
3.410976e-01
3.583931e-01
3.589498e-01
3.378706e-01
3.472936e-01
3.553497e-01
3.745427e-01
3.779978e-01
3.732894e-01
3.577793e-01
3.668788e-01
3.889428e-01
3.853426e-01
3.851763e-01
3.847880e-01
3.695495e-01
3.859501e-01
3.955597e-01
3.983921e-01
3.981944e-01
3.864745e-01
3.877797e-01
3.920840e-01
4.030575e-01
4.023191e-01
3.978312e-01
3.980895e-01
4.039225e-01
4.068314e-01
4.086154e-01
4.089763e-01
4.060638e-01
4.042812e-01
4.044019e-01
4.044154e-01
4.084472e-01
4.116920e-01
4.117416e-01
4.091889e-01
4.111832e-01
4.148884e-01
4.152821e-01
4.152187e-01
4.151747e-01
4.126681e-01
4.146529e-01
4.166948e-01
4.178541e-01
4.179035e-01
4.192863e-01
4.201717e-01
4.213300e-01
4.222690e-01
4.225314e-01
4.271491e-01
4.367880e-01
4.423403e-01
4.423655e-01
4.451697e-01
