1.426509e-07
2.603864e-07
5.895702e-07
9.440326e-07
1.771159e-06
3.920942e-06
6.401081e-06
1.128377e-05
2.402012e-05
4.346335e-05
6.010662e-05
1.093125e-04
2.231480e-04
3.419224e-04
4.834292e-04
7.458965e-04
1.226981e-03
1.665126e-03
2.214157e-03
2.799007e-03
4.470542e-03
5.441767e-03
6.798859e-03
9.478857e-03
1.165488e-02
1.547605e-02
2.428382e-02
2.792693e-02
3.143789e-02
4.102385e-02
4.798899e-02
5.239132e-02
6.452386e-02
7.791106e-02
7.778213e-02
7.765321e-02
8.511771e-02
9.037864e-02
1.107044e-01
1.185777e-01
1.225611e-01
1.238367e-01
1.250736e-01
1.423417e-01
1.530299e-01
1.600075e-01
1.515571e-01
1.712131e-01
1.905390e-01
1.773484e-01
1.977925e-01
2.115768e-01
2.125392e-01
2.324224e-01
2.484118e-01
2.289523e-01
2.257199e-01
2.504880e-01
2.687980e-01
2.694231e-01
2.471895e-01
2.570477e-01
2.655568e-01
2.863244e-01
2.901542e-01
2.850134e-01
2.682455e-01
2.780706e-01
3.022907e-01
2.983141e-01
2.981240e-01
2.976805e-01
2.809654e-01
2.989224e-01
3.096766e-01
3.128948e-01
3.126750e-01
2.995977e-01
3.010052e-01
3.057804e-01
3.181868e-01
3.173623e-01
3.122685e-01
3.124995e-01
3.190875e-01
3.224467e-01
3.244555e-01
3.248649e-01
3.215442e-01
3.195267e-01
3.196251e-01
3.196361e-01
3.242375e-01
3.279980e-01
3.280223e-01
3.251233e-01
3.273897e-01
3.316422e-01
3.320793e-01
3.319826e-01
3.319620e-01
3.291004e-01
3.313519e-01
3.336795e-01
3.350139e-01
3.350536e-01
3.366585e-01
3.375743e-01
3.388949e-01
3.399306e-01
3.402133e-01
3.454084e-01
3.563620e-01
3.630370e-01
3.630695e-01
3.665692e-01
