0.000000e+00
2.187310e-08
5.501780e-08
9.332190e-08
1.827033e-07
4.433809e-07
7.704194e-07
1.471437e-06
3.508667e-06
6.990563e-06
1.014022e-05
2.053819e-05
4.779193e-05
7.930088e-05
1.191073e-04
2.003121e-04
3.630903e-04
5.217017e-04
7.332683e-04
9.693539e-04
1.704787e-03
2.154475e-03
2.819485e-03
4.197712e-03
5.387033e-03
7.563686e-03
1.302768e-02
1.538079e-02
1.775596e-02
2.445377e-02
2.955105e-02
3.275040e-02
4.213546e-02
5.295639e-02
5.277474e-02
5.259310e-02
5.868503e-02
6.313045e-02
8.051244e-02
8.734203e-02
9.087665e-02
9.199508e-02
9.297184e-02
1.086929e-01
1.185568e-01
1.250199e-01
1.168131e-01
1.353855e-01
1.538695e-01
1.407974e-01
1.606477e-01
1.740805e-01
1.747404e-01
1.945650e-01
2.106870e-01
1.905718e-01
1.871766e-01
2.122498e-01
2.310297e-01
2.314624e-01
2.082781e-01
2.182701e-01
2.269384e-01
2.484200e-01
2.522125e-01
2.465915e-01
2.289365e-01
2.389610e-01
2.640821e-01
2.596379e-01
2.593892e-01
2.588090e-01
2.410952e-01
2.597903e-01
2.709685e-01
2.741640e-01
2.737745e-01
2.595575e-01
2.609914e-01
2.659624e-01
2.785870e-01
2.776354e-01
2.720368e-01
2.721362e-01
2.789409e-01
2.823200e-01
2.842768e-01
2.845360e-01
2.808367e-01
2.785056e-01
2.784811e-01
2.784784e-01
2.831945e-01
2.868836e-01
2.867175e-01
2.834422e-01
2.856910e-01
2.896711e-01
2.900132e-01
2.897593e-01
2.895746e-01
2.863764e-01
2.886252e-01
2.908454e-01
2.918252e-01
2.917219e-01
2.930051e-01
2.936815e-01
2.946156e-01
2.953091e-01
2.955004e-01
2.987141e-01
3.054536e-01
3.093764e-01
3.093929e-01
3.113326e-01
