1.782638e-05
2.654290e-05
4.585033e-05
6.061435e-05
9.506574e-05
1.608793e-04
2.225739e-04
3.228667e-04
5.310737e-04
7.890628e-04
9.778105e-04
1.451096e-03
2.323353e-03
3.079871e-03
3.871525e-03
5.155451e-03
7.160117e-03
8.762437e-03
1.058022e-02
1.235674e-02
1.683498e-02
1.917904e-02
2.221483e-02
2.767039e-02
3.173401e-02
3.829115e-02
5.164188e-02
5.668402e-02
6.132835e-02
7.321725e-02
8.126942e-02
8.622792e-02
9.903026e-02
1.122620e-01
1.121726e-01
1.120831e-01
1.191695e-01
1.240642e-01
1.420112e-01
1.487813e-01
1.521378e-01
1.532173e-01
1.543021e-01
1.682020e-01
1.765585e-01
1.819592e-01
1.756367e-01
1.904863e-01
2.046996e-01
1.953257e-01
2.100755e-01
2.198889e-01
2.206714e-01
2.342626e-01
2.450092e-01
2.322638e-01
2.301947e-01
2.467177e-01
2.586202e-01
2.591486e-01
2.449417e-01
2.514676e-01
2.570600e-01
2.702624e-01
2.727709e-01
2.697132e-01
2.592631e-01
2.655978e-01
2.808594e-01
2.785707e-01
2.784904e-01
2.783032e-01
2.680436e-01
2.793388e-01
2.860144e-01
2.880851e-01
2.880548e-01
2.803088e-01
2.812676e-01
2.842526e-01
2.920660e-01
2.916069e-01
2.886918e-01
2.889878e-01
2.930960e-01
2.951903e-01
2.965402e-01
2.969079e-01
2.950295e-01
2.939397e-01
2.941290e-01
2.941500e-01
2.970176e-01
2.994158e-01
2.995923e-01
2.979814e-01
2.994543e-01
3.023653e-01
3.027281e-01
3.028002e-01
3.028685e-01
3.012588e-01
3.027144e-01
3.042836e-01
3.053571e-01
3.054939e-01
3.066928e-01
3.075508e-01
3.086513e-01
3.095851e-01
3.098448e-01
3.145686e-01
3.245380e-01
3.306264e-01
3.306558e-01
3.338353e-01
