0.000000e+00
-2.922045e-27
1.506659e-08
2.628336e-08
5.245732e-08
1.324940e-07
2.371746e-07
4.709858e-07
1.191212e-06
2.457823e-06
3.709347e-06
7.815351e-06
1.922822e-05
3.307473e-05
5.170920e-05
8.975236e-05
1.699867e-04
2.526359e-04
3.649911e-04
4.948843e-04
9.046029e-04
1.168615e-03
1.560160e-03
2.405606e-03
3.142961e-03
4.555845e-03
8.171386e-03
9.824077e-03
1.145639e-02
1.618594e-02
1.985054e-02
2.230918e-02
2.924929e-02
3.737241e-02
3.733232e-02
3.729223e-02
4.205710e-02
4.544512e-02
5.933263e-02
6.491702e-02
6.777875e-02
6.870135e-02
6.964591e-02
8.245594e-02
9.066733e-02
9.611200e-02
8.964563e-02
1.051563e-01
1.209068e-01
1.101888e-01
1.270371e-01
1.387623e-01
1.397024e-01
1.570996e-01
1.713587e-01
1.541001e-01
1.512691e-01
1.733455e-01
1.901525e-01
1.907917e-01
1.704941e-01
1.794348e-01
1.872483e-01
2.067218e-01
2.104249e-01
2.055901e-01
1.898893e-01
1.990813e-01
2.221800e-01
2.184054e-01
2.182179e-01
2.177803e-01
2.018989e-01
2.189728e-01
2.294246e-01
2.326219e-01
2.324287e-01
2.197169e-01
2.211195e-01
2.257186e-01
2.379245e-01
2.371245e-01
2.321366e-01
2.323106e-01
2.388054e-01
2.421733e-01
2.441643e-01
2.445799e-01
2.413020e-01
2.393239e-01
2.394113e-01
2.394210e-01
2.439912e-01
2.477727e-01
2.477821e-01
2.449378e-01
2.471852e-01
2.514711e-01
2.519097e-01
2.518053e-01
2.518105e-01
2.489798e-01
2.512251e-01
2.535513e-01
2.549114e-01
2.549556e-01
2.565899e-01
2.574774e-01
2.588321e-01
2.598726e-01
2.601555e-01
2.654600e-01
2.768066e-01
2.840433e-01
2.840804e-01
2.879714e-01
