5.707707e-05
7.975611e-05
1.266822e-04
1.591715e-04
2.349842e-04
3.674613e-04
4.844391e-04
6.646914e-04
1.016015e-03
1.427138e-03
1.714274e-03
2.404209e-03
3.599419e-03
4.584843e-03
5.579109e-03
7.137305e-03
9.466477e-03
1.126230e-02
1.324810e-02
1.514359e-02
1.976913e-02
2.212162e-02
2.511100e-02
3.034527e-02
3.415979e-02
4.017637e-02
5.203952e-02
5.641125e-02
6.039563e-02
7.041146e-02
7.707631e-02
8.115243e-02
9.149707e-02
1.020091e-01
1.019446e-01
1.018801e-01
1.074474e-01
1.112828e-01
1.251172e-01
1.303022e-01
1.328640e-01
1.336892e-01
1.345283e-01
1.449904e-01
1.512325e-01
1.552621e-01
1.506047e-01
1.616003e-01
1.720466e-01
1.652377e-01
1.760263e-01
1.831931e-01
1.837841e-01
1.935859e-01
2.013089e-01
1.922494e-01
1.907967e-01
2.026231e-01
2.110904e-01
2.115034e-01
2.014747e-01
2.061422e-01
2.101388e-01
2.194674e-01
2.212651e-01
2.191623e-01
2.118392e-01
2.163380e-01
2.271029e-01
2.255505e-01
2.255060e-01
2.254022e-01
2.182476e-01
2.262096e-01
2.309001e-01
2.323723e-01
2.323830e-01
2.270643e-01
2.277556e-01
2.298592e-01
2.353728e-01
2.350610e-01
2.330934e-01
2.333602e-01
2.362573e-01
2.377206e-01
2.387099e-01
2.390022e-01
2.377307e-01
2.370142e-01
2.371923e-01
2.372122e-01
2.392343e-01
2.409223e-01
2.411020e-01
2.400254e-01
2.410812e-01
2.432162e-01
2.435072e-01
2.436026e-01
2.436639e-01
2.425760e-01
2.436213e-01
2.447609e-01
2.455809e-01
2.457139e-01
2.465930e-01
2.473178e-01
2.481717e-01
2.489264e-01
2.491388e-01
2.529015e-01
2.608581e-01
2.657460e-01
2.657686e-01
2.682946e-01
