5.910375e-07
1.007065e-06
2.085257e-06
3.126446e-06
5.556028e-06
1.128677e-05
1.748637e-05
2.899045e-05
5.695419e-05
9.701118e-05
1.296922e-04
2.216519e-04
4.202446e-04
6.163107e-04
8.407612e-04
1.240922e-03
1.939920e-03
2.551924e-03
3.296582e-03
4.069431e-03
6.198241e-03
7.396624e-03
9.034411e-03
1.217857e-02
1.466778e-02
1.892809e-02
2.839686e-02
3.220579e-02
3.583399e-02
4.554645e-02
5.245886e-02
5.678601e-02
6.851316e-02
8.120323e-02
8.110782e-02
8.101241e-02
8.795667e-02
9.285222e-02
1.114881e-01
1.186370e-01
1.222417e-01
1.233963e-01
1.245186e-01
1.399305e-01
1.493734e-01
1.555365e-01
1.481413e-01
1.653554e-01
1.821507e-01
1.707755e-01
1.884514e-01
2.003113e-01
2.011547e-01
2.180714e-01
2.316081e-01
2.152209e-01
2.125042e-01
2.334432e-01
2.488005e-01
2.493556e-01
2.307699e-01
2.390773e-01
2.462337e-01
2.635360e-01
2.667415e-01
2.625226e-01
2.486067e-01
2.568133e-01
2.769374e-01
2.737007e-01
2.735531e-01
2.732084e-01
2.593998e-01
2.743211e-01
2.832102e-01
2.858886e-01
2.857367e-01
2.750056e-01
2.762211e-01
2.801772e-01
2.904557e-01
2.897880e-01
2.856544e-01
2.858916e-01
2.913435e-01
2.941148e-01
2.958054e-01
2.961768e-01
2.934876e-01
2.918660e-01
2.919895e-01
2.920032e-01
2.958065e-01
2.989217e-01
2.989901e-01
2.966544e-01
2.985423e-01
3.021340e-01
3.025235e-01
3.024856e-01
3.024877e-01
3.001720e-01
3.020511e-01
3.040071e-01
3.051765e-01
3.052430e-01
3.066188e-01
3.074713e-01
3.086417e-01
3.095851e-01
3.098448e-01
3.145686e-01
3.245380e-01
3.306264e-01
3.306558e-01
3.338353e-01
