0.000000e+00
-2.988661e-55
-1.449882e-48
9.148076e-47
1.253843e-43
2.521277e-38
1.305967e-31
-3.825536e-27
4.264530e-08
1.112756e-07
1.870187e-07
4.921991e-07
1.582577e-06
3.194725e-06
5.659740e-06
1.162518e-05
2.664320e-05
4.432187e-05
7.132471e-05
1.054932e-04
2.314783e-04
3.215864e-04
4.684081e-04
8.197104e-04
1.158632e-03
1.867502e-03
3.974732e-03
5.025379e-03
6.128099e-03
9.558546e-03
1.243711e-02
1.438215e-02
2.040968e-02
2.801887e-02
2.791858e-02
2.781830e-02
3.243398e-02
3.585290e-02
5.040589e-02
5.643555e-02
5.962198e-02
6.063760e-02
6.158442e-02
7.649714e-02
8.632731e-02
9.294793e-02
8.470879e-02
1.040362e-01
1.241861e-01
1.098913e-01
1.319194e-01
1.474708e-01
1.484318e-01
1.724393e-01
1.924881e-01
1.675430e-01
1.634032e-01
1.946087e-01
2.190057e-01
2.196307e-01
1.896883e-01
2.024471e-01
2.136956e-01
2.424848e-01
2.477488e-01
2.401171e-01
2.164988e-01
2.298843e-01
2.643327e-01
2.581886e-01
2.578358e-01
2.570127e-01
2.328127e-01
2.583562e-01
2.741034e-01
2.787141e-01
2.781737e-01
2.581760e-01
2.601846e-01
2.671079e-01
2.851679e-01
2.838250e-01
2.758066e-01
2.758598e-01
2.855958e-01
2.905667e-01
2.933729e-01
2.937558e-01
2.884187e-01
2.850829e-01
2.849946e-01
2.849849e-01
2.918158e-01
2.972837e-01
2.969987e-01
2.922782e-01
2.955301e-01
3.013644e-01
3.018435e-01
3.014398e-01
3.012241e-01
2.965890e-01
2.998493e-01
3.030917e-01
3.045768e-01
3.044105e-01
3.063691e-01
3.072111e-01
3.086117e-01
3.095851e-01
3.098448e-01
3.145686e-01
3.245380e-01
3.306264e-01
3.306558e-01
3.338353e-01
