0.000000e+00
-3.918164e-61
8.572733e-56
5.117288e-54
5.061316e-49
1.171087e-43
-1.848251e-37
2.665637e-32
9.207691e-27
1.466373e-08
2.523964e-08
7.012873e-08
2.476869e-07
5.353970e-07
1.009762e-06
2.256935e-06
5.753431e-06
1.024954e-05
1.762004e-05
2.754860e-05
6.786062e-05
9.900297e-05
1.528124e-04
2.916501e-04
4.346632e-04
7.552930e-04
1.809864e-03
2.375541e-03
2.988713e-03
4.998750e-03
6.784533e-03
8.025307e-03
1.204997e-02
1.741291e-02
1.733567e-02
1.725842e-02
2.062267e-02
2.316903e-02
3.442308e-02
3.922139e-02
4.180068e-02
4.262226e-02
4.338386e-02
5.581789e-02
6.422486e-02
6.996743e-02
6.277691e-02
7.976527e-02
9.790087e-02
8.487665e-02
1.049688e-01
1.194315e-01
1.202992e-01
1.432201e-01
1.626710e-01
1.383541e-01
1.343445e-01
1.646273e-01
1.888517e-01
1.894277e-01
1.596566e-01
1.721915e-01
1.833422e-01
2.123747e-01
2.176984e-01
2.098487e-01
1.859559e-01
1.993866e-01
2.345046e-01
2.280983e-01
2.277203e-01
2.268382e-01
2.020926e-01
2.281171e-01
2.443616e-01
2.491062e-01
2.484972e-01
2.276885e-01
2.297358e-01
2.368556e-01
2.554947e-01
2.540694e-01
2.456497e-01
2.456491e-01
2.557451e-01
2.609039e-01
2.637910e-01
2.641382e-01
2.584902e-01
2.549462e-01
2.548076e-01
2.547922e-01
2.618935e-01
2.675531e-01
2.671886e-01
2.621778e-01
2.655383e-01
2.715096e-01
2.719734e-01
2.714978e-01
2.712285e-01
2.663081e-01
2.696867e-01
2.730171e-01
2.744488e-01
2.742241e-01
2.761623e-01
2.769376e-01
2.782672e-01
2.791584e-01
2.793944e-01
2.836388e-01
2.926048e-01
2.980956e-01
2.981216e-01
3.009757e-01
