0.000000e+00
-1.521941e-63
-4.441496e-55
-5.455766e-53
-3.355971e-49
1.489755e-43
4.389755e-38
-1.160971e-32
-2.499145e-27
9.158730e-09
1.517695e-08
4.004359e-08
1.349641e-07
2.867803e-07
5.346830e-07
1.200135e-06
3.103489e-06
5.590987e-06
9.768546e-06
1.549338e-05
3.980743e-05
5.900249e-05
9.327088e-05
1.839825e-04
2.807828e-04
5.028327e-04
1.274086e-03
1.697160e-03
2.169631e-03
3.749277e-03
5.196084e-03
6.194893e-03
9.571368e-03
1.420833e-02
1.411577e-02
1.402322e-02
1.694037e-02
1.921321e-02
2.928506e-02
3.362286e-02
3.599507e-02
3.674449e-02
3.738924e-02
4.898188e-02
5.689649e-02
6.232118e-02
5.533569e-02
7.156722e-02
8.903034e-02
7.623135e-02
9.575249e-02
1.098811e-01
1.105316e-01
1.331783e-01
1.525511e-01
1.280362e-01
1.240029e-01
1.541577e-01
1.784906e-01
1.789238e-01
1.488014e-01
1.613134e-01
1.724856e-01
2.017547e-01
2.069896e-01
1.988575e-01
1.746002e-01
1.880474e-01
2.234887e-01
2.167799e-01
2.163721e-01
2.154202e-01
1.902222e-01
2.165235e-01
2.329245e-01
2.376001e-01
2.368731e-01
2.154838e-01
2.175097e-01
2.247163e-01
2.433218e-01
2.418160e-01
2.331201e-01
2.330630e-01
2.432118e-01
2.483162e-01
2.511475e-01
2.513883e-01
2.455281e-01
2.417968e-01
2.415927e-01
2.415700e-01
2.486722e-01
2.542146e-01
2.537374e-01
2.484974e-01
2.518287e-01
2.575406e-01
2.579346e-01
2.573632e-01
2.569761e-01
2.518740e-01
2.552183e-01
2.584421e-01
2.596046e-01
2.592854e-01
2.609861e-01
2.615970e-01
2.626385e-01
2.632881e-01
2.634607e-01
2.663054e-01
2.722806e-01
2.757740e-01
2.757881e-01
2.775010e-01
