0.000000e+00
1.078994e-78
1.657039e-72
1.661859e-70
-1.042055e-66
-3.925848e-61
1.003648e-56
2.209207e-50
2.157781e-44
-3.588472e-38
3.851860e-33
1.501991e-27
6.234607e-09
1.231282e-08
2.192132e-08
4.394920e-08
1.006816e-07
1.704830e-07
2.784979e-07
4.213739e-07
9.757787e-07
1.414357e-06
2.169527e-06
4.296846e-06
6.615182e-06
1.260958e-05
3.772482e-05
5.482288e-05
7.509113e-05
1.575166e-04
2.495527e-04
3.236984e-04
6.137217e-04
1.112510e-03
1.105405e-03
1.098299e-03
1.472172e-03
1.781658e-03
3.477665e-03
4.318879e-03
4.809510e-03
4.966442e-03
5.117189e-03
7.872787e-03
1.001998e-02
1.160554e-02
9.624423e-03
1.464308e-02
2.075072e-02
1.617944e-02
2.340029e-02
2.927492e-02
2.966716e-02
4.034931e-02
5.024874e-02
3.778953e-02
3.585593e-02
5.122381e-02
6.521489e-02
6.554163e-02
4.845203e-02
5.530510e-02
6.172793e-02
8.001933e-02
8.358101e-02
7.827789e-02
6.315522e-02
7.146608e-02
9.508848e-02
9.048955e-02
9.020265e-02
8.953317e-02
7.289710e-02
9.029242e-02
1.019996e-01
1.055089e-01
1.050071e-01
8.978284e-02
9.122005e-02
9.625374e-02
1.099822e-01
1.088645e-01
1.024489e-01
1.023519e-01
1.099270e-01
1.138816e-01
1.160749e-01
1.162827e-01
1.118078e-01
1.090235e-01
1.088513e-01
1.088322e-01
1.142750e-01
1.186233e-01
1.182417e-01
1.142547e-01
1.168178e-01
1.213768e-01
1.217027e-01
1.212474e-01
1.209808e-01
1.170233e-01
1.196371e-01
1.221857e-01
1.231612e-01
1.229207e-01
1.242995e-01
1.247876e-01
1.256780e-01
1.262242e-01
1.263681e-01
1.288190e-01
1.340713e-01
1.374748e-01
1.374901e-01
1.392503e-01
