1.738106e-04
2.425196e-04
3.821527e-04
4.767827e-04
6.975988e-04
1.077119e-03
1.410186e-03
1.916361e-03
2.893767e-03
4.006622e-03
4.812333e-03
6.637546e-03
9.759480e-03
1.230867e-02
1.492241e-02
1.883704e-02
2.466770e-02
2.920759e-02
3.413621e-02
3.886372e-02
5.000847e-02
5.576870e-02
6.291258e-02
7.545668e-02
8.443514e-02
9.877975e-02
1.262585e-01
1.366537e-01
1.457638e-01
1.686574e-01
1.837903e-01
1.935499e-01
2.167632e-01
2.401136e-01
2.401195e-01
2.401254e-01
2.530661e-01
2.615155e-01
2.926835e-01
3.044840e-01
3.102192e-01
3.121037e-01
3.143165e-01
3.373632e-01
3.512709e-01
3.602879e-01
3.507292e-01
3.748444e-01
3.979770e-01
3.837787e-01
4.072708e-01
4.232778e-01
4.252868e-01
4.466669e-01
4.636527e-01
4.446201e-01
4.417660e-01
4.675037e-01
4.859911e-01
4.872486e-01
4.660426e-01
4.763268e-01
4.851573e-01
5.055840e-01
5.098311e-01
5.056393e-01
4.901410e-01
5.001641e-01
5.239334e-01
5.209246e-01
5.209000e-01
5.208423e-01
5.056846e-01
5.230498e-01
5.335098e-01
5.370853e-01
5.373460e-01
5.262948e-01
5.279328e-01
5.325730e-01
5.454202e-01
5.448853e-01
5.408229e-01
5.415320e-01
5.480523e-01
5.516214e-01
5.539734e-01
5.548637e-01
5.523658e-01
5.510654e-01
5.515981e-01
5.516573e-01
5.562931e-01
5.605777e-01
5.611790e-01
5.591080e-01
5.616526e-01
5.670601e-01
5.678099e-01
5.681957e-01
5.686331e-01
5.665340e-01
5.690009e-01
5.718498e-01
5.743254e-01
5.748019e-01
5.775186e-01
5.792285e-01
5.818004e-01
5.839393e-01
5.845232e-01
5.960766e-01
6.205578e-01
6.359758e-01
6.360600e-01
6.444934e-01
