0.000000e+00
-1.728633e-44
2.938736e-38
-2.624291e-36
7.944459e-34
4.752098e-27
5.945608e-09
1.143410e-08
2.793490e-08
5.595897e-08
8.449427e-08
1.775041e-07
4.544530e-07
8.192356e-07
1.359765e-06
2.577365e-06
5.608956e-06
9.237041e-06
1.482868e-05
2.209963e-05
4.983228e-05
7.074078e-05
1.058202e-04
1.949249e-04
2.846990e-04
4.848597e-04
1.129310e-03
1.476076e-03
1.847165e-03
3.060938e-03
4.135134e-03
4.897144e-03
7.315802e-03
1.053173e-02
1.050079e-02
1.046986e-02
1.250703e-02
1.403275e-02
2.086443e-02
2.379492e-02
2.536233e-02
2.586485e-02
2.635704e-02
3.391202e-02
3.905025e-02
4.256622e-02
3.826124e-02
4.863924e-02
5.977472e-02
5.188814e-02
6.420725e-02
7.315996e-02
7.378924e-02
8.797713e-02
1.000499e-01
8.512786e-02
8.269017e-02
1.014491e-01
1.165259e-01
1.169761e-01
9.858455e-02
1.063902e-01
1.133538e-01
1.314929e-01
1.349138e-01
1.301073e-01
1.152642e-01
1.236979e-01
1.457510e-01
1.418525e-01
1.416297e-01
1.411099e-01
1.256960e-01
1.420133e-01
1.522692e-01
1.553354e-01
1.550177e-01
1.420914e-01
1.434064e-01
1.478905e-01
1.597890e-01
1.589174e-01
1.537088e-01
1.537496e-01
1.601828e-01
1.634954e-01
1.653917e-01
1.656765e-01
1.621731e-01
1.600110e-01
1.599773e-01
1.599736e-01
1.645200e-01
1.681818e-01
1.680234e-01
1.649462e-01
1.671225e-01
1.711151e-01
1.714650e-01
1.712233e-01
1.711057e-01
1.680515e-01
1.702462e-01
1.724412e-01
1.734958e-01
1.734141e-01
1.747617e-01
1.754077e-01
1.764253e-01
1.771546e-01
1.773513e-01
1.808940e-01
1.884822e-01
1.933615e-01
1.933851e-01
1.959659e-01
