0.000000e+00
-1.939020e-27
4.479569e-09
6.936019e-09
1.266807e-08
2.695281e-08
4.309619e-08
7.505161e-08
1.602016e-07
2.906548e-07
4.105517e-07
7.749123e-07
1.730915e-06
2.862389e-06
4.400258e-06
7.642448e-06
1.498180e-05
2.304821e-05
3.483192e-05
4.935264e-05
1.014812e-04
1.382564e-04
1.979319e-04
3.413180e-04
4.802818e-04
7.733134e-04
1.665293e-03
2.116302e-03
2.596634e-03
4.115051e-03
5.413738e-03
6.292251e-03
9.085669e-03
1.269126e-02
1.263541e-02
1.257956e-02
1.478574e-02
1.644287e-02
2.357905e-02
2.656852e-02
2.816366e-02
2.867067e-02
2.913190e-02
3.670437e-02
4.174562e-02
4.515941e-02
4.085884e-02
5.091308e-02
6.149395e-02
5.390080e-02
6.556556e-02
7.386262e-02
7.432359e-02
9.035170e-02
9.822438e-02
8.455920e-02
8.229290e-02
9.929556e-02
1.127389e-01
1.130534e-01
9.651541e-02
1.035052e-01
1.091183e-01
1.256480e-01
1.286342e-01
1.242662e-01
1.111241e-01
1.185206e-01
1.376969e-01
1.342183e-01
1.340162e-01
1.335447e-01
1.200259e-01
1.342639e-01
1.430583e-01
1.456058e-01
1.452827e-01
1.340432e-01
1.351593e-01
1.390289e-01
1.490632e-01
1.482895e-01
1.437813e-01
1.438212e-01
1.492736e-01
1.520145e-01
1.535897e-01
1.537847e-01
1.507526e-01
1.488549e-01
1.488083e-01
1.488031e-01
1.526247e-01
1.556219e-01
1.554581e-01
1.527767e-01
1.545891e-01
1.578198e-01
1.580913e-01
1.578599e-01
1.576989e-01
1.550608e-01
1.568848e-01
1.586780e-01
1.594375e-01
1.593317e-01
1.603320e-01
1.608465e-01
1.615654e-01
1.620855e-01
1.622287e-01
1.645877e-01
1.695935e-01
1.727101e-01
1.727230e-01
1.742881e-01
