0.000000e+00
1.847988e-56
3.614915e-49
-7.964847e-48
-7.628330e-44
5.845329e-38
4.126299e-32
3.871726e-27
8.213929e-09
1.902492e-08
2.992975e-08
7.101365e-08
2.106088e-07
4.152527e-07
7.323635e-07
1.535040e-06
3.708537e-06
6.443899e-06
1.091526e-05
1.691961e-05
4.174253e-05
6.097606e-05
9.486380e-05
1.833392e-04
2.766288e-04
4.882368e-04
1.212629e-03
1.606003e-03
2.043721e-03
3.498251e-03
4.821654e-03
5.731574e-03
8.795474e-03
1.297975e-02
1.289621e-02
1.281267e-02
1.543532e-02
1.747419e-02
2.647770e-02
3.034383e-02
3.245476e-02
3.312150e-02
3.369401e-02
4.398578e-02
5.099449e-02
5.579190e-02
4.961169e-02
6.395343e-02
7.934895e-02
6.806946e-02
8.526485e-02
9.768479e-02
9.825161e-02
1.181210e-01
1.350976e-01
1.136159e-01
1.100763e-01
1.365000e-01
1.577844e-01
1.581631e-01
1.318108e-01
1.427616e-01
1.525332e-01
1.781006e-01
1.826694e-01
1.755720e-01
1.543793e-01
1.661273e-01
1.970553e-01
1.912080e-01
1.908523e-01
1.900221e-01
1.680288e-01
1.909869e-01
2.052822e-01
2.093515e-01
2.087191e-01
1.900794e-01
1.918457e-01
1.981302e-01
2.143307e-01
2.130167e-01
2.054503e-01
2.054088e-01
2.142508e-01
2.186848e-01
2.211554e-01
2.213657e-01
2.162635e-01
2.130153e-01
2.128428e-01
2.128236e-01
2.190082e-01
2.238176e-01
2.234085e-01
2.188502e-01
2.217485e-01
2.267234e-01
2.270723e-01
2.265794e-01
2.262371e-01
2.217953e-01
2.247086e-01
2.275126e-01
2.285178e-01
2.282428e-01
2.297063e-01
2.302651e-01
2.311689e-01
2.317428e-01
2.318968e-01
2.343742e-01
2.395869e-01
2.426518e-01
2.426637e-01
2.441500e-01
