0.000000e+00
-2.204281e-35
5.755468e-29
1.758050e-27
-2.113764e-23
1.801765e-05
2.825179e-05
4.738643e-05
9.460277e-05
1.619963e-04
2.195424e-04
3.760987e-04
7.168220e-04
1.055734e-03
1.454123e-03
2.145748e-03
3.366198e-03
4.457064e-03
5.775848e-03
7.161524e-03
1.090872e-02
1.306695e-02
1.597690e-02
2.162507e-02
2.605969e-02
3.379415e-02
5.076547e-02
5.779268e-02
6.431155e-02
8.185117e-02
9.431332e-02
1.025180e-01
1.236700e-01
1.464963e-01
1.465304e-01
1.465646e-01
1.594074e-01
1.681733e-01
2.024584e-01
2.157428e-01
2.223390e-01
2.244857e-01
2.268440e-01
2.549303e-01
2.723303e-01
2.836664e-01
2.707994e-01
3.022068e-01
3.331123e-01
3.129725e-01
3.451775e-01
3.671609e-01
3.692939e-01
4.004412e-01
4.254248e-01
3.960091e-01
3.912690e-01
4.296362e-01
4.579262e-01
4.593266e-01
4.257518e-01
4.410663e-01
4.543442e-01
4.863027e-01
4.925723e-01
4.851658e-01
4.598838e-01
4.751901e-01
5.126522e-01
5.070567e-01
5.068357e-01
5.063196e-01
4.811861e-01
5.087153e-01
5.254086e-01
5.307323e-01
5.306727e-01
5.112607e-01
5.136112e-01
5.209547e-01
5.407816e-01
5.396698e-01
5.322010e-01
5.326617e-01
5.430054e-01
5.485143e-01
5.518225e-01
5.527267e-01
5.479511e-01
5.451693e-01
5.454993e-01
5.455359e-01
5.528181e-01
5.591324e-01
5.594123e-01
5.553311e-01
5.590287e-01
5.663731e-01
5.672011e-01
5.672612e-01
5.675276e-01
5.634488e-01
5.670998e-01
5.710414e-01
5.737984e-01
5.740811e-01
5.772885e-01
5.789849e-01
5.817724e-01
5.839393e-01
5.845232e-01
5.960766e-01
6.205578e-01
6.359758e-01
6.360600e-01
6.444934e-01
