0.000000e+00
7.488468e-09
1.699320e-08
2.659152e-08
4.898888e-08
1.081446e-07
1.788410e-07
3.272061e-07
7.557816e-07
1.480753e-06
2.169857e-06
4.450402e-06
1.080517e-05
1.857789e-05
2.902616e-05
5.111275e-05
9.877499e-05
1.483960e-04
2.174972e-04
2.982056e-04
5.638244e-04
7.366337e-04
1.000144e-03
1.578876e-03
2.097788e-03
3.101481e-03
5.781891e-03
7.012379e-03
8.264550e-03
1.194654e-02
1.485764e-02
1.675768e-02
2.240462e-02
2.915328e-02
2.906460e-02
2.897591e-02
3.291578e-02
3.578713e-02
4.749205e-02
5.220425e-02
5.465626e-02
5.543734e-02
5.616180e-02
6.729764e-02
7.444192e-02
7.918980e-02
7.329213e-02
8.698383e-02
1.009086e-01
9.112572e-02
1.061780e-01
1.165839e-01
1.172116e-01
1.328603e-01
1.457406e-01
1.297948e-01
1.271331e-01
1.471511e-01
1.624480e-01
1.628656e-01
1.441172e-01
1.522041e-01
1.592757e-01
1.770289e-01
1.802591e-01
1.756461e-01
1.611266e-01
1.694231e-01
1.904339e-01
1.867750e-01
1.865741e-01
1.861054e-01
1.713968e-01
1.870005e-01
1.964773e-01
1.992488e-01
1.989580e-01
1.870440e-01
1.882734e-01
1.924656e-01
2.033049e-01
2.025134e-01
1.978043e-01
1.979066e-01
2.037416e-01
2.066834e-01
2.083985e-01
2.086632e-01
2.055385e-01
2.035979e-01
2.036005e-01
2.036008e-01
2.076776e-01
2.109199e-01
2.108178e-01
2.080679e-01
2.100265e-01
2.135873e-01
2.139123e-01
2.137273e-01
2.136110e-01
2.109029e-01
2.128652e-01
2.148294e-01
2.157748e-01
2.157170e-01
2.169111e-01
2.175597e-01
2.184733e-01
2.191625e-01
2.193512e-01
2.226357e-01
2.295877e-01
2.338751e-01
2.338945e-01
2.360935e-01
