0.000000e+00
-1.660758e-44
-2.073186e-38
9.550892e-39
-6.379643e-34
-5.730286e-27
5.195205e-09
9.759541e-09
2.285715e-08
4.435180e-08
6.442610e-08
1.281831e-07
2.982021e-07
4.983235e-07
7.665501e-07
1.322042e-06
2.553443e-06
3.889111e-06
5.834584e-06
8.243854e-06
1.723002e-05
2.382715e-05
3.502784e-05
6.413001e-05
9.452769e-05
1.647354e-04
4.154989e-04
5.578011e-04
7.191389e-04
1.280364e-03
1.815129e-03
2.191944e-03
3.517759e-03
5.427434e-03
5.387601e-03
5.347767e-03
6.588245e-03
7.569125e-03
1.210487e-02
1.411087e-02
1.522530e-02
1.557711e-02
1.587760e-02
2.149934e-02
2.544020e-02
2.818223e-02
2.463665e-02
3.295312e-02
4.212769e-02
3.532406e-02
4.572128e-02
5.341346e-02
5.375656e-02
6.644260e-02
7.748708e-02
6.346023e-02
6.116823e-02
7.834886e-02
9.257765e-02
9.281299e-02
7.519791e-02
8.242259e-02
8.894090e-02
1.063399e-01
1.094752e-01
1.045552e-01
9.009831e-02
9.804801e-02
1.193610e-01
1.152578e-01
1.150023e-01
1.144060e-01
9.922270e-02
1.150311e-01
1.250170e-01
1.278545e-01
1.273885e-01
1.142937e-01
1.155150e-01
1.198880e-01
1.312082e-01
1.302636e-01
1.249124e-01
1.248693e-01
1.310884e-01
1.341962e-01
1.359356e-01
1.360617e-01
1.324118e-01
1.300916e-01
1.299562e-01
1.299411e-01
1.343038e-01
1.376591e-01
1.373479e-01
1.340897e-01
1.361223e-01
1.396003e-01
1.398420e-01
1.394750e-01
1.392003e-01
1.360150e-01
1.380677e-01
1.400265e-01
1.406711e-01
1.404576e-01
1.414074e-01
1.418068e-01
1.423804e-01
1.427436e-01
1.428434e-01
1.442684e-01
1.472864e-01
1.491061e-01
1.491115e-01
1.499427e-01
