2.153524e-03
2.714121e-03
3.735702e-03
4.324146e-03
5.697266e-03
7.721434e-03
9.318042e-03
1.153633e-02
1.536305e-02
1.933481e-02
2.191070e-02
2.748233e-02
3.600485e-02
4.234355e-02
4.834250e-02
5.696678e-02
6.878663e-02
7.729323e-02
8.617176e-02
9.426371e-02
1.125178e-01
1.213444e-01
1.319992e-01
1.497808e-01
1.620391e-01
1.806262e-01
2.144992e-01
2.265081e-01
2.369761e-01
2.624481e-01
2.786855e-01
2.887195e-01
3.125828e-01
3.358544e-01
3.358754e-01
3.358964e-01
3.480793e-01
3.562852e-01
3.852055e-01
3.959549e-01
4.011768e-01
4.028813e-01
4.047943e-01
4.253267e-01
4.374521e-01
4.452939e-01
4.368534e-01
4.576431e-01
4.772040e-01
4.651452e-01
4.849361e-01
4.982111e-01
4.996322e-01
5.171489e-01
5.308136e-01
5.154893e-01
5.132049e-01
5.338958e-01
5.485246e-01
5.494987e-01
5.327422e-01
5.409643e-01
5.479853e-01
5.639038e-01
5.671746e-01
5.639504e-01
5.519297e-01
5.597739e-01
5.781575e-01
5.758656e-01
5.758656e-01
5.758654e-01
5.642215e-01
5.776917e-01
5.856727e-01
5.883823e-01
5.886024e-01
5.802915e-01
5.815726e-01
5.851520e-01
5.949170e-01
5.945144e-01
5.915161e-01
5.921537e-01
5.971310e-01
5.997896e-01
6.016199e-01
6.023325e-01
6.004967e-01
5.995604e-01
6.000285e-01
6.000805e-01
6.035839e-01
6.067938e-01
6.073289e-01
6.057971e-01
6.077478e-01
6.118991e-01
6.125044e-01
6.128556e-01
6.131813e-01
6.116273e-01
6.135168e-01
6.157197e-01
6.176563e-01
6.180578e-01
6.201393e-01
6.215977e-01
6.236138e-01
6.253436e-01
6.258188e-01
6.349810e-01
6.541387e-01
6.657315e-01
6.657917e-01
6.719751e-01
