0.000000e+00
9.255169e-25
1.240797e-05
1.777895e-05
3.031198e-05
5.773352e-05
8.598990e-05
1.357933e-04
2.503448e-04
4.036733e-04
5.286138e-04
8.513377e-04
1.506837e-03
2.123276e-03
2.820511e-03
3.981119e-03
5.932245e-03
7.609071e-03
9.574520e-03
1.158702e-02
1.682219e-02
1.974374e-02
2.359175e-02
3.085238e-02
3.640216e-02
4.583982e-02
6.577004e-02
7.380599e-02
8.114776e-02
1.005210e-01
1.139997e-01
1.228107e-01
1.450492e-01
1.685734e-01
1.686357e-01
1.686980e-01
1.817768e-01
1.906466e-01
2.248005e-01
2.379241e-01
2.444018e-01
2.465141e-01
2.488676e-01
2.760408e-01
2.927510e-01
3.036043e-01
2.914456e-01
3.212714e-01
3.503888e-01
3.316428e-01
3.617872e-01
3.823102e-01
3.843762e-01
4.130712e-01
4.359317e-01
4.092573e-01
4.050034e-01
4.400914e-01
4.657334e-01
4.671101e-01
4.368191e-01
4.508256e-01
4.628815e-01
4.917189e-01
4.974293e-01
4.909112e-01
4.682995e-01
4.821788e-01
5.158426e-01
5.109718e-01
5.108055e-01
5.104174e-01
4.880343e-01
5.127601e-01
5.277074e-01
5.325376e-01
5.325689e-01
5.155009e-01
5.176516e-01
5.242389e-01
5.421013e-01
5.411522e-01
5.346469e-01
5.351670e-01
5.444405e-01
5.493976e-01
5.524346e-01
5.533351e-01
5.492089e-01
5.468464e-01
5.472330e-01
5.472760e-01
5.538063e-01
5.595448e-01
5.599161e-01
5.564056e-01
5.597746e-01
5.665687e-01
5.673760e-01
5.675258e-01
5.678425e-01
5.643276e-01
5.676415e-01
5.712725e-01
5.739487e-01
5.742877e-01
5.773547e-01
5.790574e-01
5.817801e-01
5.839393e-01
5.845232e-01
5.960766e-01
6.205578e-01
6.359758e-01
6.360600e-01
6.444934e-01
