0.000000e+00
2.445789e-79
9.893594e-73
6.169183e-71
4.329334e-67
4.810073e-61
-3.218044e-56
1.083722e-50
1.824973e-44
9.413123e-39
-9.437044e-33
-1.123338e-26
5.389369e-09
1.161744e-08
2.237904e-08
5.073381e-08
1.375681e-07
2.622456e-07
4.855218e-07
8.200366e-07
2.418819e-06
3.878371e-06
6.718955e-06
1.558389e-05
2.618806e-05
5.499781e-05
1.783494e-04
2.600747e-04
3.552908e-04
7.182784e-04
1.095768e-03
1.388745e-03
2.441080e-03
4.074255e-03
4.056264e-03
4.038273e-03
5.183904e-03
6.092334e-03
1.065581e-02
1.278531e-02
1.397917e-02
1.436215e-02
1.473910e-02
2.099663e-02
2.558814e-02
2.886181e-02
2.482657e-02
3.485458e-02
4.638810e-02
3.799112e-02
5.120868e-02
6.142077e-02
6.214765e-02
7.957504e-02
9.508868e-02
7.573265e-02
7.265053e-02
9.676605e-02
1.174858e-01
1.180420e-01
9.274639e-02
1.031582e-01
1.126895e-01
1.387812e-01
1.437986e-01
1.365388e-01
1.150614e-01
1.270420e-01
1.598172e-01
1.537066e-01
1.533337e-01
1.524637e-01
1.294466e-01
1.536137e-01
1.694086e-01
1.741501e-01
1.735536e-01
1.532715e-01
1.552388e-01
1.620642e-01
1.805138e-01
1.790854e-01
1.706849e-01
1.705891e-01
1.806582e-01
1.859178e-01
1.888315e-01
1.891719e-01
1.834145e-01
1.798392e-01
1.796561e-01
1.796358e-01
1.868192e-01
1.926078e-01
1.921771e-01
1.870817e-01
1.904732e-01
1.965830e-01
1.970443e-01
1.965093e-01
1.962397e-01
1.911881e-01
1.946304e-01
1.980243e-01
1.994714e-01
1.992214e-01
2.011946e-01
2.019066e-01
2.032548e-01
2.041153e-01
2.043409e-01
2.084598e-01
2.172803e-01
2.229345e-01
2.229626e-01
2.259736e-01
