4.540095e-08
6.708014e-08
1.145842e-07
1.513524e-07
2.371500e-07
4.020598e-07
5.575596e-07
8.182082e-07
1.383203e-06
2.088126e-06
2.644591e-06
4.046761e-06
6.856919e-06
9.446720e-06
1.241630e-05
1.738215e-05
2.614376e-05
3.393768e-05
4.346633e-05
5.363645e-05
8.341214e-05
1.014495e-04
1.273947e-04
1.844085e-04
2.341440e-04
3.324264e-04
6.127484e-04
7.500469e-04
8.957884e-04
1.364782e-03
1.769889e-03
2.040584e-03
2.944434e-03
4.154454e-03
4.130935e-03
4.107418e-03
4.863541e-03
5.435038e-03
8.014013e-03
9.111168e-03
9.706018e-03
9.893600e-03
1.005221e-02
1.299655e-02
1.500094e-02
1.637514e-02
1.459188e-02
1.872024e-02
2.316496e-02
1.987818e-02
2.486980e-02
2.846587e-02
2.861906e-02
3.445357e-02
3.945823e-02
3.309410e-02
3.202315e-02
3.982238e-02
4.615226e-02
4.625627e-02
3.839659e-02
4.162626e-02
4.451615e-02
5.215012e-02
5.351583e-02
5.137856e-02
4.501316e-02
4.850384e-02
5.774745e-02
5.599433e-02
5.588104e-02
5.561668e-02
4.900368e-02
5.588314e-02
6.016347e-02
6.136074e-02
6.116116e-02
5.555068e-02
5.607199e-02
5.795225e-02
6.275068e-02
6.233997e-02
6.008187e-02
6.007979e-02
6.273494e-02
6.402320e-02
6.477533e-02
6.482640e-02
6.326848e-02
6.228473e-02
6.223658e-02
6.223123e-02
6.408626e-02
6.545361e-02
6.533521e-02
6.396121e-02
6.481215e-02
6.628775e-02
6.640661e-02
6.626058e-02
6.612124e-02
6.476135e-02
6.563253e-02
6.645234e-02
6.669512e-02
6.660932e-02
6.693988e-02
6.719159e-02
6.741396e-02
6.758458e-02
6.763618e-02
6.816654e-02
6.929991e-02
7.002342e-02
7.002335e-02
7.028078e-02
