0.000000e+00
-1.639156e-51
2.303384e-44
2.942026e-42
-2.893966e-38
-1.419471e-32
6.511258e-27
1.922326e-09
4.930373e-09
9.702604e-09
1.450175e-08
2.909864e-08
6.841071e-08
1.147194e-07
1.785883e-07
3.023828e-07
5.682588e-07
8.500959e-07
1.233674e-06
1.689025e-06
3.159110e-06
4.163360e-06
5.667433e-06
9.255712e-06
1.250544e-05
1.944186e-05
4.027719e-05
5.160284e-05
6.350601e-05
1.058793e-04
1.463530e-04
1.768470e-04
2.878348e-04
4.669337e-04
4.647419e-04
4.625501e-04
5.952508e-04
7.009460e-04
1.302612e-03
1.602034e-03
1.777497e-03
1.833504e-03
1.886377e-03
2.912793e-03
3.735438e-03
4.354610e-03
3.571435e-03
5.575081e-03
8.101507e-03
6.168497e-03
9.220717e-03
1.178796e-02
1.194876e-02
1.686547e-02
2.156625e-02
1.560353e-02
1.468940e-02
2.197962e-02
2.893507e-02
2.907607e-02
2.057369e-02
2.390436e-02
2.708662e-02
3.646130e-02
3.830728e-02
3.549930e-02
2.771622e-02
3.193596e-02
4.431727e-02
4.182889e-02
4.167010e-02
4.129956e-02
3.255539e-02
4.167115e-02
4.794897e-02
4.982431e-02
4.953115e-02
4.129142e-02
4.205386e-02
4.474415e-02
5.212241e-02
5.149451e-02
4.798349e-02
4.793160e-02
5.205075e-02
5.418567e-02
5.538761e-02
5.548296e-02
5.298934e-02
5.143985e-02
5.133899e-02
5.132778e-02
5.430640e-02
5.664888e-02
5.642853e-02
5.419989e-02
5.559788e-02
5.807498e-02
5.825349e-02
5.799159e-02
5.781110e-02
5.558619e-02
5.702367e-02
5.841167e-02
5.888904e-02
5.874061e-02
5.942227e-02
5.971346e-02
6.014518e-02
6.041583e-02
6.048994e-02
6.155947e-02
6.384069e-02
6.534921e-02
6.535408e-02
6.606414e-02
