0.000000e+00
-1.596350e-50
-2.673415e-44
2.338767e-42
-3.486305e-38
5.531030e-33
-2.625329e-27
2.987333e-09
7.727104e-09
1.532366e-08
2.299438e-08
4.662559e-08
1.112285e-07
1.884008e-07
2.956721e-07
5.080549e-07
9.742082e-07
1.478166e-06
2.182734e-06
3.038604e-06
5.971479e-06
8.072841e-06
1.142798e-05
2.000973e-05
2.858150e-05
4.861799e-05
1.203638e-04
1.635450e-04
2.122307e-04
3.919160e-04
5.725938e-04
7.091376e-04
1.202182e-03
1.964993e-03
1.954412e-03
1.943831e-03
2.476662e-03
2.899823e-03
5.041685e-03
6.042137e-03
6.606943e-03
6.787265e-03
6.957781e-03
9.956821e-03
1.217123e-02
1.375833e-02
1.177098e-02
1.666998e-02
2.234871e-02
1.815768e-02
2.471687e-02
2.981577e-02
3.014001e-02
3.896014e-02
4.687767e-02
3.693561e-02
3.535325e-02
4.765954e-02
5.834977e-02
5.860509e-02
4.551624e-02
5.085789e-02
5.577203e-02
6.931371e-02
7.189821e-02
6.807601e-02
5.688944e-02
6.308632e-02
8.016638e-02
7.693133e-02
7.673289e-02
7.626984e-02
6.422871e-02
7.685293e-02
8.510935e-02
8.755824e-02
8.722629e-02
7.655879e-02
7.758430e-02
8.116455e-02
9.076633e-02
8.999958e-02
8.558296e-02
8.555418e-02
9.083161e-02
9.354678e-02
9.507951e-02
9.524341e-02
9.219402e-02
9.029543e-02
9.020590e-02
9.019595e-02
9.396010e-02
9.694013e-02
9.671889e-02
9.401309e-02
9.578922e-02
9.896759e-02
9.921477e-02
9.893566e-02
9.876017e-02
9.607268e-02
9.788047e-02
9.964727e-02
1.003499e-01
1.002096e-01
1.011658e-01
1.015889e-01
1.022439e-01
1.026818e-01
1.028007e-01
1.047504e-01
1.089260e-01
1.116451e-01
1.116566e-01
1.130368e-01
