3.161454e-09
5.140805e-09
9.981258e-09
1.434940e-08
2.454232e-08
4.710112e-08
7.046808e-08
1.129503e-07
2.145107e-07
3.540740e-07
4.709211e-07
7.889898e-07
1.488224e-06
2.184201e-06
3.021095e-06
4.501229e-06
7.258788e-06
9.821318e-06
1.304940e-05
1.657662e-05
2.715262e-05
3.369244e-05
4.315577e-05
6.427486e-05
8.279761e-05
1.201147e-04
2.300537e-04
2.864781e-04
3.472746e-04
5.542749e-04
7.443557e-04
8.767330e-04
1.346492e-03
2.031677e-03
2.017947e-03
2.004217e-03
2.459962e-03
2.815317e-03
4.550655e-03
5.331361e-03
5.768468e-03
5.906423e-03
6.024005e-03
8.318734e-03
9.970206e-03
1.113798e-02
9.620930e-03
1.322029e-02
1.730511e-02
1.423084e-02
1.893539e-02
2.249603e-02
2.265373e-02
2.875593e-02
3.417977e-02
2.725590e-02
2.612352e-02
3.456336e-02
4.178315e-02
4.189229e-02
3.295020e-02
3.655298e-02
3.984490e-02
4.886200e-02
5.050733e-02
4.790369e-02
4.038063e-02
4.446988e-02
5.567442e-02
5.347911e-02
5.333604e-02
5.300217e-02
4.499419e-02
5.330268e-02
5.863695e-02
6.014650e-02
5.988209e-02
5.284059e-02
5.348330e-02
5.580715e-02
6.184674e-02
6.132214e-02
5.842962e-02
5.839964e-02
6.175262e-02
6.341065e-02
6.435445e-02
6.440767e-02
6.239801e-02
6.112685e-02
6.104508e-02
6.103599e-02
6.339792e-02
6.516900e-02
6.499019e-02
6.320493e-02
6.429025e-02
6.615406e-02
6.628845e-02
6.607915e-02
6.590130e-02
6.413899e-02
6.524884e-02
6.629310e-02
6.659005e-02
6.646328e-02
6.689756e-02
6.714708e-02
6.740883e-02
6.758458e-02
6.763618e-02
6.816654e-02
6.929991e-02
7.002342e-02
7.002335e-02
7.028078e-02
