5.762125e-08
8.538431e-08
1.464711e-07
1.940925e-07
3.052154e-07
5.203411e-07
7.243293e-07
1.068337e-06
1.819694e-06
2.768232e-06
3.518737e-06
5.444748e-06
9.387795e-06
1.311557e-05
1.745504e-05
2.501762e-05
3.893028e-05
5.180692e-05
6.826589e-05
8.644835e-05
1.431647e-04
1.789204e-04
2.326832e-04
3.528708e-04
4.615467e-04
6.773558e-04
1.293480e-03
1.589097e-03
1.901734e-03
2.871058e-03
3.682013e-03
4.213335e-03
5.919284e-03
8.095700e-03
8.054037e-03
8.012373e-03
9.322577e-03
1.030451e-02
1.450412e-02
1.624068e-02
1.716756e-02
1.745990e-02
1.770759e-02
2.212070e-02
2.503449e-02
2.699825e-02
2.446102e-02
3.026822e-02
3.633634e-02
3.191082e-02
3.861909e-02
4.333304e-02
4.353503e-02
5.092035e-02
5.712915e-02
4.927321e-02
4.794357e-02
5.761552e-02
6.522950e-02
6.536669e-02
5.591728e-02
5.986018e-02
6.334691e-02
7.234401e-02
7.393847e-02
7.147280e-02
6.399503e-02
6.813536e-02
7.887714e-02
7.688311e-02
7.675847e-02
7.646762e-02
6.880414e-02
7.680551e-02
8.170125e-02
8.307164e-02
8.285823e-02
7.649013e-02
7.709471e-02
7.925625e-02
8.473683e-02
8.428091e-02
8.174270e-02
8.175695e-02
8.477017e-02
8.623128e-02
8.708842e-02
8.716005e-02
8.542842e-02
8.433494e-02
8.429477e-02
8.429030e-02
8.638627e-02
8.794456e-02
8.782925e-02
8.630289e-02
8.727290e-02
8.896301e-02
8.910405e-02
8.895500e-02
8.881312e-02
8.730742e-02
8.829475e-02
8.923282e-02
8.954236e-02
8.945951e-02
8.987167e-02
9.017299e-02
9.046231e-02
9.068712e-02
9.075375e-02
9.155619e-02
9.326574e-02
9.432838e-02
9.432996e-02
9.476392e-02
