0.000000e+00
1.665628e-33
-3.392102e-27
9.462289e-10
3.154225e-09
6.934993e-09
1.131113e-08
2.008678e-08
4.384027e-08
7.974811e-08
1.137905e-07
2.111265e-07
4.533751e-07
7.219323e-07
1.077213e-06
1.745739e-06
3.138285e-06
4.584314e-06
6.556096e-06
8.902977e-06
1.679069e-05
2.233354e-05
3.111996e-05
5.307359e-05
7.466051e-05
1.234088e-04
2.876492e-04
3.805748e-04
4.828136e-04
8.384511e-04
1.173983e-03
1.417989e-03
2.250929e-03
3.448419e-03
3.432708e-03
3.416997e-03
4.212669e-03
4.827347e-03
7.757172e-03
9.067914e-03
9.789794e-03
1.002022e-02
1.023782e-02
1.390383e-02
1.650272e-02
1.832381e-02
1.605073e-02
2.156045e-02
2.771007e-02
2.323713e-02
3.020585e-02
3.544024e-02
3.577158e-02
4.446644e-02
5.207599e-02
4.256195e-02
4.102211e-02
5.285495e-02
6.275693e-02
6.300821e-02
5.088018e-02
5.591000e-02
6.046953e-02
7.270253e-02
7.501030e-02
7.164374e-02
6.156147e-02
6.719644e-02
8.234631e-02
7.955384e-02
7.938638e-02
7.899562e-02
6.832954e-02
7.954996e-02
8.673216e-02
8.885479e-02
8.858871e-02
7.938559e-02
8.028879e-02
8.342143e-02
9.173630e-02
9.108855e-02
8.733215e-02
8.733754e-02
9.188616e-02
9.420849e-02
9.553785e-02
9.569946e-02
9.312890e-02
9.153206e-02
9.148011e-02
9.147434e-02
9.470215e-02
9.725138e-02
9.709733e-02
9.482634e-02
9.635536e-02
9.911565e-02
9.934594e-02
9.913674e-02
9.900186e-02
9.674454e-02
9.829687e-02
9.982315e-02
1.004660e-01
1.003693e-01
1.012150e-01
1.016397e-01
1.022497e-01
1.026818e-01
1.028007e-01
1.047504e-01
1.089260e-01
1.116451e-01
1.116566e-01
1.130368e-01
