0.000000e+00
2.008901e-41
-9.027797e-34
4.394972e-31
-5.414741e-27
2.835689e-09
4.730864e-09
8.623075e-09
1.946812e-08
3.627603e-08
5.252117e-08
9.971037e-08
2.196642e-07
3.545188e-07
5.347204e-07
8.732704e-07
1.575913e-06
2.299975e-06
3.268940e-06
4.402496e-06
8.034139e-06
1.049665e-05
1.422168e-05
2.320015e-05
3.157996e-05
4.999822e-05
1.100359e-04
1.442692e-04
1.818655e-04
3.177579e-04
4.510502e-04
5.506592e-04
9.091593e-04
1.462392e-03
1.454563e-03
1.446735e-03
1.834082e-03
2.140484e-03
3.711202e-03
4.447302e-03
4.864202e-03
4.997142e-03
5.121560e-03
7.360993e-03
9.026726e-03
1.022625e-02
8.716561e-03
1.244020e-02
1.679256e-02
1.355886e-02
1.861406e-02
2.257128e-02
2.281509e-02
2.974297e-02
3.600501e-02
2.812004e-02
2.686619e-02
3.659987e-02
4.514170e-02
4.533663e-02
3.486940e-02
3.911588e-02
4.303872e-02
5.392946e-02
5.600954e-02
5.290942e-02
4.389744e-02
4.886959e-02
6.266953e-02
6.003371e-02
5.987049e-02
5.948961e-02
4.974557e-02
5.995040e-02
6.665240e-02
6.863432e-02
6.835674e-02
5.967029e-02
6.049988e-02
6.340570e-02
7.119501e-02
7.056347e-02
6.696038e-02
6.693806e-02
7.123499e-02
7.343633e-02
7.468627e-02
7.481337e-02
7.231192e-02
7.075468e-02
7.067978e-02
7.067145e-02
7.374018e-02
7.615185e-02
7.596843e-02
7.374773e-02
7.519263e-02
7.777443e-02
7.797660e-02
7.774531e-02
7.758930e-02
7.537892e-02
7.685377e-02
7.828982e-02
7.884000e-02
7.871968e-02
7.946939e-02
7.982570e-02
8.033808e-02
8.068527e-02
8.078078e-02
8.226742e-02
8.544670e-02
8.753016e-02
8.753813e-02
8.856550e-02
