1.195849e-06
1.627322e-06
2.488650e-06
3.084413e-06
4.474608e-06
6.909494e-06
9.096165e-06
1.264169e-05
2.008607e-05
2.926703e-05
3.644642e-05
5.486043e-05
9.259223e-05
1.285661e-04
1.699028e-04
2.427847e-04
3.729958e-04
4.893354e-04
6.335440e-04
7.862955e-04
1.225408e-03
1.480177e-03
1.838842e-03
2.554832e-03
3.142581e-03
4.182469e-03
6.645726e-03
7.672749e-03
8.683107e-03
1.147834e-02
1.354499e-02
1.483781e-02
1.852310e-02
2.267126e-02
2.261513e-02
2.255900e-02
2.487893e-02
2.653567e-02
3.299832e-02
3.551552e-02
3.680259e-02
3.721175e-02
3.758453e-02
4.325207e-02
4.677706e-02
4.908743e-02
4.621972e-02
5.279473e-02
5.929298e-02
5.476975e-02
6.171455e-02
6.640138e-02
6.666930e-02
7.352059e-02
7.906911e-02
7.224211e-02
7.108802e-02
7.969155e-02
8.610296e-02
8.629362e-02
7.845219e-02
8.187780e-02
8.484787e-02
9.214162e-02
9.346677e-02
9.162006e-02
8.567017e-02
8.909680e-02
9.762008e-02
9.618830e-02
9.611327e-02
9.593819e-02
8.999486e-02
9.634563e-02
1.001297e-01
1.012289e-01
1.011304e-01
9.644429e-02
9.694560e-02
9.863275e-02
1.029288e-01
1.026138e-01
1.008085e-01
1.009028e-01
1.032295e-01
1.043605e-01
1.050754e-01
1.051998e-01
1.039860e-01
1.032472e-01
1.032872e-01
1.032917e-01
1.049092e-01
1.061482e-01
1.061551e-01
1.051040e-01
1.058861e-01
1.073472e-01
1.075096e-01
1.074729e-01
1.074178e-01
1.063675e-01
1.071568e-01
1.079483e-01
1.083358e-01
1.083391e-01
1.087798e-01
1.091727e-01
1.095656e-01
1.099099e-01
1.100099e-01
1.115208e-01
1.147305e-01
1.167586e-01
1.167657e-01
1.177387e-01
