7.584264e-07
9.768531e-07
1.385000e-06
1.637078e-06
2.225296e-06
3.140323e-06
3.888120e-06
4.994433e-06
7.063724e-06
9.257929e-06
1.086752e-05
1.434685e-05
2.031761e-05
2.509479e-05
3.020039e-05
3.757485e-05
4.916027e-05
5.850399e-05
6.875405e-05
7.888731e-05
1.042456e-04
1.180917e-04
1.355010e-04
1.702939e-04
1.958439e-04
2.408629e-04
3.414814e-04
3.842051e-04
4.241170e-04
5.456049e-04
6.372364e-04
6.960628e-04
8.800362e-04
1.110133e-03
1.107827e-03
1.105521e-03
1.251235e-03
1.348289e-03
1.836802e-03
2.040164e-03
2.147281e-03
2.181189e-03
2.210910e-03
2.778427e-03
3.172471e-03
3.447291e-03
3.088305e-03
3.932402e-03
4.874371e-03
4.157564e-03
5.241901e-03
6.038698e-03
6.072443e-03
7.465565e-03
8.699921e-03
7.106708e-03
6.829323e-03
8.759980e-03
1.041847e-02
1.043812e-02
8.368872e-03
9.183791e-03
9.928779e-03
1.200723e-02
1.238628e-02
1.177684e-02
1.002075e-02
1.095316e-02
1.353138e-02
1.302222e-02
1.298468e-02
1.289708e-02
1.102931e-02
1.295031e-02
1.418087e-02
1.451610e-02
1.444746e-02
1.280139e-02
1.294414e-02
1.347807e-02
1.483828e-02
1.470633e-02
1.403966e-02
1.403531e-02
1.481158e-02
1.517090e-02
1.539341e-02
1.539632e-02
1.491135e-02
1.460838e-02
1.458816e-02
1.458591e-02
1.513131e-02
1.549441e-02
1.545131e-02
1.502986e-02
1.526733e-02
1.567974e-02
1.571649e-02
1.566488e-02
1.559921e-02
1.517095e-02
1.542338e-02
1.564829e-02
1.567386e-02
1.563903e-02
1.566754e-02
1.576551e-02
1.578594e-02
1.581459e-02
1.582652e-02
1.575453e-02
1.556401e-02
1.543300e-02
1.542972e-02
1.525909e-02
