1.841430e-14
4.708605e-14
1.646366e-13
3.859822e-13
9.024851e-13
3.083466e-12
6.565559e-12
1.595602e-11
5.213095e-11
1.294913e-10
2.157458e-10
5.523235e-10
1.719613e-09
3.398645e-09
5.963345e-09
1.199062e-08
2.715796e-08
4.515468e-08
7.257491e-08
1.076829e-07
2.391290e-07
3.359678e-07
4.949027e-07
8.996790e-07
1.298912e-06
2.191769e-06
5.100524e-06
6.700618e-06
8.415944e-06
1.444474e-05
2.001096e-05
2.404678e-05
3.814093e-05
5.901996e-05
5.887566e-05
5.873136e-05
7.375248e-05
8.449846e-05
1.475020e-04
1.777990e-04
1.948179e-04
2.002890e-04
2.057658e-04
3.125464e-04
4.030880e-04
4.749425e-04
3.841093e-04
6.363320e-04
1.005087e-03
7.050508e-04
1.192475e-03
1.692482e-03
1.730622e-03
3.051678e-03
4.615162e-03
2.606857e-03
2.344162e-03
4.718866e-03
7.914211e-03
7.953196e-03
4.127608e-03
5.420737e-03
6.847426e-03
1.229611e-02
1.354068e-02
1.154883e-02
7.042841e-03
9.337481e-03
1.798099e-02
1.587099e-02
1.573189e-02
1.540728e-02
9.449691e-03
1.559397e-02
2.085913e-02
2.254158e-02
2.219711e-02
1.506046e-02
1.566177e-02
1.778500e-02
2.431851e-02
2.365991e-02
2.027246e-02
2.016717e-02
2.396973e-02
2.606319e-02
2.723710e-02
2.725714e-02
2.461069e-02
2.301370e-02
2.285454e-02
2.283687e-02
2.572968e-02
2.806334e-02
2.773168e-02
2.532001e-02
2.669130e-02
2.908115e-02
2.921004e-02
2.884588e-02
2.858241e-02
2.616378e-02
2.759796e-02
2.896962e-02
2.929093e-02
2.905277e-02
2.962131e-02
2.975737e-02
3.000512e-02
3.009221e-02
3.011446e-02
3.016615e-02
3.026378e-02
3.033553e-02
3.033272e-02
3.025838e-02
