9.974824e-09
1.519847e-08
2.692792e-08
3.637609e-08
5.842312e-08
1.023238e-07
1.447998e-07
2.174291e-07
3.788695e-07
5.822120e-07
7.495263e-07
1.164326e-06
2.007202e-06
2.790154e-06
3.707015e-06
5.199051e-06
7.826911e-06
1.017055e-05
1.296822e-05
1.592647e-05
2.408386e-05
2.892205e-05
3.543690e-05
4.926823e-05
6.029008e-05
8.106408e-05
1.326053e-04
1.564790e-04
1.797128e-04
2.540956e-04
3.150420e-04
3.565588e-04
4.932869e-04
6.820482e-04
6.799644e-04
6.778807e-04
8.055268e-04
8.975724e-04
1.387178e-03
1.609342e-03
1.733033e-03
1.772305e-03
1.807690e-03
2.499034e-03
3.018473e-03
3.396676e-03
2.908300e-03
4.106442e-03
5.544005e-03
4.440454e-03
6.145607e-03
7.506175e-03
7.574472e-03
1.009833e-02
1.244939e-02
9.436336e-03
8.952586e-03
1.260779e-02
1.597389e-02
1.602412e-02
1.187179e-02
1.349537e-02
1.502425e-02
1.944686e-02
2.028659e-02
1.896144e-02
1.526287e-02
1.724644e-02
2.295801e-02
2.180414e-02
2.172696e-02
2.154685e-02
1.746943e-02
2.169459e-02
2.452841e-02
2.534254e-02
2.519626e-02
2.143717e-02
2.177542e-02
2.299773e-02
2.624841e-02
2.595551e-02
2.438053e-02
2.436310e-02
2.619387e-02
2.710339e-02
2.763145e-02
2.765781e-02
2.653170e-02
2.582706e-02
2.578047e-02
2.577529e-02
2.708398e-02
2.805681e-02
2.795553e-02
2.695413e-02
2.755485e-02
2.859927e-02
2.867808e-02
2.855811e-02
2.844799e-02
2.744645e-02
2.806864e-02
2.865170e-02
2.880108e-02
2.872584e-02
2.894118e-02
2.909812e-02
2.922868e-02
2.932151e-02
2.935024e-02
2.955320e-02
2.994687e-02
3.019561e-02
3.019386e-02
3.021168e-02
