3.209859e-06
4.018461e-06
5.479144e-06
6.346475e-06
8.370364e-06
1.139456e-05
1.380534e-05
1.731823e-05
2.374516e-05
3.039892e-05
3.522288e-05
4.553413e-05
6.301179e-05
7.684380e-05
9.149459e-05
1.127886e-04
1.462438e-04
1.731103e-04
2.029396e-04
2.324886e-04
3.088303e-04
3.507356e-04
4.054491e-04
5.155119e-04
6.005513e-04
7.519216e-04
1.113810e-03
1.268746e-03
1.422383e-03
1.878539e-03
2.230149e-03
2.449767e-03
3.136557e-03
3.968563e-03
3.953633e-03
3.938703e-03
4.429186e-03
4.776080e-03
6.282770e-03
6.884673e-03
7.198622e-03
7.297309e-03
7.378174e-03
8.884663e-03
9.859251e-03
1.051093e-02
9.656902e-03
1.158410e-02
1.356890e-02
1.210398e-02
1.430038e-02
1.580667e-02
1.585947e-02
1.823163e-02
2.021244e-02
1.768282e-02
1.723262e-02
2.032840e-02
2.274864e-02
2.278471e-02
1.975814e-02
2.100231e-02
2.209892e-02
2.494171e-02
2.544008e-02
2.465354e-02
2.226275e-02
2.356115e-02
2.692896e-02
2.630159e-02
2.625774e-02
2.615543e-02
2.372101e-02
2.624413e-02
2.776983e-02
2.817902e-02
2.810395e-02
2.609503e-02
2.627772e-02
2.695161e-02
2.861431e-02
2.845971e-02
2.767445e-02
2.768581e-02
2.862433e-02
2.904696e-02
2.931920e-02
2.933134e-02
2.877162e-02
2.842211e-02
2.841124e-02
2.841003e-02
2.905876e-02
2.948554e-02
2.945033e-02
2.896819e-02
2.925447e-02
2.975846e-02
2.981006e-02
2.976232e-02
2.968998e-02
2.920135e-02
2.950321e-02
2.977563e-02
2.982304e-02
2.979293e-02
2.983865e-02
2.998460e-02
3.003137e-02
3.009221e-02
3.011446e-02
3.016615e-02
3.026378e-02
3.033553e-02
3.033272e-02
3.025838e-02
