1.684951e-15
4.759097e-15
1.887675e-14
5.014084e-14
1.230946e-13
4.764067e-13
1.094793e-12
2.915080e-12
1.071623e-11
2.904756e-11
5.082121e-11
1.427412e-10
4.961320e-10
1.047025e-09
1.936056e-09
4.162255e-09
1.017464e-08
1.771866e-08
2.973996e-08
4.572052e-08
1.090824e-07
1.578567e-07
2.407685e-07
4.605552e-07
6.857829e-07
1.208530e-06
3.008430e-06
4.036825e-06
5.159676e-06
9.203080e-06
1.304804e-05
1.587975e-05
2.596204e-05
4.126685e-05
4.115707e-05
4.104730e-05
5.221077e-05
6.029317e-05
1.081134e-04
1.313302e-04
1.443944e-04
1.485995e-04
1.528506e-04
2.350224e-04
3.048475e-04
3.603380e-04
2.904821e-04
4.861523e-04
7.750480e-04
5.396107e-04
9.242814e-04
1.328148e-03
1.361246e-03
2.480675e-03
3.853341e-03
2.093083e-03
1.869989e-03
3.946671e-03
6.917911e-03
6.954927e-03
3.416470e-03
4.583535e-03
5.905971e-03
1.120939e-02
1.246381e-02
1.046249e-02
6.089356e-03
8.300458e-03
1.703900e-02
1.484454e-02
1.470097e-02
1.436595e-02
8.392694e-03
1.455581e-02
2.007368e-02
2.187448e-02
2.150387e-02
1.400926e-02
1.463662e-02
1.683570e-02
2.379151e-02
2.307784e-02
1.944509e-02
1.932941e-02
2.340248e-02
2.568328e-02
2.696605e-02
2.698707e-02
2.409679e-02
2.236885e-02
2.219456e-02
2.217520e-02
2.531134e-02
2.787541e-02
2.750601e-02
2.486326e-02
2.636188e-02
2.899012e-02
2.912925e-02
2.872333e-02
2.843495e-02
2.577737e-02
2.734932e-02
2.886163e-02
2.921923e-02
2.895343e-02
2.959180e-02
2.972653e-02
3.000155e-02
3.009221e-02
3.011446e-02
3.016615e-02
3.026378e-02
3.033553e-02
3.033272e-02
3.025838e-02
