1.064410e-09
1.783994e-09
3.605420e-09
5.329378e-09
9.352180e-09
1.864830e-08
2.855485e-08
4.699940e-08
9.240238e-08
1.565351e-07
2.111952e-07
3.629579e-07
7.048808e-07
1.052100e-06
1.475108e-06
2.231604e-06
3.658078e-06
4.997547e-06
6.690588e-06
8.547269e-06
1.408161e-05
1.749292e-05
2.235606e-05
3.305155e-05
4.214079e-05
5.992712e-05
1.085851e-04
1.323913e-04
1.570311e-04
2.395157e-04
3.128155e-04
3.637357e-04
5.450032e-04
8.155628e-04
8.105951e-04
8.056273e-04
9.927084e-04
1.137743e-03
1.905732e-03
2.265334e-03
2.471294e-03
2.536337e-03
2.592111e-03
3.746176e-03
4.624059e-03
5.265460e-03
4.428987e-03
6.467246e-03
8.918546e-03
7.031221e-03
9.939455e-03
1.226490e-02
1.236862e-02
1.664002e-02
2.060665e-02
1.551427e-02
1.470466e-02
2.086204e-02
2.648779e-02
2.656093e-02
1.961043e-02
2.233401e-02
2.488968e-02
3.222530e-02
3.359632e-02
3.139258e-02
2.526080e-02
2.854746e-02
3.795733e-02
3.603852e-02
3.591102e-02
3.561351e-02
2.889076e-02
3.583992e-02
4.047380e-02
4.179586e-02
4.154683e-02
3.537347e-02
3.592304e-02
3.792179e-02
4.321000e-02
4.273325e-02
4.014470e-02
4.010106e-02
4.306401e-02
4.454257e-02
4.537852e-02
4.540999e-02
4.357998e-02
4.242465e-02
4.233682e-02
4.232707e-02
4.443312e-02
4.601272e-02
4.582969e-02
4.419656e-02
4.516188e-02
4.680590e-02
4.691547e-02
4.670792e-02
4.653275e-02
4.491871e-02
4.590996e-02
4.683581e-02
4.706585e-02
4.693452e-02
4.729372e-02
4.748417e-02
4.767787e-02
4.779540e-02
4.783046e-02
4.808175e-02
4.861565e-02
4.896304e-02
4.896130e-02
4.902545e-02
