4.653598e-09
6.608760e-09
1.070260e-08
1.365193e-08
2.053408e-08
3.292775e-08
4.408654e-08
6.192713e-08
9.858768e-08
1.418254e-07
1.748934e-07
2.531453e-07
3.991593e-07
5.253847e-07
6.647498e-07
8.802919e-07
1.233824e-06
1.530927e-06
1.867850e-06
2.209811e-06
3.089366e-06
3.579938e-06
4.211239e-06
5.467366e-06
6.406759e-06
8.066310e-06
1.170359e-05
1.324086e-05
1.464226e-05
1.874671e-05
2.169393e-05
2.366531e-05
2.915437e-05
3.546590e-05
3.555454e-05
3.564318e-05
3.968113e-05
4.192087e-05
5.448225e-05
5.947128e-05
6.181929e-05
6.259543e-05
6.354296e-05
7.653546e-05
8.553646e-05
9.175250e-05
8.439800e-05
1.036745e-04
1.262235e-04
1.095062e-04
1.357259e-04
1.555257e-04
1.582167e-04
2.010249e-04
2.430033e-04
1.889121e-04
1.791522e-04
2.454943e-04
3.191728e-04
3.205856e-04
2.308019e-04
2.618213e-04
2.931526e-04
4.097087e-04
4.371582e-04
3.968454e-04
2.983368e-04
3.476459e-04
5.251626e-04
4.848304e-04
4.812946e-04
4.730441e-04
3.485772e-04
4.752097e-04
5.830179e-04
6.175166e-04
6.104474e-04
4.643720e-04
4.759331e-04
5.181689e-04
6.515977e-04
6.374639e-04
5.689606e-04
5.655437e-04
6.450267e-04
6.882139e-04
7.137444e-04
7.139343e-04
6.569129e-04
6.240576e-04
6.194867e-04
6.189789e-04
6.812411e-04
7.272633e-04
7.201727e-04
6.703245e-04
6.973549e-04
7.500175e-04
7.544017e-04
7.464329e-04
7.390246e-04
6.851645e-04
7.160458e-04
7.453049e-04
7.505898e-04
7.455358e-04
7.509995e-04
7.614024e-04
7.655143e-04
7.690137e-04
7.703607e-04
7.644617e-04
7.532323e-04
7.519503e-04
7.516515e-04
7.405626e-04
