1.657520e-14
4.095819e-14
1.371757e-13
3.085501e-13
7.084470e-13
2.317837e-12
4.804404e-12
1.130244e-11
3.536651e-11
8.515975e-11
1.391322e-10
3.443164e-10
1.027736e-09
1.979691e-09
3.396618e-09
6.648742e-09
1.457013e-08
2.371770e-08
3.736199e-08
5.450308e-08
1.168005e-07
1.614877e-07
2.335601e-07
4.115035e-07
5.830817e-07
9.553485e-07
2.111995e-06
2.724169e-06
3.371414e-06
5.552145e-06
7.483437e-06
8.869918e-06
1.344241e-05
1.979669e-05
1.979151e-05
1.978632e-05
2.418323e-05
2.716377e-05
4.385298e-05
5.138995e-05
5.533644e-05
5.662238e-05
5.804759e-05
8.091810e-05
9.839510e-05
1.111687e-04
9.571468e-05
1.374012e-04
1.910190e-04
1.501940e-04
2.158027e-04
2.722246e-04
2.799678e-04
4.203371e-04
5.785083e-04
3.765503e-04
3.460443e-04
5.907585e-04
9.498703e-04
9.571154e-04
5.316305e-04
6.637533e-04
8.156089e-04
1.560220e-03
1.777804e-03
1.454704e-03
8.431305e-04
1.140775e-03
2.665486e-03
2.216088e-03
2.184735e-03
2.111574e-03
1.136098e-03
2.138115e-03
3.589843e-03
4.735633e-03
4.495326e-03
2.042164e-03
2.188265e-03
2.654752e-03
1.073427e-02
7.948024e-03
3.542501e-03
3.504205e-03
1.042168e-02
3.135648e-02
6.517048e-02
7.178265e-02
1.807855e-02
8.980704e-03
8.760432e-03
8.735964e-03
4.612182e-02
1.901281e-01
1.724904e-01
4.513598e-02
1.182008e-01
6.048157e-01
6.905349e-01
6.088989e-01
5.683965e-01
1.432741e-01
3.829195e-01
9.547586e-01
1.412781e+00
1.318226e+00
2.283682e+00
2.830589e+00
4.108530e+00
5.239718e+00
5.601743e+00
1.756441e+01
1.868537e+02
1.136892e+03
1.146740e+03
3.017104e+03
