6.640623e-14
1.451939e-13
4.122796e-13
7.985003e-13
1.699734e-12
4.721387e-12
8.865040e-12
1.857560e-11
5.009850e-11
1.070797e-10
1.656495e-10
3.618471e-10
9.348878e-10
1.652988e-09
2.666236e-09
4.764500e-09
9.452400e-09
1.453634e-08
2.165567e-08
3.021908e-08
5.873533e-08
7.826512e-08
1.079521e-07
1.781287e-07
2.416728e-07
3.742433e-07
7.511312e-07
9.427753e-07
1.136109e-06
1.766128e-06
2.295735e-06
2.677644e-06
3.855807e-06
5.406696e-06
5.418648e-06
5.430599e-06
6.485498e-06
7.162753e-06
1.091896e-05
1.255791e-05
1.338589e-05
1.365846e-05
1.398251e-05
1.861587e-05
2.202791e-05
2.444173e-05
2.160481e-05
2.926465e-05
3.864161e-05
3.174530e-05
4.283175e-05
5.173148e-05
5.312634e-05
7.332477e-05
9.414933e-05
6.773730e-05
6.326455e-05
9.609466e-05
1.378882e-04
1.391814e-04
8.910724e-05
1.054702e-04
1.229388e-04
2.021834e-04
2.256182e-04
1.934960e-04
1.271818e-04
1.596857e-04
3.138976e-04
2.720488e-04
2.685035e-04
2.602306e-04
1.599684e-04
2.619125e-04
3.855026e-04
4.355189e-04
4.254800e-04
2.540229e-04
2.666040e-04
3.094885e-04
4.931737e-04
4.708131e-04
3.711119e-04
3.645331e-04
4.782278e-04
5.558525e-04
6.019400e-04
6.025850e-04
5.009572e-04
4.488091e-04
4.402734e-04
4.393253e-04
5.422586e-04
6.358984e-04
6.194332e-04
5.262519e-04
5.760246e-04
6.818615e-04
6.888700e-04
6.701462e-04
6.580331e-04
5.539261e-04
6.126082e-04
6.738734e-04
6.901526e-04
6.783701e-04
7.012359e-04
7.111808e-04
7.239048e-04
7.289328e-04
7.303726e-04
7.283494e-04
7.264520e-04
7.334628e-04
7.332310e-04
7.286777e-04
