5.628403e-10
8.609853e-10
1.528773e-09
2.065388e-09
3.317562e-09
5.816535e-09
8.243901e-09
1.237589e-08
2.157234e-08
3.304838e-08
4.272557e-08
6.590447e-08
1.125923e-07
1.557239e-07
2.065609e-07
2.865601e-07
4.256952e-07
5.500153e-07
6.950099e-07
8.479718e-07
1.250101e-06
1.487446e-06
1.797086e-06
2.436411e-06
2.926277e-06
3.831460e-06
5.876923e-06
6.793839e-06
7.623654e-06
1.010331e-05
1.193348e-05
1.322902e-05
1.674101e-05
2.086174e-05
2.095165e-05
2.104156e-05
2.374914e-05
2.527245e-05
3.387770e-05
3.739233e-05
3.905743e-05
3.961423e-05
4.034379e-05
4.948270e-05
5.592855e-05
6.041709e-05
5.532722e-05
6.920625e-05
8.568318e-05
7.374380e-05
9.290426e-05
1.077315e-04
1.100380e-04
1.424841e-04
1.748190e-04
1.336988e-04
1.264646e-04
1.774988e-04
2.364194e-04
2.379207e-04
1.667778e-04
1.912270e-04
2.163476e-04
3.136962e-04
3.379336e-04
3.035293e-04
2.216950e-04
2.628341e-04
4.185457e-04
3.824799e-04
3.793910e-04
3.721830e-04
2.646415e-04
3.746256e-04
4.741866e-04
5.076428e-04
5.012814e-04
3.668112e-04
3.775954e-04
4.160088e-04
5.439023e-04
5.304496e-04
4.650209e-04
4.617252e-04
5.382699e-04
5.817221e-04
6.073314e-04
6.080096e-04
5.520459e-04
5.203899e-04
5.160309e-04
5.155468e-04
5.771084e-04
6.248918e-04
6.179418e-04
5.684809e-04
5.959884e-04
6.507416e-04
6.552497e-04
6.473060e-04
6.406246e-04
5.866748e-04
6.182002e-04
6.488672e-04
6.560594e-04
6.511466e-04
6.592880e-04
6.692132e-04
6.751985e-04
6.796027e-04
6.811119e-04
6.827771e-04
6.885980e-04
7.007755e-04
7.005891e-04
6.997228e-04
