1.242151e-10
2.149789e-10
4.509935e-10
6.841629e-10
1.228256e-09
2.532840e-09
3.960541e-09
6.675700e-09
1.353516e-08
2.336482e-08
3.202895e-08
5.593367e-08
1.105815e-07
1.666913e-07
2.361184e-07
3.586940e-07
5.901331e-07
8.091904e-07
1.083183e-06
1.384108e-06
2.254556e-06
2.790144e-06
3.534637e-06
5.140349e-06
6.456217e-06
8.976979e-06
1.524265e-05
1.815856e-05
2.094451e-05
2.960510e-05
3.637455e-05
4.109561e-05
5.505941e-05
7.249284e-05
7.267219e-05
7.285155e-05
8.455889e-05
9.163642e-05
1.316887e-04
1.487916e-04
1.573040e-04
1.601085e-04
1.634600e-04
2.120568e-04
2.479323e-04
2.739000e-04
2.430692e-04
3.261394e-04
4.305290e-04
3.514485e-04
4.778143e-04
5.842961e-04
5.974064e-04
8.505111e-04
1.124886e-03
7.730516e-04
7.185498e-04
1.143755e-03
1.689010e-03
1.698213e-03
1.043669e-03
1.262562e-03
1.499610e-03
2.447406e-03
2.678178e-03
2.326435e-03
1.537884e-03
1.933890e-03
3.493639e-03
3.110109e-03
3.082089e-03
3.016704e-03
1.946858e-03
3.047382e-03
4.051176e-03
4.383952e-03
4.317325e-03
2.954721e-03
3.067018e-03
3.461821e-03
4.746690e-03
4.611684e-03
3.944515e-03
3.921561e-03
4.687747e-03
5.121380e-03
5.377857e-03
5.386398e-03
4.826062e-03
4.501618e-03
4.467566e-03
4.463783e-03
5.078868e-03
5.590369e-03
5.527004e-03
5.001729e-03
5.308155e-03
5.940807e-03
5.998962e-03
5.927018e-03
5.872724e-03
5.258552e-03
5.647432e-03
6.096951e-03
6.328319e-03
6.296353e-03
6.718318e-03
7.033451e-03
7.629298e-03
8.270888e-03
8.491204e-03
1.885110e-02
4.121509e-01
5.098757e+00
5.164482e+00
2.080120e+01
