3.604345e-03
4.420737e-03
5.854377e-03
6.639270e-03
8.470795e-03
1.106542e-02
1.306675e-02
1.577039e-02
2.031573e-02
2.486586e-02
2.786455e-02
3.398070e-02
4.306742e-02
4.971152e-02
5.601605e-02
6.468765e-02
7.640693e-02
8.485852e-02
9.349141e-02
1.013573e-01
1.184462e-01
1.267970e-01
1.366415e-01
1.529744e-01
1.640378e-01
1.809430e-01
2.108230e-01
2.216730e-01
2.307842e-01
2.527784e-01
2.667292e-01
2.758749e-01
2.960677e-01
3.156001e-01
3.158740e-01
3.161478e-01
3.265612e-01
3.334838e-01
3.579307e-01
3.671890e-01
3.714975e-01
3.729588e-01
3.750320e-01
3.920863e-01
4.022657e-01
4.089264e-01
4.025700e-01
4.196932e-01
4.360537e-01
4.268203e-01
4.430259e-01
4.543299e-01
4.559994e-01
4.704987e-01
4.818619e-01
4.700245e-01
4.685127e-01
4.853765e-01
4.973931e-01
4.985518e-01
4.855408e-01
4.924086e-01
4.983200e-01
5.113711e-01
5.143571e-01
5.121472e-01
5.028672e-01
5.094867e-01
5.247759e-01
5.233242e-01
5.234150e-01
5.236269e-01
5.146527e-01
5.257012e-01
5.324084e-01
5.349411e-01
5.353833e-01
5.293300e-01
5.305343e-01
5.335343e-01
5.422170e-01
5.420160e-01
5.399558e-01
5.407513e-01
5.450566e-01
5.474872e-01
5.492678e-01
5.501440e-01
5.489679e-01
5.485263e-01
5.491701e-01
5.492416e-01
5.523227e-01
5.554174e-01
5.561943e-01
5.552829e-01
5.571492e-01
5.614111e-01
5.621094e-01
5.626724e-01
5.632082e-01
5.622437e-01
5.640187e-01
5.662258e-01
5.685177e-01
5.690992e-01
5.715165e-01
5.732206e-01
5.756467e-01
5.777494e-01
5.783282e-01
5.897776e-01
6.140408e-01
6.293257e-01
6.294093e-01
6.377679e-01
