0.000000e+00
-1.013021e-40
-1.285917e-35
4.998731e-33
1.295743e-28
1.389395e-23
1.497245e-05
2.597904e-05
5.423529e-05
9.604362e-05
1.326861e-04
2.353190e-04
4.674933e-04
7.057872e-04
9.920854e-04
1.500983e-03
2.423537e-03
3.266641e-03
4.303583e-03
5.409066e-03
8.465372e-03
1.025524e-02
1.270211e-02
1.752779e-02
2.137217e-02
2.817719e-02
4.343093e-02
4.984385e-02
5.584132e-02
7.215146e-02
8.388567e-02
9.164431e-02
1.118709e-01
1.339433e-01
1.339658e-01
1.339885e-01
1.464918e-01
1.550590e-01
1.888612e-01
2.020151e-01
2.085752e-01
2.107079e-01
2.130343e-01
2.411601e-01
2.586888e-01
2.701234e-01
2.570691e-01
2.888767e-01
3.203022e-01
2.996972e-01
3.325783e-01
3.550664e-01
3.572273e-01
3.893135e-01
4.150646e-01
3.845922e-01
3.796456e-01
4.193543e-01
4.487353e-01
4.501265e-01
4.151252e-01
4.310065e-01
4.447628e-01
4.781111e-01
4.846208e-01
4.768090e-01
4.503647e-01
4.662847e-01
5.054025e-01
4.994674e-01
4.992193e-01
4.986406e-01
4.722663e-01
5.010415e-01
5.185193e-01
5.240587e-01
5.239497e-01
5.034576e-01
5.058931e-01
5.135723e-01
5.342750e-01
5.330845e-01
5.251645e-01
5.255892e-01
5.364150e-01
5.421690e-01
5.455977e-01
5.464936e-01
5.414122e-01
5.384285e-01
5.387237e-01
5.387564e-01
5.463783e-01
5.529450e-01
5.531739e-01
5.488190e-01
5.526593e-01
5.602355e-01
5.610695e-01
5.610778e-01
5.613155e-01
5.569703e-01
5.607719e-01
5.648421e-01
5.676180e-01
5.678715e-01
5.711232e-01
5.728039e-01
5.755979e-01
5.777494e-01
5.783282e-01
5.897776e-01
6.140408e-01
6.293257e-01
6.294093e-01
6.377679e-01
