0.000000e+00
-5.422142e-58
-1.353389e-52
-2.838442e-50
4.878023e-46
9.648991e-41
-8.642565e-35
1.057287e-29
9.915212e-24
2.157106e-05
3.128851e-05
6.305667e-05
1.449415e-04
2.381623e-04
3.546574e-04
5.885695e-04
1.048968e-03
1.491452e-03
2.073939e-03
2.717193e-03
4.685065e-03
5.873160e-03
7.608714e-03
1.116386e-02
1.418909e-02
1.966564e-02
3.313826e-02
3.886863e-02
4.460025e-02
6.062097e-02
7.266714e-02
8.019700e-02
1.020541e-01
1.269552e-01
1.265594e-01
1.261636e-01
1.401191e-01
1.502089e-01
1.895066e-01
2.048410e-01
2.127244e-01
2.152225e-01
2.174333e-01
2.523310e-01
2.741080e-01
2.883227e-01
2.703372e-01
3.110442e-01
3.513610e-01
3.229639e-01
3.660778e-01
3.950604e-01
3.965952e-01
4.391585e-01
4.735743e-01
4.306587e-01
4.233871e-01
4.769996e-01
5.168837e-01
5.178010e-01
4.685795e-01
4.898557e-01
5.082725e-01
5.537223e-01
5.617457e-01
5.499165e-01
5.126045e-01
5.338533e-01
5.868420e-01
5.775117e-01
5.769899e-01
5.757724e-01
5.384055e-01
5.778379e-01
6.013647e-01
6.081301e-01
6.073234e-01
5.774337e-01
5.804518e-01
5.908997e-01
6.175599e-01
6.155986e-01
6.037902e-01
6.039226e-01
6.182060e-01
6.254048e-01
6.294638e-01
6.300191e-01
6.222957e-01
6.174104e-01
6.173080e-01
6.172966e-01
6.272043e-01
6.351038e-01
6.347082e-01
6.278479e-01
6.325758e-01
6.409244e-01
6.415998e-01
6.410347e-01
6.407172e-01
6.340424e-01
6.387487e-01
6.434228e-01
6.455653e-01
6.453322e-01
6.481995e-01
6.493835e-01
6.513912e-01
6.527855e-01
6.531572e-01
6.599892e-01
6.741514e-01
6.823055e-01
6.823453e-01
6.865367e-01
