1.373540e-15
3.775660e-15
1.434124e-14
3.648872e-14
8.816918e-14
3.263423e-13
7.305908e-13
1.888655e-12
6.689821e-12
1.749844e-11
3.034045e-11
8.204264e-11
2.733075e-10
5.623200e-10
1.024618e-09
2.136673e-09
5.058712e-09
8.664093e-09
1.427595e-08
2.163791e-08
4.971868e-08
7.101085e-08
1.062484e-07
1.977092e-07
2.886985e-07
4.958284e-07
1.171852e-06
1.548846e-06
1.948888e-06
3.340956e-06
4.609932e-06
5.553221e-06
8.679230e-06
1.313519e-05
1.314843e-05
1.316167e-05
1.633096e-05
1.848597e-05
3.085492e-05
3.655484e-05
3.955454e-05
4.053753e-05
4.167091e-05
5.921454e-05
7.281359e-05
8.283540e-05
7.091361e-05
1.037016e-04
1.463512e-04
1.141060e-04
1.664552e-04
2.120038e-04
2.186679e-04
3.328856e-04
4.622382e-04
2.978467e-04
2.731528e-04
4.735571e-04
7.724874e-04
7.794320e-04
4.261787e-04
5.353339e-04
6.616151e-04
1.300121e-03
1.493946e-03
1.210606e-03
6.871332e-04
9.418333e-04
2.293573e-03
1.893625e-03
1.865355e-03
1.799387e-03
9.387344e-04
1.823923e-03
2.952551e-03
3.402930e-03
3.308941e-03
1.741898e-03
1.861793e-03
2.260366e-03
3.929272e-03
3.725569e-03
2.809937e-03
2.769886e-03
3.807016e-03
4.493612e-03
4.908267e-03
4.916727e-03
4.010473e-03
3.530602e-03
3.472328e-03
3.465855e-03
4.386029e-03
5.243053e-03
5.109706e-03
4.246206e-03
4.723549e-03
5.742163e-03
5.817553e-03
5.653616e-03
5.546880e-03
4.547512e-03
5.128314e-03
5.819767e-03
6.114498e-03
5.999829e-03
6.601813e-03
6.892292e-03
7.610954e-03
8.270888e-03
8.491204e-03
1.885110e-02
4.121509e-01
5.098757e+00
5.164482e+00
2.080120e+01
