0.000000e+00
8.149952e-42
1.121422e-35
-7.869229e-34
-1.244305e-29
4.620579e-24
2.002678e-06
3.604056e-06
7.900289e-06
1.445447e-05
2.038636e-05
3.760327e-05
7.857573e-05
1.220440e-04
1.759420e-04
2.744597e-04
4.605583e-04
6.348570e-04
8.546158e-04
1.092518e-03
1.777111e-03
2.186583e-03
2.754309e-03
3.916677e-03
4.855719e-03
6.551735e-03
1.050202e-02
1.218321e-02
1.377560e-02
1.826877e-02
2.153997e-02
2.363831e-02
2.944218e-02
3.592271e-02
3.588611e-02
3.584950e-02
3.955506e-02
4.203422e-02
5.224850e-02
5.616329e-02
5.810948e-02
5.873435e-02
5.935366e-02
6.809894e-02
7.352435e-02
7.705808e-02
7.271960e-02
8.276224e-02
9.268622e-02
8.574489e-02
9.629158e-02
1.032347e-01
1.037021e-01
1.140665e-01
1.223693e-01
1.119352e-01
1.100357e-01
1.230643e-01
1.327427e-01
1.329325e-01
1.209027e-01
1.259679e-01
1.303210e-01
1.413747e-01
1.433177e-01
1.403685e-01
1.311969e-01
1.362855e-01
1.490092e-01
1.467153e-01
1.465491e-01
1.461612e-01
1.370243e-01
1.464529e-01
1.521025e-01
1.536729e-01
1.534085e-01
1.460260e-01
1.466899e-01
1.491350e-01
1.553603e-01
1.548538e-01
1.519280e-01
1.518161e-01
1.551738e-01
1.568480e-01
1.577315e-01
1.577688e-01
1.558124e-01
1.545666e-01
1.544291e-01
1.544138e-01
1.567241e-01
1.584405e-01
1.582129e-01
1.565186e-01
1.575082e-01
1.592282e-01
1.593294e-01
1.590896e-01
1.589313e-01
1.572573e-01
1.583078e-01
1.593134e-01
1.596709e-01
1.595611e-01
1.600337e-01
1.602368e-01
1.605446e-01
1.607339e-01
1.607836e-01
1.615166e-01
1.630585e-01
1.631639e-01
1.631617e-01
1.630681e-01
