0.000000e+00
3.500347e-76
-7.765245e-70
-4.966134e-68
-3.133537e-64
-1.968029e-58
7.226775e-53
2.640692e-48
-3.856373e-42
-5.407274e-36
4.375713e-30
3.744931e-24
3.097136e-06
5.777619e-06
9.804734e-06
1.825381e-05
3.792329e-05
6.019873e-05
9.179594e-05
1.306000e-04
2.584227e-04
3.478815e-04
4.825047e-04
7.971663e-04
1.078195e-03
1.658292e-03
3.219397e-03
3.994019e-03
4.747069e-03
7.058915e-03
8.902883e-03
1.022155e-02
1.391380e-02
1.836676e-02
1.839869e-02
1.843063e-02
2.120060e-02
2.304627e-02
3.147332e-02
3.489514e-02
3.660836e-02
3.716825e-02
3.780187e-02
4.586811e-02
5.114360e-02
5.464787e-02
5.056406e-02
6.066317e-02
7.113732e-02
6.395357e-02
7.520733e-02
8.299257e-02
8.372802e-02
9.580790e-02
1.057397e-01
9.347777e-02
9.128967e-02
1.068099e-01
1.188615e-01
1.192308e-01
1.044590e-01
1.106299e-01
1.160241e-01
1.302273e-01
1.329036e-01
1.291697e-01
1.174382e-01
1.239487e-01
1.406967e-01
1.377619e-01
1.375342e-01
1.370029e-01
1.251090e-01
1.373666e-01
1.450263e-01
1.472705e-01
1.469596e-01
1.370806e-01
1.379659e-01
1.411977e-01
1.498132e-01
1.491389e-01
1.451728e-01
1.449282e-01
1.495606e-01
1.519627e-01
1.531953e-01
1.532664e-01
1.505750e-01
1.489032e-01
1.486861e-01
1.486619e-01
1.518835e-01
1.543310e-01
1.539900e-01
1.517118e-01
1.530735e-01
1.555404e-01
1.556875e-01
1.553306e-01
1.551530e-01
1.528682e-01
1.543162e-01
1.557043e-01
1.562238e-01
1.560773e-01
1.567381e-01
1.569645e-01
1.574240e-01
1.576667e-01
1.577276e-01
1.586906e-01
1.607022e-01
1.611385e-01
1.611381e-01
1.612241e-01
