0.000000e+00
1.462063e-06
3.032502e-06
4.342977e-06
7.400930e-06
1.406376e-05
2.094336e-05
3.319204e-05
6.176667e-05
9.917193e-05
1.316098e-04
2.114916e-04
3.762740e-04
5.319793e-04
7.152345e-04
1.008830e-03
1.514143e-03
1.959880e-03
2.478731e-03
3.017710e-03
4.405043e-03
5.200523e-03
6.228520e-03
8.231506e-03
9.737629e-03
1.236574e-02
1.788945e-02
2.017373e-02
2.220916e-02
2.772586e-02
3.154379e-02
3.408815e-02
4.045686e-02
4.720019e-02
4.726070e-02
4.732122e-02
5.116094e-02
5.359294e-02
6.371868e-02
6.753406e-02
6.936698e-02
6.996627e-02
7.064673e-02
7.866134e-02
8.358610e-02
8.674259e-02
8.311527e-02
9.180605e-02
1.004958e-01
9.476783e-02
1.036964e-01
1.095643e-01
1.101094e-01
1.186309e-01
1.253648e-01
1.171369e-01
1.156348e-01
1.261328e-01
1.338173e-01
1.340734e-01
1.246521e-01
1.287003e-01
1.321482e-01
1.408347e-01
1.424386e-01
1.402520e-01
1.331287e-01
1.371449e-01
1.470591e-01
1.454073e-01
1.452824e-01
1.449908e-01
1.379731e-01
1.452521e-01
1.496340e-01
1.509077e-01
1.507515e-01
1.451853e-01
1.457042e-01
1.475729e-01
1.524446e-01
1.520769e-01
1.499052e-01
1.498045e-01
1.524102e-01
1.537323e-01
1.544389e-01
1.544994e-01
1.530396e-01
1.521372e-01
1.520464e-01
1.520363e-01
1.538249e-01
1.551581e-01
1.550077e-01
1.537841e-01
1.545421e-01
1.559385e-01
1.560407e-01
1.558723e-01
1.557772e-01
1.545439e-01
1.553657e-01
1.561649e-01
1.565148e-01
1.564724e-01
1.568776e-01
1.571123e-01
1.574423e-01
1.576667e-01
1.577276e-01
1.586906e-01
1.607022e-01
1.611385e-01
1.611381e-01
1.612241e-01
