0.000000e+00
5.260756e-25
1.024205e-06
1.541565e-06
2.748809e-06
5.581686e-06
8.640826e-06
1.435276e-05
2.830516e-05
4.786541e-05
6.448108e-05
1.095632e-04
2.073835e-04
3.036459e-04
4.167934e-04
6.125040e-04
9.587268e-04
1.265801e-03
1.637126e-03
2.025157e-03
3.085199e-03
3.691640e-03
4.506581e-03
6.109822e-03
7.358956e-03
9.533985e-03
1.434266e-02
1.630696e-02
1.813667e-02
2.315779e-02
2.670596e-02
2.894111e-02
3.500525e-02
4.156154e-02
4.152461e-02
4.148769e-02
4.516926e-02
4.761149e-02
5.745438e-02
6.116808e-02
6.300020e-02
6.358797e-02
6.416666e-02
7.226471e-02
7.721716e-02
8.041888e-02
7.649212e-02
8.553153e-02
9.434515e-02
8.820974e-02
9.751430e-02
1.035677e-01
1.039677e-01
1.128809e-01
1.199589e-01
1.110761e-01
1.094519e-01
1.205523e-01
1.286942e-01
1.288578e-01
1.187311e-01
1.230192e-01
1.266842e-01
1.358964e-01
1.375039e-01
1.350773e-01
1.274273e-01
1.316685e-01
1.422112e-01
1.403279e-01
1.401924e-01
1.398762e-01
1.323136e-01
1.401233e-01
1.447622e-01
1.460471e-01
1.458317e-01
1.397852e-01
1.403326e-01
1.423462e-01
1.474411e-01
1.470270e-01
1.446473e-01
1.445653e-01
1.473103e-01
1.486719e-01
1.493977e-01
1.494290e-01
1.478396e-01
1.468297e-01
1.467212e-01
1.467092e-01
1.485951e-01
1.499839e-01
1.498077e-01
1.484319e-01
1.492397e-01
1.506424e-01
1.507302e-01
1.505403e-01
1.504093e-01
1.490485e-01
1.499110e-01
1.507403e-01
1.510410e-01
1.509634e-01
1.513520e-01
1.515466e-01
1.518140e-01
1.519908e-01
1.520382e-01
1.527305e-01
1.541893e-01
1.542929e-01
1.542908e-01
1.542022e-01
