0.000000e+00
-1.627915e-82
-7.745564e-77
-1.020795e-74
9.918798e-71
-1.174335e-64
3.827154e-59
-2.572397e-53
-4.094676e-48
8.620788e-42
-6.759093e-38
1.700981e-30
-1.906393e-24
8.313464e-07
1.492552e-06
3.164618e-06
7.485468e-06
1.261917e-05
2.065546e-05
3.094128e-05
7.046335e-05
9.903886e-05
1.471158e-04
2.639788e-04
3.807422e-04
6.285121e-04
1.407665e-03
1.802149e-03
2.233425e-03
3.602369e-03
4.794261e-03
5.584459e-03
8.195145e-03
1.163456e-02
1.155643e-02
1.147829e-02
1.356581e-02
1.518159e-02
2.210087e-02
2.500675e-02
2.658549e-02
2.708087e-02
2.747959e-02
3.508332e-02
4.018138e-02
4.362718e-02
3.907623e-02
4.938468e-02
6.029679e-02
5.218580e-02
6.434602e-02
7.298148e-02
7.325618e-02
8.699935e-02
9.868531e-02
8.367378e-02
8.116395e-02
9.936967e-02
1.139252e-01
1.140692e-01
9.584507e-02
1.033044e-01
1.099291e-01
1.273028e-01
1.302779e-01
1.253107e-01
1.107722e-01
1.186734e-01
1.394875e-01
1.353724e-01
1.351030e-01
1.344743e-01
1.194660e-01
1.349063e-01
1.444516e-01
1.470692e-01
1.465409e-01
1.337547e-01
1.348829e-01
1.390711e-01
1.496553e-01
1.487322e-01
1.435150e-01
1.433745e-01
1.491749e-01
1.520416e-01
1.535655e-01
1.535882e-01
1.500692e-01
1.477826e-01
1.475731e-01
1.475499e-01
1.515571e-01
1.545814e-01
1.541703e-01
1.510072e-01
1.528269e-01
1.557572e-01
1.558916e-01
1.554549e-01
1.551353e-01
1.520955e-01
1.539474e-01
1.556764e-01
1.561351e-01
1.558801e-01
1.566746e-01
1.568408e-01
1.572114e-01
1.573759e-01
1.574151e-01
1.579490e-01
1.590790e-01
1.589328e-01
1.589297e-01
1.587041e-01
