0.000000e+00
6.225949e-07
1.340935e-06
1.973958e-06
3.451096e-06
6.841506e-06
1.042505e-05
1.692542e-05
3.233166e-05
5.427485e-05
7.134101e-05
1.202450e-04
2.240507e-04
3.252784e-04
4.382528e-04
6.433603e-04
9.977496e-04
1.303338e-03
1.676583e-03
2.061223e-03
3.138759e-03
3.735388e-03
4.565357e-03
6.145253e-03
7.416879e-03
9.566789e-03
1.445997e-02
1.638529e-02
1.829118e-02
2.338362e-02
2.704746e-02
2.923421e-02
3.552705e-02
4.244171e-02
4.229876e-02
4.215581e-02
4.590039e-02
4.857690e-02
5.869041e-02
6.252799e-02
6.449503e-02
6.511133e-02
6.559990e-02
7.419762e-02
7.944173e-02
8.281076e-02
7.836032e-02
8.805110e-02
9.743571e-02
9.064955e-02
1.006772e-01
1.072269e-01
1.074186e-01
1.169819e-01
1.246484e-01
1.148439e-01
1.131182e-01
1.250955e-01
1.338703e-01
1.339655e-01
1.229053e-01
1.275612e-01
1.315596e-01
1.414454e-01
1.430696e-01
1.403685e-01
1.320853e-01
1.366369e-01
1.479745e-01
1.458312e-01
1.456902e-01
1.453610e-01
1.371471e-01
1.456067e-01
1.505593e-01
1.518853e-01
1.516239e-01
1.450188e-01
1.456094e-01
1.478133e-01
1.531975e-01
1.527341e-01
1.501219e-01
1.500734e-01
1.530051e-01
1.544118e-01
1.551787e-01
1.551904e-01
1.534559e-01
1.523179e-01
1.522311e-01
1.522215e-01
1.542106e-01
1.556633e-01
1.554778e-01
1.539279e-01
1.548195e-01
1.562573e-01
1.563340e-01
1.561293e-01
1.559602e-01
1.544704e-01
1.553974e-01
1.562707e-01
1.565316e-01
1.564305e-01
1.568313e-01
1.570013e-01
1.572296e-01
1.573759e-01
1.574151e-01
1.579490e-01
1.590790e-01
1.589328e-01
1.589297e-01
1.587041e-01
