0.000000e+00
-8.443462e-25
8.177655e-07
1.236171e-06
2.212506e-06
4.528224e-06
7.058316e-06
1.180294e-05
2.358112e-05
3.993971e-05
5.465995e-05
9.280739e-05
1.764023e-04
2.594544e-04
3.604113e-04
5.290098e-04
8.315280e-04
1.107611e-03
1.438473e-03
1.790040e-03
2.728627e-03
3.281288e-03
4.012290e-03
5.470857e-03
6.596632e-03
8.603818e-03
1.297747e-02
1.482895e-02
1.650426e-02
2.112007e-02
2.438079e-02
2.656627e-02
3.214700e-02
3.816806e-02
3.821393e-02
3.825979e-02
4.172266e-02
4.394073e-02
5.325846e-02
5.680505e-02
5.852203e-02
5.908263e-02
5.971291e-02
6.729648e-02
7.199650e-02
7.502272e-02
7.151832e-02
8.000037e-02
8.834429e-02
8.273882e-02
9.146437e-02
9.723373e-02
9.775914e-02
1.062205e-01
1.129481e-01
1.046987e-01
1.031994e-01
1.136909e-01
1.214337e-01
1.216796e-01
1.121856e-01
1.162414e-01
1.197136e-01
1.285103e-01
1.301344e-01
1.278960e-01
1.206663e-01
1.247254e-01
1.348166e-01
1.331139e-01
1.329855e-01
1.326858e-01
1.255382e-01
1.329437e-01
1.374218e-01
1.387175e-01
1.385516e-01
1.328424e-01
1.333699e-01
1.352782e-01
1.402584e-01
1.398766e-01
1.376425e-01
1.375350e-01
1.402029e-01
1.415569e-01
1.422757e-01
1.423312e-01
1.408243e-01
1.398917e-01
1.397952e-01
1.397845e-01
1.416187e-01
1.429887e-01
1.428259e-01
1.415593e-01
1.423393e-01
1.437621e-01
1.438617e-01
1.436864e-01
1.435824e-01
1.423118e-01
1.431490e-01
1.439639e-01
1.443048e-01
1.442489e-01
1.446528e-01
1.448760e-01
1.451938e-01
1.454044e-01
1.454612e-01
1.463478e-01
1.482025e-01
1.486102e-01
1.486097e-01
1.486889e-01
