1.778981e-04
2.323917e-04
3.380666e-04
4.035677e-04
5.564126e-04
7.985610e-04
9.976815e-04
1.285360e-03
1.806468e-03
2.384760e-03
2.754804e-03
3.630555e-03
5.042932e-03
6.141892e-03
7.187807e-03
8.805481e-03
1.109963e-02
1.278061e-02
1.459867e-02
1.628066e-02
2.032012e-02
2.227337e-02
2.474645e-02
2.892411e-02
3.193614e-02
3.649529e-02
4.535127e-02
4.841885e-02
5.130132e-02
5.836787e-02
6.298427e-02
6.561707e-02
7.264553e-02
7.970362e-02
7.956937e-02
7.943512e-02
8.301757e-02
8.552900e-02
9.435096e-02
9.753785e-02
9.912366e-02
9.962103e-02
1.000195e-01
1.066115e-01
1.104504e-01
1.128614e-01
1.097058e-01
1.164863e-01
1.227649e-01
1.183057e-01
1.248746e-01
1.290033e-01
1.291163e-01
1.348754e-01
1.393623e-01
1.336585e-01
1.326309e-01
1.396335e-01
1.445547e-01
1.446206e-01
1.384131e-01
1.410689e-01
1.433093e-01
1.486878e-01
1.495602e-01
1.481316e-01
1.436279e-01
1.461216e-01
1.521500e-01
1.510484e-01
1.509764e-01
1.508086e-01
1.464366e-01
1.509522e-01
1.535227e-01
1.542002e-01
1.540704e-01
1.506700e-01
1.509801e-01
1.521319e-01
1.548877e-01
1.546480e-01
1.533373e-01
1.533299e-01
1.548377e-01
1.555332e-01
1.559358e-01
1.559467e-01
1.550685e-01
1.544982e-01
1.544651e-01
1.544615e-01
1.554739e-01
1.561727e-01
1.560913e-01
1.553158e-01
1.557628e-01
1.564912e-01
1.565416e-01
1.564454e-01
1.563510e-01
1.555924e-01
1.560806e-01
1.565492e-01
1.567135e-01
1.566863e-01
1.569009e-01
1.570770e-01
1.572386e-01
1.573759e-01
1.574151e-01
1.579490e-01
1.590790e-01
1.589328e-01
1.589297e-01
1.587041e-01
