6.133220e-04
7.696948e-04
1.046287e-03
1.203756e-03
1.571205e-03
2.105415e-03
2.526236e-03
3.112286e-03
4.129375e-03
5.140908e-03
5.860465e-03
7.272882e-03
9.458015e-03
1.108090e-02
1.269683e-02
1.485244e-02
1.787897e-02
2.012777e-02
2.241677e-02
2.453731e-02
2.915615e-02
3.147304e-02
3.416796e-02
3.881155e-02
4.191494e-02
4.675794e-02
5.538267e-02
5.854021e-02
6.117857e-02
6.774558e-02
7.186979e-02
7.452459e-02
8.060549e-02
8.650497e-02
8.657172e-02
8.663849e-02
8.980025e-02
9.175698e-02
9.931392e-02
1.020407e-01
1.033180e-01
1.037371e-01
1.042248e-01
1.094792e-01
1.125700e-01
1.145229e-01
1.123590e-01
1.176267e-01
1.225534e-01
1.193775e-01
1.243789e-01
1.275736e-01
1.278832e-01
1.322862e-01
1.356793e-01
1.316298e-01
1.308887e-01
1.361320e-01
1.398266e-01
1.399781e-01
1.355170e-01
1.374918e-01
1.391614e-01
1.431984e-01
1.439509e-01
1.429953e-01
1.397342e-01
1.416218e-01
1.461377e-01
1.454452e-01
1.453985e-01
1.452895e-01
1.421516e-01
1.454666e-01
1.474130e-01
1.479838e-01
1.479398e-01
1.455639e-01
1.458085e-01
1.466479e-01
1.488024e-01
1.486483e-01
1.477593e-01
1.477616e-01
1.489135e-01
1.494765e-01
1.498199e-01
1.498677e-01
1.492631e-01
1.489051e-01
1.488989e-01
1.488982e-01
1.496820e-01
1.502451e-01
1.502203e-01
1.497249e-01
1.500637e-01
1.507234e-01
1.507931e-01
1.507519e-01
1.507125e-01
1.502007e-01
1.505879e-01
1.509836e-01
1.512112e-01
1.512332e-01
1.514621e-01
1.516947e-01
1.519309e-01
1.521376e-01
1.521967e-01
1.531254e-01
1.550669e-01
1.554907e-01
1.554902e-01
1.555740e-01
