0.000000e+00
6.021029e-76
1.301754e-71
-5.590976e-68
9.050463e-66
-3.819376e-58
4.637044e-53
1.433671e-47
2.993174e-42
-2.298091e-36
1.676329e-30
3.660920e-24
2.130581e-06
4.050911e-06
6.979907e-06
1.324929e-05
2.814171e-05
4.527460e-05
6.991248e-05
1.004946e-04
2.030307e-04
2.756694e-04
3.862041e-04
6.475114e-04
8.837279e-04
1.376362e-03
2.725030e-03
3.401303e-03
4.063472e-03
6.111884e-03
7.761528e-03
8.943968e-03
1.228640e-02
1.635238e-02
1.637878e-02
1.640517e-02
1.894574e-02
2.064952e-02
2.845080e-02
3.163391e-02
3.323426e-02
3.375678e-02
3.434423e-02
4.190451e-02
4.687613e-02
5.018280e-02
4.631564e-02
5.586973e-02
6.581307e-02
5.897234e-02
6.968243e-02
7.711679e-02
7.780907e-02
8.938769e-02
9.893351e-02
8.713360e-02
8.503489e-02
9.995093e-02
1.115743e-01
1.119251e-01
9.766401e-02
1.036168e-01
1.088223e-01
1.225540e-01
1.251439e-01
1.215153e-01
1.101715e-01
1.164600e-01
1.326834e-01
1.298271e-01
1.296069e-01
1.290931e-01
1.175692e-01
1.294427e-01
1.368754e-01
1.390506e-01
1.387455e-01
1.291504e-01
1.300097e-01
1.331468e-01
1.415071e-01
1.408502e-01
1.369927e-01
1.367584e-01
1.412579e-01
1.435888e-01
1.447870e-01
1.448543e-01
1.422349e-01
1.406063e-01
1.403965e-01
1.403732e-01
1.435033e-01
1.458818e-01
1.455503e-01
1.433292e-01
1.446549e-01
1.470508e-01
1.471929e-01
1.468458e-01
1.466708e-01
1.444459e-01
1.458537e-01
1.472017e-01
1.477003e-01
1.475557e-01
1.481944e-01
1.484114e-01
1.488516e-01
1.490828e-01
1.491409e-01
1.500508e-01
1.519530e-01
1.523696e-01
1.523691e-01
1.524510e-01
