0.000000e+00
1.855695e-82
-2.279139e-76
4.292176e-75
-1.723409e-70
-1.131308e-64
-2.489206e-60
1.080754e-53
-1.261545e-48
7.342804e-43
-3.021020e-36
2.489072e-30
1.217749e-24
5.282225e-07
9.933802e-07
2.157481e-06
5.303616e-06
9.240828e-06
1.547018e-05
2.366882e-05
5.517523e-05
7.894485e-05
1.182888e-04
2.179793e-04
3.162041e-04
5.322984e-04
1.204428e-03
1.557953e-03
1.927323e-03
3.131661e-03
3.542067e-03
4.888761e-03
7.159476e-03
1.010512e-02
1.007978e-02
1.005444e-02
1.191515e-02
1.324703e-02
1.931390e-02
2.185172e-02
2.318015e-02
2.360601e-02
2.402281e-02
3.048173e-02
3.480526e-02
3.773975e-02
3.409838e-02
4.274272e-02
5.190574e-02
4.531714e-02
5.541227e-02
6.250181e-02
6.297706e-02
7.433621e-02
8.386954e-02
7.180637e-02
6.969620e-02
8.463769e-02
9.652420e-02
9.674037e-02
8.199556e-02
8.805779e-02
9.340830e-02
1.076183e-01
1.101825e-01
1.062496e-01
9.441133e-02
1.008877e-01
1.178531e-01
1.146630e-01
1.144321e-01
1.138933e-01
1.017329e-01
1.142544e-01
1.220687e-01
1.242807e-01
1.238857e-01
1.135807e-01
1.144898e-01
1.178442e-01
1.265797e-01
1.258472e-01
1.216680e-01
1.214880e-01
1.262318e-01
1.286424e-01
1.298930e-01
1.299295e-01
1.270888e-01
1.252839e-01
1.250673e-01
1.250433e-01
1.283510e-01
1.308566e-01
1.305024e-01
1.280217e-01
1.294570e-01
1.319188e-01
1.320485e-01
1.316801e-01
1.314490e-01
1.290057e-01
1.305043e-01
1.319249e-01
1.323698e-01
1.321757e-01
1.328202e-01
1.329936e-01
1.333561e-01
1.335310e-01
1.335736e-01
1.341783e-01
1.354551e-01
1.355503e-01
1.355484e-01
1.354686e-01
