1.425195e-04
1.889048e-04
2.774812e-04
3.330818e-04
4.628241e-04
6.680717e-04
8.382073e-04
1.087799e-03
1.545011e-03
2.036538e-03
2.378307e-03
3.129746e-03
4.355141e-03
5.307047e-03
6.255101e-03
7.635396e-03
9.627985e-03
1.112146e-02
1.270860e-02
1.418930e-02
1.764468e-02
1.936657e-02
2.146615e-02
2.511962e-02
2.766374e-02
3.162408e-02
3.908508e-02
4.177529e-02
4.414697e-02
5.012370e-02
5.396948e-02
5.628413e-02
6.210877e-02
6.788982e-02
6.786359e-02
6.783736e-02
7.089071e-02
7.286611e-02
8.029227e-02
8.297133e-02
8.425963e-02
8.467294e-02
8.507989e-02
9.048159e-02
9.365494e-02
9.564640e-02
9.322621e-02
9.874116e-02
1.038978e-01
1.003802e-01
1.057154e-01
1.090715e-01
1.092873e-01
1.139994e-01
1.176570e-01
1.131200e-01
1.122795e-01
1.179797e-01
1.219985e-01
1.220948e-01
1.171140e-01
1.192645e-01
1.210783e-01
1.254880e-01
1.262507e-01
1.251300e-01
1.214845e-01
1.235294e-01
1.284711e-01
1.276285e-01
1.275698e-01
1.274328e-01
1.239022e-01
1.275741e-01
1.296970e-01
1.302790e-01
1.301933e-01
1.274731e-01
1.277305e-01
1.286607e-01
1.309589e-01
1.307712e-01
1.297345e-01
1.297258e-01
1.309714e-01
1.315654e-01
1.319090e-01
1.319323e-01
1.312325e-01
1.307931e-01
1.307662e-01
1.307633e-01
1.316077e-01
1.321982e-01
1.321430e-01
1.315454e-01
1.319053e-01
1.325531e-01
1.326066e-01
1.325364e-01
1.324729e-01
1.318725e-01
1.322756e-01
1.326735e-01
1.328486e-01
1.328381e-01
1.330312e-01
1.332109e-01
1.333818e-01
1.335310e-01
1.335736e-01
1.341783e-01
1.354551e-01
1.355503e-01
1.355484e-01
1.354686e-01
