1.713966e-03
2.064450e-03
2.663666e-03
2.984924e-03
3.734569e-03
4.758775e-03
5.529529e-03
6.566740e-03
8.281944e-03
9.948700e-03
1.103526e-02
1.322866e-02
1.645933e-02
1.876044e-02
2.092824e-02
2.388005e-02
2.784479e-02
3.064647e-02
3.348578e-02
3.606430e-02
4.162476e-02
4.429095e-02
4.741008e-02
5.262685e-02
5.610120e-02
6.131835e-02
7.057296e-02
7.377863e-02
7.652933e-02
8.327203e-02
8.746119e-02
8.996350e-02
9.604280e-02
1.018726e-01
1.018611e-01
1.018497e-01
1.048731e-01
1.068090e-01
1.139260e-01
1.164571e-01
1.176581e-01
1.180448e-01
1.184371e-01
1.233686e-01
1.262107e-01
1.280078e-01
1.258857e-01
1.307657e-01
1.352577e-01
1.322456e-01
1.368444e-01
1.397101e-01
1.399112e-01
1.438646e-01
1.468979e-01
1.431759e-01
1.424840e-01
1.472067e-01
1.504899e-01
1.505833e-01
1.465409e-01
1.483091e-01
1.497940e-01
1.533592e-01
1.539811e-01
1.531018e-01
1.501783e-01
1.518386e-01
1.557992e-01
1.551507e-01
1.551071e-01
1.550054e-01
1.521986e-01
1.551425e-01
1.568306e-01
1.572976e-01
1.572397e-01
1.551121e-01
1.553211e-01
1.560615e-01
1.578889e-01
1.577422e-01
1.569467e-01
1.569585e-01
1.579505e-01
1.584152e-01
1.586995e-01
1.587275e-01
1.581810e-01
1.578507e-01
1.578410e-01
1.578400e-01
1.585061e-01
1.589643e-01
1.589347e-01
1.584758e-01
1.587597e-01
1.592861e-01
1.593387e-01
1.592960e-01
1.592427e-01
1.587754e-01
1.591069e-01
1.594496e-01
1.596273e-01
1.596382e-01
1.598174e-01
1.600244e-01
1.602067e-01
1.603790e-01
1.604287e-01
1.611599e-01
1.626987e-01
1.628041e-01
1.628019e-01
1.627085e-01
