0.000000e+00
-5.627004e-77
5.758846e-71
-1.866375e-68
-8.850166e-65
-9.178948e-60
2.807920e-53
-5.396312e-48
1.355056e-42
-4.173005e-37
-3.483622e-30
1.106677e-25
6.504088e-07
1.319412e-06
2.363839e-06
4.836938e-06
1.109582e-05
1.852436e-05
2.981009e-05
4.413901e-05
9.639996e-05
1.341787e-04
1.947927e-04
3.422619e-04
4.826070e-04
7.800325e-04
1.657735e-03
2.101452e-03
2.557799e-03
4.005001e-03
5.213288e-03
6.040167e-03
8.587657e-03
1.180176e-02
1.177368e-02
1.174560e-02
1.373686e-02
1.514928e-02
2.144145e-02
2.403213e-02
2.537691e-02
2.580774e-02
2.622716e-02
3.266986e-02
3.690177e-02
3.978187e-02
3.623237e-02
4.460773e-02
5.337438e-02
4.709560e-02
5.669282e-02
6.337865e-02
6.379134e-02
7.432216e-02
8.308744e-02
7.200286e-02
7.005252e-02
8.379130e-02
9.458085e-02
9.477536e-02
8.137821e-02
8.690858e-02
9.176767e-02
1.045600e-01
1.068529e-01
1.033330e-01
9.268027e-02
9.851466e-02
1.136907e-01
1.108524e-01
1.106571e-01
1.102014e-01
9.928506e-02
1.104941e-01
1.174318e-01
1.193824e-01
1.190354e-01
1.098975e-01
1.107076e-01
1.136934e-01
1.214230e-01
1.207789e-01
1.170804e-01
1.169248e-01
1.211206e-01
1.232430e-01
1.243472e-01
1.243840e-01
1.218810e-01
1.202926e-01
1.201033e-01
1.200823e-01
1.230011e-01
1.251992e-01
1.248915e-01
1.227100e-01
1.239748e-01
1.261427e-01
1.262597e-01
1.259353e-01
1.257324e-01
1.235842e-01
1.249063e-01
1.261603e-01
1.265563e-01
1.263878e-01
1.269565e-01
1.271248e-01
1.274516e-01
1.276160e-01
1.276570e-01
1.282334e-01
1.294521e-01
1.295444e-01
1.295425e-01
1.294654e-01
