0.000000e+00
-2.273741e-77
-6.572442e-71
-2.728023e-69
2.687320e-65
1.122087e-59
-1.967787e-54
1.162653e-49
-5.682265e-43
-2.108543e-37
-7.283867e-31
-4.644813e-27
1.578624e-07
3.428797e-07
6.373329e-07
1.412715e-06
3.510465e-06
6.106853e-06
1.028378e-05
1.576534e-05
3.761989e-05
5.389302e-05
8.187433e-05
1.517716e-04
2.232643e-04
3.787861e-04
8.851049e-04
1.148032e-03
1.438450e-03
2.376167e-03
3.207988e-03
3.765292e-03
5.630261e-03
8.128843e-03
8.071894e-03
8.014943e-03
9.547802e-03
1.074120e-02
1.591518e-02
1.810613e-02
1.930171e-02
1.967705e-02
1.998068e-02
2.578941e-02
2.971260e-02
3.237752e-02
2.886061e-02
3.685238e-02
4.537399e-02
3.903298e-02
4.855832e-02
5.535802e-02
5.557598e-02
6.647738e-02
7.578503e-02
6.383219e-02
6.183733e-02
7.633179e-02
8.799318e-02
8.811077e-02
7.352113e-02
7.947906e-02
8.478776e-02
9.875617e-02
1.011573e-01
9.715261e-02
8.546457e-02
9.181283e-02
1.085948e-01
1.052712e-01
1.050533e-01
1.045448e-01
9.244561e-02
1.048918e-01
1.126139e-01
1.147311e-01
1.143051e-01
1.039631e-01
1.048755e-01
1.082597e-01
1.168235e-01
1.160735e-01
1.118505e-01
1.117392e-01
1.164381e-01
1.187588e-01
1.199973e-01
1.200137e-01
1.171618e-01
1.153056e-01
1.151361e-01
1.151173e-01
1.183664e-01
1.208172e-01
1.204827e-01
1.179180e-01
1.193938e-01
1.217705e-01
1.218823e-01
1.215283e-01
1.212664e-01
1.188009e-01
1.203019e-01
1.217016e-01
1.220683e-01
1.218601e-01
1.224952e-01
1.226358e-01
1.229330e-01
1.230659e-01
1.230981e-01
1.235090e-01
1.243855e-01
1.242788e-01
1.242761e-01
1.240963e-01
