1.353865e-04
1.782060e-04
2.585565e-04
3.080704e-04
4.236098e-04
6.044115e-04
7.537044e-04
9.703477e-04
1.365977e-03
1.782218e-03
2.082753e-03
2.709071e-03
3.725361e-03
4.512443e-03
5.310244e-03
6.426933e-03
8.042614e-03
9.271050e-03
1.055694e-02
1.176729e-02
1.450671e-02
1.589801e-02
1.756257e-02
2.047145e-02
2.247040e-02
2.562401e-02
3.144570e-02
3.359634e-02
3.544143e-02
4.007748e-02
4.305092e-02
4.493187e-02
4.940589e-02
5.382235e-02
5.384944e-02
5.387653e-02
5.624463e-02
5.774018e-02
6.350115e-02
6.559267e-02
6.658513e-02
6.690832e-02
6.726498e-02
7.138743e-02
7.382130e-02
7.536232e-02
7.360012e-02
7.780105e-02
8.174568e-02
7.915103e-02
8.319024e-02
8.577298e-02
8.599228e-02
8.958422e-02
9.236712e-02
8.900394e-02
8.838888e-02
9.269875e-02
9.575076e-02
9.585953e-02
9.214448e-02
9.377299e-02
9.515269e-02
9.850020e-02
9.911110e-02
9.829835e-02
9.557252e-02
9.713308e-02
1.008886e-01
1.002911e-01
1.002503e-01
1.001550e-01
9.752292e-02
1.002897e-01
1.019100e-01
1.023753e-01
1.023297e-01
1.003192e-01
1.005204e-01
1.012231e-01
1.030044e-01
1.028704e-01
1.021138e-01
1.021145e-01
1.030731e-01
1.035358e-01
1.038169e-01
1.038502e-01
1.033342e-01
1.030242e-01
1.030157e-01
1.030148e-01
1.036669e-01
1.041287e-01
1.041027e-01
1.036757e-01
1.039577e-01
1.044933e-01
1.045485e-01
1.045097e-01
1.044700e-01
1.040328e-01
1.043495e-01
1.046666e-01
1.048288e-01
1.048368e-01
1.050014e-01
1.051794e-01
1.053465e-01
1.054945e-01
1.055373e-01
1.061699e-01
1.075005e-01
1.078017e-01
1.078010e-01
1.078526e-01
