0.000000e+00
-1.150479e-82
-8.582193e-76
2.349038e-74
-8.902864e-70
4.308614e-64
-1.598537e-58
-5.770816e-54
-4.153476e-48
1.882224e-41
-1.928986e-35
-4.782469e-30
3.248946e-24
1.869316e-06
3.360929e-06
6.707012e-06
1.511050e-05
2.523257e-05
4.030967e-05
5.961385e-05
1.272716e-04
1.770008e-04
2.547227e-04
4.449526e-04
6.221317e-04
1.003813e-03
2.096477e-03
2.663599e-03
3.226612e-03
5.009729e-03
6.483037e-03
7.555462e-03
1.064272e-02
1.448753e-02
1.451427e-02
1.454100e-02
1.698615e-02
1.863777e-02
2.634232e-02
2.954024e-02
3.115456e-02
3.168213e-02
3.227917e-02
4.000872e-02
4.515543e-02
4.860220e-02
4.457856e-02
5.458951e-02
6.512845e-02
5.785797e-02
6.927057e-02
7.727250e-02
7.803933e-02
9.064703e-02
1.011176e-01
8.816890e-02
8.587547e-02
1.022428e-01
1.151362e-01
1.155305e-01
9.971925e-02
1.062893e-01
1.120650e-01
1.274193e-01
1.303328e-01
1.262538e-01
1.135685e-01
1.205898e-01
1.388391e-01
1.356088e-01
1.353585e-01
1.347743e-01
1.218139e-01
1.351594e-01
1.435733e-01
1.460475e-01
1.456974e-01
1.348240e-01
1.357931e-01
1.393346e-01
1.488266e-01
1.480795e-01
1.436886e-01
1.434093e-01
1.485203e-01
1.511861e-01
1.525479e-01
1.526187e-01
1.496321e-01
1.477714e-01
1.475236e-01
1.474961e-01
1.510646e-01
1.537836e-01
1.533967e-01
1.508614e-01
1.523695e-01
1.550967e-01
1.552545e-01
1.548532e-01
1.546498e-01
1.521104e-01
1.537146e-01
1.552423e-01
1.558027e-01
1.556297e-01
1.563555e-01
1.565818e-01
1.570726e-01
1.573182e-01
1.573790e-01
1.583397e-01
1.603470e-01
1.607825e-01
1.607820e-01
1.608683e-01
