5.911475e-05
8.188739e-05
1.274850e-04
1.582555e-04
2.300577e-04
3.513092e-04
4.563547e-04
6.169773e-04
9.257805e-04
1.271721e-03
1.522158e-03
2.089275e-03
3.060529e-03
3.845504e-03
4.652329e-03
5.856093e-03
7.657638e-03
9.048081e-03
1.055707e-02
1.199576e-02
1.542957e-02
1.718697e-02
1.935725e-02
2.322703e-02
2.596494e-02
3.031876e-02
3.873176e-02
4.180776e-02
4.458236e-02
5.164611e-02
5.625417e-02
5.905259e-02
6.618295e-02
7.334857e-02
7.332176e-02
7.329495e-02
7.713461e-02
7.961256e-02
8.909781e-02
9.253761e-02
9.419700e-02
9.473010e-02
9.526100e-02
1.022908e-01
1.064406e-01
1.090768e-01
1.058870e-01
1.131843e-01
1.200553e-01
1.153563e-01
1.224872e-01
1.270017e-01
1.272962e-01
1.336870e-01
1.386578e-01
1.324739e-01
1.313261e-01
1.391035e-01
1.446220e-01
1.447501e-01
1.378988e-01
1.408463e-01
1.433334e-01
1.494253e-01
1.504855e-01
1.489285e-01
1.438860e-01
1.467095e-01
1.535612e-01
1.523803e-01
1.522963e-01
1.521006e-01
1.472044e-01
1.522878e-01
1.552450e-01
1.560620e-01
1.559365e-01
1.521297e-01
1.524849e-01
1.537742e-01
1.569961e-01
1.567372e-01
1.552708e-01
1.552447e-01
1.569785e-01
1.578194e-01
1.582924e-01
1.583219e-01
1.573404e-01
1.567208e-01
1.566685e-01
1.566626e-01
1.578483e-01
1.586918e-01
1.586006e-01
1.577614e-01
1.582645e-01
1.591590e-01
1.592275e-01
1.591224e-01
1.590391e-01
1.581989e-01
1.587542e-01
1.592978e-01
1.595319e-01
1.595065e-01
1.597767e-01
1.599823e-01
1.602015e-01
1.603790e-01
1.604287e-01
1.611599e-01
1.626987e-01
1.628041e-01
1.628019e-01
1.627085e-01
