0.000000e+00
1.176647e-07
2.773836e-07
4.382320e-07
8.135665e-07
1.761610e-06
2.836216e-06
4.931349e-06
1.032300e-05
1.829162e-05
2.524042e-05
4.499517e-05
9.010223e-05
1.364229e-04
1.921783e-04
2.923445e-04
4.756259e-04
6.426330e-04
8.495383e-04
1.069711e-03
1.690284e-03
2.052501e-03
2.549798e-03
3.544386e-03
4.337874e-03
5.740734e-03
8.939189e-03
1.026730e-02
1.152529e-02
1.501181e-02
1.751967e-02
1.910288e-02
2.347568e-02
2.828043e-02
2.824391e-02
2.820740e-02
3.091573e-02
3.274439e-02
4.011016e-02
4.291452e-02
4.431118e-02
4.475796e-02
4.518747e-02
5.139468e-02
5.521471e-02
5.769223e-02
5.462371e-02
6.165647e-02
6.855033e-02
6.371947e-02
7.103179e-02
7.582463e-02
7.611764e-02
8.320533e-02
8.886506e-02
8.174279e-02
8.045116e-02
8.932218e-02
9.586597e-02
9.599093e-02
8.784179e-02
9.128270e-02
9.423289e-02
1.016619e-01
1.029538e-01
1.009802e-01
9.480256e-02
9.822185e-02
1.067517e-01
1.052134e-01
1.051037e-01
1.048478e-01
9.872429e-02
1.050482e-01
1.088081e-01
1.098473e-01
1.096701e-01
1.047510e-01
1.051953e-01
1.068320e-01
1.109596e-01
1.106202e-01
1.086815e-01
1.086194e-01
1.108521e-01
1.119509e-01
1.125412e-01
1.125657e-01
1.112662e-01
1.104429e-01
1.103580e-01
1.103486e-01
1.118808e-01
1.130016e-01
1.128614e-01
1.117348e-01
1.123960e-01
1.135340e-01
1.136063e-01
1.134529e-01
1.133407e-01
1.122300e-01
1.129305e-01
1.135985e-01
1.138313e-01
1.137647e-01
1.140700e-01
1.142295e-01
1.144348e-01
1.145721e-01
1.146096e-01
1.151235e-01
1.162130e-01
1.162985e-01
1.162967e-01
1.162253e-01
