0.000000e+00
-2.674156e-82
9.513279e-76
-5.090158e-74
4.744327e-70
1.292287e-64
-1.581035e-58
-1.111341e-54
1.528821e-48
-1.677074e-41
-7.755324e-36
-7.546564e-30
-1.866003e-24
1.039286e-06
1.847934e-06
3.869704e-06
9.015349e-06
1.508489e-05
2.449401e-05
3.645126e-05
8.191570e-05
1.145100e-04
1.690056e-04
3.004197e-04
4.308269e-04
7.055674e-04
1.560683e-03
1.990144e-03
2.458384e-03
3.936821e-03
5.216493e-03
6.062182e-03
8.844969e-03
1.249129e-02
1.240864e-02
1.232600e-02
1.453169e-02
1.623475e-02
2.350628e-02
2.654585e-02
2.819641e-02
2.871427e-02
2.913058e-02
3.705904e-02
4.236019e-02
4.593971e-02
4.121019e-02
5.190749e-02
6.319906e-02
5.481258e-02
6.737810e-02
7.628376e-02
7.656100e-02
9.070361e-02
1.027088e-01
8.729048e-02
8.470741e-02
1.034084e-01
1.183290e-01
1.184779e-01
9.979478e-02
1.074434e-01
1.142397e-01
1.320165e-01
1.350594e-01
1.299793e-01
1.151017e-01
1.231894e-01
1.444656e-01
1.402730e-01
1.399954e-01
1.393475e-01
1.240003e-01
1.397856e-01
1.495334e-01
1.522044e-01
1.516653e-01
1.386111e-01
1.397644e-01
1.440414e-01
1.548428e-01
1.539013e-01
1.485783e-01
1.484348e-01
1.543535e-01
1.572768e-01
1.588309e-01
1.588541e-01
1.552657e-01
1.529331e-01
1.527196e-01
1.526959e-01
1.567829e-01
1.598668e-01
1.594479e-01
1.562225e-01
1.580780e-01
1.610651e-01
1.612020e-01
1.607568e-01
1.604308e-01
1.573317e-01
1.592207e-01
1.609841e-01
1.614532e-01
1.611935e-01
1.620055e-01
1.621753e-01
1.625549e-01
1.627235e-01
1.627638e-01
1.633162e-01
1.644844e-01
1.643312e-01
1.643281e-01
1.640949e-01
