9.648868e-07
1.522817e-06
2.861710e-06
4.000079e-06
6.656426e-06
1.226587e-05
1.786735e-05
2.751329e-05
4.899724e-05
7.788808e-05
9.937618e-05
1.582412e-04
2.753314e-04
3.836085e-04
4.999192e-04
7.029430e-04
1.037238e-03
1.314218e-03
1.642425e-03
1.971590e-03
2.858092e-03
3.332435e-03
3.976255e-03
5.164105e-03
6.092828e-03
7.617403e-03
1.094027e-02
1.220437e-02
1.343738e-02
1.665336e-02
1.890565e-02
2.023281e-02
2.397040e-02
2.796951e-02
2.789022e-02
2.781093e-02
2.993079e-02
3.144737e-02
3.704033e-02
3.913139e-02
4.019333e-02
4.052609e-02
4.079024e-02
4.536407e-02
4.811564e-02
4.987057e-02
4.755966e-02
5.257356e-02
5.736930e-02
5.391936e-02
5.900646e-02
6.229088e-02
6.238071e-02
6.710817e-02
7.086459e-02
6.606948e-02
6.521612e-02
7.107993e-02
7.532305e-02
7.537304e-02
7.002488e-02
7.228211e-02
7.421764e-02
7.895095e-02
7.976908e-02
7.843927e-02
7.447285e-02
7.665126e-02
8.203643e-02
8.103151e-02
8.096417e-02
8.080705e-02
7.690155e-02
8.092674e-02
8.326130e-02
8.387759e-02
8.375482e-02
8.065340e-02
8.093184e-02
8.197030e-02
8.448359e-02
8.426289e-02
8.305123e-02
8.303741e-02
8.441281e-02
8.505791e-02
8.542260e-02
8.542978e-02
8.461619e-02
8.408748e-02
8.405170e-02
8.404773e-02
8.497838e-02
8.563350e-02
8.555393e-02
8.483271e-02
8.524699e-02
8.591659e-02
8.595985e-02
8.586955e-02
8.578292e-02
8.508550e-02
8.551977e-02
8.592816e-02
8.604746e-02
8.600478e-02
8.617531e-02
8.629263e-02
8.640156e-02
8.648577e-02
8.651002e-02
8.678715e-02
8.738533e-02
8.731433e-02
8.731215e-02
8.717784e-02
