0.000000e+00
1.539856e-27
3.469535e-08
5.978725e-08
1.183384e-07
2.863719e-07
4.947832e-07
9.343942e-07
2.190260e-06
4.190068e-06
6.130604e-06
1.181485e-05
2.611049e-05
4.201556e-05
6.271961e-05
1.009176e-04
1.761742e-04
2.501052e-04
3.448171e-04
4.505958e-04
7.584013e-04
9.500813e-04
1.218187e-03
1.781152e-03
2.243049e-03
3.104885e-03
5.147697e-03
6.054637e-03
6.908943e-03
9.344829e-03
1.114944e-02
1.236530e-02
1.563543e-02
1.932036e-02
1.932988e-02
1.933940e-02
2.149568e-02
2.292700e-02
2.899740e-02
3.136199e-02
3.253220e-02
3.291175e-02
3.331855e-02
3.859252e-02
4.191817e-02
4.408339e-02
4.151333e-02
4.766525e-02
5.381635e-02
4.960193e-02
5.612209e-02
6.049783e-02
6.085203e-02
6.738934e-02
7.265894e-02
6.613872e-02
6.496994e-02
7.319108e-02
7.936215e-02
7.953431e-02
7.193596e-02
7.515234e-02
7.792686e-02
8.501480e-02
8.630969e-02
8.446307e-02
7.861272e-02
8.187383e-02
9.008168e-02
8.865332e-02
8.854765e-02
8.830106e-02
8.246468e-02
8.850218e-02
9.217079e-02
9.322087e-02
9.307219e-02
8.834836e-02
8.877998e-02
9.035124e-02
9.442686e-02
9.410494e-02
9.224285e-02
9.216152e-02
9.435736e-02
9.546301e-02
9.605347e-02
9.609139e-02
9.483243e-02
9.404597e-02
9.396678e-02
9.395798e-02
9.547032e-02
9.659459e-02
9.645726e-02
9.538741e-02
9.603584e-02
9.719755e-02
9.727609e-02
9.712858e-02
9.703328e-02
9.596679e-02
9.665573e-02
9.731821e-02
9.756896e-02
9.751230e-02
9.782171e-02
9.798875e-02
9.821862e-02
9.836734e-02
9.840763e-02
9.899433e-02
1.002300e-01
1.005110e-01
1.005102e-01
1.005561e-01
