0.000000e+00
1.768687e-73
5.957912e-67
1.678045e-64
-2.625335e-60
-3.651367e-55
3.140499e-50
4.164484e-44
3.331333e-38
1.232114e-31
-9.542062e-27
2.596641e-08
9.778172e-08
2.161729e-07
4.078770e-07
9.216668e-07
2.341364e-06
4.128072e-06
7.039302e-06
1.090253e-05
2.656034e-05
3.837447e-05
5.887953e-05
1.107291e-04
1.643052e-04
2.821231e-04
6.714708e-04
8.758793e-04
1.102563e-03
1.839984e-03
2.499136e-03
2.942709e-03
4.434562e-03
6.446681e-03
6.400771e-03
6.354860e-03
7.594875e-03
8.562554e-03
1.277499e-02
1.456492e-02
1.554414e-02
1.585151e-02
1.609984e-02
2.086645e-02
2.409568e-02
2.629146e-02
2.339427e-02
2.999000e-02
3.703422e-02
3.178936e-02
3.966980e-02
4.531451e-02
4.549594e-02
5.455684e-02
6.230230e-02
5.235741e-02
5.069774e-02
6.275885e-02
7.247967e-02
7.257740e-02
6.041929e-02
6.538050e-02
6.980412e-02
8.146064e-02
8.346817e-02
8.012578e-02
7.037093e-02
7.566519e-02
8.968187e-02
8.690368e-02
8.672193e-02
8.629782e-02
7.619529e-02
8.658786e-02
9.303860e-02
9.480887e-02
9.445160e-02
8.581168e-02
8.657305e-02
8.939952e-02
9.655411e-02
9.592567e-02
9.239934e-02
9.230587e-02
9.623535e-02
9.817284e-02
9.920936e-02
9.922493e-02
9.683663e-02
9.528810e-02
9.514611e-02
9.513034e-02
9.784725e-02
9.988929e-02
9.961127e-02
9.747051e-02
9.870049e-02
1.006871e-01
1.007821e-01
1.004878e-01
1.002671e-01
9.820608e-02
9.945935e-02
1.006277e-01
1.009313e-01
1.007578e-01
1.012811e-01
1.014073e-01
1.016519e-01
1.017636e-01
1.017915e-01
1.021252e-01
1.028418e-01
1.027569e-01
1.027545e-01
1.026018e-01
