0.000000e+00
-1.777389e-49
2.073046e-43
-1.151867e-41
1.298095e-37
-2.809450e-32
4.329269e-27
1.474244e-08
4.753888e-08
1.148208e-07
1.844385e-07
4.552049e-07
1.335874e-06
2.544151e-06
4.259136e-06
8.257286e-06
1.760050e-05
2.789021e-05
4.301861e-05
6.136677e-05
1.264455e-04
1.704781e-04
2.410727e-04
4.021214e-04
5.544708e-04
8.591092e-04
1.738651e-03
2.155591e-03
2.599798e-03
3.945123e-03
5.057876e-03
5.774897e-03
8.054317e-03
1.090915e-02
1.084632e-02
1.078349e-02
1.245969e-02
1.373193e-02
1.898009e-02
2.112034e-02
2.226346e-02
2.262204e-02
2.290974e-02
2.826379e-02
3.175535e-02
3.408001e-02
3.100974e-02
3.788303e-02
4.496814e-02
3.974744e-02
4.754356e-02
5.294487e-02
5.310914e-02
6.148200e-02
6.847349e-02
5.950558e-02
5.797958e-02
6.888106e-02
7.736737e-02
7.745339e-02
6.680790e-02
7.120120e-02
7.506337e-02
8.501035e-02
8.669400e-02
8.389023e-02
7.555925e-02
8.009904e-02
9.185285e-02
8.956355e-02
8.941256e-02
8.906022e-02
8.056945e-02
8.930363e-02
9.461401e-02
9.605526e-02
9.576538e-02
8.866511e-02
8.929365e-02
9.163242e-02
9.747344e-02
9.696323e-02
9.409867e-02
9.402986e-02
9.722871e-02
9.878995e-02
9.963054e-02
9.964236e-02
9.771678e-02
9.646161e-02
9.635204e-02
9.633987e-02
9.853667e-02
1.001717e-01
9.995233e-02
9.822907e-02
9.922060e-02
1.008190e-01
1.008988e-01
1.006652e-01
1.004839e-01
9.882414e-02
9.983846e-02
1.007844e-01
1.010357e-01
1.009024e-01
1.013199e-01
1.014491e-01
1.016568e-01
1.017636e-01
1.017915e-01
1.021252e-01
1.028418e-01
1.027569e-01
1.027545e-01
1.026018e-01
