9.265239e-08
1.642044e-07
3.549780e-07
5.486061e-07
1.000431e-06
2.107072e-06
3.335352e-06
5.683030e-06
1.158385e-05
2.014756e-05
2.746102e-05
4.801702e-05
9.389925e-05
1.401780e-04
1.949818e-04
2.925409e-04
4.680243e-04
6.255524e-04
8.189770e-04
1.022797e-03
1.591352e-03
1.918858e-03
2.366310e-03
3.250081e-03
3.950779e-03
5.175516e-03
7.937456e-03
9.069477e-03
1.014223e-02
1.308751e-02
1.519312e-02
1.651140e-02
2.014684e-02
2.411765e-02
2.408256e-02
2.404747e-02
2.626669e-02
2.777241e-02
3.376612e-02
3.604059e-02
3.717368e-02
3.753543e-02
3.787743e-02
4.288862e-02
4.595968e-02
4.794723e-02
4.547359e-02
5.109099e-02
5.661523e-02
5.275052e-02
5.858872e-02
6.239102e-02
6.261908e-02
6.823780e-02
7.270963e-02
6.706860e-02
6.605076e-02
7.305487e-02
7.821508e-02
7.830166e-02
7.188617e-02
7.458974e-02
7.666770e-02
8.275393e-02
8.374649e-02
8.221534e-02
7.736228e-02
8.007757e-02
8.672395e-02
8.551826e-02
8.543535e-02
8.524185e-02
8.043332e-02
8.539315e-02
8.833777e-02
8.913500e-02
8.899854e-02
8.515463e-02
8.550310e-02
8.678698e-02
8.999327e-02
8.972155e-02
8.822316e-02
8.817680e-02
8.992013e-02
9.076752e-02
9.128212e-02
9.127843e-02
9.024092e-02
8.959766e-02
8.953853e-02
8.953197e-02
9.072305e-02
9.158786e-02
9.147071e-02
9.061775e-02
9.110954e-02
9.200936e-02
9.205760e-02
9.196173e-02
9.185763e-02
9.098528e-02
9.153740e-02
9.205685e-02
9.224813e-02
9.218849e-02
9.250204e-02
9.255750e-02
9.271491e-02
9.282728e-02
9.285857e-02
9.326236e-02
9.413868e-02
9.420825e-02
9.420645e-02
9.413126e-02
