0.000000e+00
4.217214e-73
4.485821e-67
-7.863517e-66
9.972625e-61
2.131557e-55
-3.898896e-49
7.882304e-46
3.409393e-39
5.984827e-32
-1.312665e-26
9.976031e-09
3.987626e-08
9.182398e-08
1.847062e-07
4.285057e-07
1.147108e-06
2.124938e-06
3.748397e-06
6.009223e-06
1.517581e-05
2.258787e-05
3.527839e-05
6.935179e-05
1.043334e-04
1.861507e-04
4.564278e-04
6.088091e-04
7.695814e-04
1.310039e-03
1.793393e-03
2.150365e-03
3.264885e-03
4.759350e-03
4.758255e-03
4.757159e-03
5.736342e-03
6.436434e-03
9.770916e-03
1.120456e-02
1.195687e-02
1.220041e-02
1.245779e-02
1.617569e-02
1.872681e-02
2.046866e-02
1.836809e-02
2.353266e-02
2.912096e-02
2.516062e-02
3.133771e-02
3.579093e-02
3.614813e-02
4.337268e-02
4.951113e-02
4.183810e-02
4.051717e-02
5.009703e-02
5.786676e-02
5.806094e-02
4.850491e-02
5.243197e-02
5.592707e-02
6.533337e-02
6.709734e-02
6.451832e-02
5.671674e-02
6.100204e-02
7.204161e-02
7.025898e-02
7.010482e-02
6.974512e-02
6.166497e-02
6.998842e-02
7.527980e-02
7.681447e-02
7.657450e-02
6.966726e-02
7.028132e-02
7.252873e-02
7.849467e-02
7.800711e-02
7.519396e-02
7.504854e-02
7.829031e-02
7.995823e-02
8.082652e-02
8.086529e-02
7.894134e-02
7.787310e-02
7.760029e-02
7.756998e-02
7.983892e-02
8.155747e-02
8.131933e-02
7.966386e-02
8.063859e-02
8.236429e-02
8.246408e-02
8.221223e-02
8.206644e-02
8.042193e-02
8.144730e-02
8.241977e-02
8.273995e-02
8.262026e-02
8.305933e-02
8.320307e-02
8.348044e-02
8.361912e-02
8.365414e-02
8.414482e-02
8.518197e-02
8.541915e-02
8.541836e-02
8.545091e-02
