9.203832e-08
1.595974e-07
3.400777e-07
5.198824e-07
9.394511e-07
1.961102e-06
3.084714e-06
5.199086e-06
1.043341e-05
1.818894e-05
2.440158e-05
4.275460e-05
8.338338e-05
1.243868e-04
1.712104e-04
2.582591e-04
4.129715e-04
5.494571e-04
7.190115e-04
8.963023e-04
1.403093e-03
1.688704e-03
2.090713e-03
2.867268e-03
3.500466e-03
4.585216e-03
7.097832e-03
8.100819e-03
9.098645e-03
1.178689e-02
1.373943e-02
1.491237e-02
1.830265e-02
2.205703e-02
2.198089e-02
2.190474e-02
2.394256e-02
2.541183e-02
3.098469e-02
3.310548e-02
3.419462e-02
3.453600e-02
3.480767e-02
3.958721e-02
4.224754e-02
4.439454e-02
4.191418e-02
4.733195e-02
5.259550e-02
4.878797e-02
5.442303e-02
5.811841e-02
5.821692e-02
6.361859e-02
6.795572e-02
6.240923e-02
6.143410e-02
6.820587e-02
7.318293e-02
7.323708e-02
6.696832e-02
6.960206e-02
7.186717e-02
7.747681e-02
7.840339e-02
7.687351e-02
7.216491e-02
7.474300e-02
8.118150e-02
7.996143e-02
7.988199e-02
7.969662e-02
7.503163e-02
7.983587e-02
8.265261e-02
8.340006e-02
8.325133e-02
7.949971e-02
7.983588e-02
8.108725e-02
8.413602e-02
8.387049e-02
8.239236e-02
8.236834e-02
8.403725e-02
8.482578e-02
8.526539e-02
8.527317e-02
8.428328e-02
8.363975e-02
8.359040e-02
8.358492e-02
8.471762e-02
8.552977e-02
8.542496e-02
8.454799e-02
8.505125e-02
8.586860e-02
8.591727e-02
8.580400e-02
8.570216e-02
8.485371e-02
8.537863e-02
8.587040e-02
8.600838e-02
8.595200e-02
8.615993e-02
8.627698e-02
8.639976e-02
8.648577e-02
8.651002e-02
8.678715e-02
8.738533e-02
8.731433e-02
8.731215e-02
8.717784e-02
