3.086392e-08
5.495395e-08
1.196664e-07
1.872860e-07
3.450745e-07
7.456440e-07
1.204168e-06
2.105032e-06
4.468637e-06
7.978480e-06
1.117279e-05
2.010038e-05
4.091281e-05
6.270040e-05
8.967912e-05
1.377326e-04
2.274590e-04
3.114962e-04
4.159685e-04
5.290691e-04
8.471847e-04
1.037507e-03
1.298804e-03
1.828457e-03
2.253135e-03
3.019010e-03
4.772634e-03
5.521371e-03
6.224629e-03
8.181490e-03
9.601640e-03
1.053329e-02
1.303152e-02
1.579333e-02
1.579108e-02
1.578884e-02
1.736825e-02
1.842493e-02
2.277180e-02
2.444416e-02
2.527243e-02
2.553962e-02
2.581443e-02
2.949585e-02
3.178635e-02
3.327040e-02
3.148396e-02
3.568764e-02
3.983764e-02
3.698046e-02
4.137104e-02
4.428723e-02
4.449637e-02
4.880008e-02
5.225006e-02
4.796869e-02
4.720121e-02
5.257860e-02
5.657189e-02
5.667551e-02
5.174657e-02
5.383766e-02
5.563794e-02
6.018277e-02
6.099888e-02
5.981564e-02
5.605936e-02
5.815294e-02
6.338416e-02
6.247143e-02
6.240574e-02
6.225247e-02
5.852389e-02
6.238540e-02
6.470239e-02
6.535760e-02
6.526071e-02
6.227475e-02
6.254984e-02
6.355069e-02
6.610712e-02
6.590158e-02
6.473301e-02
6.469795e-02
6.608090e-02
6.676195e-02
6.713796e-02
6.716327e-02
6.637103e-02
6.587686e-02
6.583411e-02
6.582937e-02
6.677890e-02
6.747018e-02
6.739250e-02
6.671862e-02
6.712759e-02
6.785706e-02
6.791175e-02
6.782452e-02
6.776019e-02
6.708774e-02
6.752307e-02
6.794101e-02
6.809504e-02
6.806286e-02
6.824905e-02
6.837827e-02
6.852283e-02
6.862709e-02
6.865655e-02
6.904832e-02
6.987914e-02
7.006833e-02
7.006747e-02
7.008538e-02
