0.000000e+00
7.822081e-56
-9.421496e-50
-7.593325e-48
2.290247e-44
-5.716760e-39
-1.939171e-32
-2.855676e-28
4.334976e-09
1.179935e-08
2.055649e-08
5.681825e-08
1.946031e-07
4.076699e-07
7.491851e-07
1.594426e-06
3.829163e-06
6.572413e-06
1.087077e-05
1.646203e-05
3.776280e-05
5.357766e-05
7.971008e-05
1.448755e-04
2.088761e-04
3.475835e-04
7.754570e-04
9.967388e-04
1.229454e-03
1.978363e-03
2.619588e-03
3.059364e-03
4.449341e-03
6.243847e-03
6.222786e-03
6.201725e-03
7.318508e-03
8.129925e-03
1.174723e-02
1.325381e-02
1.404731e-02
1.430031e-02
1.453687e-02
1.836260e-02
2.091067e-02
2.263355e-02
2.046564e-02
2.554556e-02
3.090067e-02
2.702917e-02
3.292792e-02
3.706694e-02
3.730639e-02
4.388455e-02
4.940289e-02
4.240081e-02
4.118740e-02
4.981900e-02
5.665672e-02
5.676924e-02
4.826861e-02
5.176711e-02
5.485445e-02
6.299035e-02
6.443641e-02
6.217464e-02
5.539207e-02
5.909868e-02
6.878877e-02
6.695320e-02
6.682336e-02
6.652038e-02
5.956527e-02
6.672812e-02
7.116769e-02
7.240695e-02
7.218034e-02
6.631519e-02
6.683461e-02
6.875310e-02
7.368783e-02
7.326961e-02
7.089561e-02
7.080963e-02
7.349990e-02
7.484634e-02
7.555725e-02
7.557867e-02
7.396866e-02
7.294317e-02
7.282974e-02
7.281714e-02
7.468589e-02
7.608104e-02
7.589109e-02
7.448088e-02
7.529695e-02
7.668376e-02
7.675987e-02
7.655793e-02
7.641867e-02
7.503383e-02
7.588461e-02
7.668495e-02
7.692261e-02
7.681518e-02
7.716460e-02
7.728544e-02
7.748260e-02
7.758655e-02
7.761360e-02
7.794604e-02
7.865830e-02
7.871552e-02
7.871389e-02
7.865464e-02
