0.000000e+00
1.321728e-79
-2.291003e-73
3.749617e-72
1.857501e-67
-6.578529e-62
-2.867565e-56
2.437854e-51
5.643511e-45
6.279252e-39
5.702558e-33
2.191456e-27
1.495525e-09
3.519962e-09
7.393191e-09
1.839847e-08
5.562875e-08
1.130918e-07
2.197175e-07
3.842295e-07
1.176599e-06
1.909403e-06
3.312614e-06
7.668208e-06
1.274189e-05
2.633212e-05
8.152080e-05
1.172961e-04
1.576962e-04
3.089538e-04
4.608578e-04
5.790524e-04
9.867089e-04
1.598169e-03
1.595293e-03
1.592417e-03
2.020381e-03
2.343738e-03
3.992212e-03
4.746192e-03
5.157911e-03
5.290750e-03
5.427588e-03
7.581858e-03
9.141747e-03
1.024015e-02
8.897008e-03
1.224475e-02
1.604906e-02
1.328723e-02
1.761018e-02
2.087276e-02
2.112043e-02
2.668790e-02
3.158397e-02
2.542640e-02
2.439760e-02
3.202836e-02
3.852126e-02
3.867047e-02
3.068667e-02
3.390966e-02
3.683630e-02
4.494815e-02
4.648643e-02
4.419117e-02
3.745080e-02
4.112170e-02
5.115546e-02
4.924292e-02
4.910370e-02
4.877885e-02
4.163850e-02
4.898891e-02
5.378186e-02
5.517802e-02
5.494615e-02
4.864906e-02
4.920387e-02
5.123442e-02
5.667685e-02
5.621994e-02
5.361750e-02
5.348985e-02
5.646732e-02
5.800329e-02
5.880785e-02
5.883829e-02
5.703707e-02
5.590817e-02
5.577602e-02
5.576134e-02
5.785633e-02
5.945286e-02
5.922691e-02
5.766456e-02
5.857810e-02
6.017446e-02
6.026290e-02
6.002551e-02
5.988317e-02
5.833398e-02
5.928861e-02
6.018903e-02
6.046537e-02
6.034300e-02
6.074186e-02
6.085582e-02
6.108892e-02
6.119641e-02
6.122309e-02
6.156540e-02
6.229295e-02
6.245710e-02
6.245619e-02
6.246624e-02
