1.816580e-07
2.982628e-07
5.878306e-07
8.559410e-07
1.481568e-06
2.902140e-06
4.404351e-06
7.159191e-06
1.376043e-05
2.297446e-05
3.055580e-05
5.136013e-05
9.592841e-05
1.394399e-04
1.895612e-04
2.773069e-04
4.306783e-04
5.649513e-04
7.273218e-04
8.957523e-04
1.357758e-03
1.618132e-03
1.971147e-03
2.654817e-03
3.191488e-03
4.112246e-03
6.155528e-03
6.975197e-03
7.753579e-03
9.858743e-03
1.134980e-02
1.227006e-02
1.480559e-02
1.755082e-02
1.752104e-02
1.749126e-02
1.900434e-02
2.003909e-02
2.408381e-02
2.560963e-02
2.637171e-02
2.661406e-02
2.683551e-02
3.017767e-02
3.221205e-02
3.352435e-02
3.187421e-02
3.559516e-02
3.920046e-02
3.665979e-02
4.048147e-02
4.296642e-02
4.309178e-02
4.672228e-02
4.961185e-02
4.596742e-02
4.530786e-02
4.982576e-02
5.312943e-02
5.318777e-02
4.906190e-02
5.080670e-02
5.229922e-02
5.601493e-02
5.665167e-02
5.566479e-02
5.256653e-02
5.427773e-02
5.852158e-02
5.775479e-02
5.770080e-02
5.757482e-02
5.452041e-02
5.767680e-02
5.953290e-02
6.003623e-02
5.994717e-02
5.751630e-02
5.773687e-02
5.855070e-02
6.056656e-02
6.039515e-02
5.944795e-02
5.943217e-02
6.053031e-02
6.105407e-02
6.135068e-02
6.136192e-02
6.072203e-02
6.031385e-02
6.028081e-02
6.027714e-02
6.102812e-02
6.155724e-02
6.149523e-02
6.094187e-02
6.126541e-02
6.182225e-02
6.186278e-02
6.179277e-02
6.173014e-02
6.118225e-02
6.152859e-02
6.185531e-02
6.196133e-02
6.193117e-02
6.206401e-02
6.217244e-02
6.226866e-02
6.234566e-02
6.236818e-02
6.262331e-02
6.317418e-02
6.321479e-02
6.321324e-02
6.315655e-02
