1.363577e-08
2.522086e-08
5.866611e-08
9.616500e-08
1.836675e-07
4.212969e-07
7.014687e-07
1.267429e-06
2.790423e-06
5.224715e-06
7.291249e-06
1.377307e-05
2.940175e-05
4.630140e-05
6.656900e-05
1.062128e-04
1.810362e-04
2.504602e-04
3.399999e-04
4.367872e-04
7.270065e-04
8.974359e-04
1.144349e-03
1.639305e-03
2.057331e-03
2.795566e-03
4.592926e-03
5.338430e-03
6.091287e-03
8.175613e-03
9.727320e-03
1.067580e-02
1.347572e-02
1.666090e-02
1.659459e-02
1.652827e-02
1.828492e-02
1.957015e-02
2.451711e-02
2.643073e-02
2.742045e-02
2.773071e-02
2.797799e-02
3.238424e-02
3.511963e-02
3.688960e-02
3.455366e-02
3.968341e-02
4.473122e-02
4.106480e-02
4.649990e-02
5.010204e-02
5.020496e-02
5.554144e-02
5.986287e-02
5.433272e-02
5.336547e-02
6.011121e-02
6.512833e-02
6.518296e-02
5.886710e-02
6.151001e-02
6.379288e-02
6.949816e-02
7.044254e-02
6.887238e-02
6.409088e-02
6.670950e-02
7.329135e-02
7.204068e-02
7.195790e-02
7.176474e-02
6.699359e-02
7.190394e-02
7.480176e-02
7.557576e-02
7.542098e-02
7.155552e-02
7.189932e-02
7.318480e-02
7.633276e-02
7.605726e-02
7.452771e-02
7.450009e-02
7.622293e-02
7.704324e-02
7.749841e-02
7.750444e-02
7.647863e-02
7.581089e-02
7.575828e-02
7.575244e-02
7.692477e-02
7.777043e-02
7.766093e-02
7.674950e-02
7.727306e-02
7.812012e-02
7.816915e-02
7.804962e-02
7.794654e-02
7.706449e-02
7.760776e-02
7.811432e-02
7.825164e-02
7.818995e-02
7.840079e-02
7.851282e-02
7.863274e-02
7.871277e-02
7.873531e-02
7.898302e-02
7.952031e-02
7.945491e-02
7.945281e-02
7.932750e-02
