0.000000e+00
-7.783775e-45
7.851935e-39
-7.824384e-37
8.594462e-33
3.133356e-27
2.563607e-09
5.819669e-09
1.782727e-08
4.212294e-08
7.021227e-08
1.729057e-07
5.209773e-07
1.014851e-06
1.777024e-06
3.495076e-06
7.726673e-06
1.270419e-05
2.009606e-05
2.942945e-05
6.232467e-05
8.600832e-05
1.233267e-04
2.130933e-04
2.971747e-04
4.747836e-04
9.854289e-04
1.243982e-03
1.505887e-03
2.325281e-03
3.002750e-03
3.478677e-03
4.888308e-03
6.646697e-03
6.642974e-03
6.639251e-03
7.730565e-03
8.494709e-03
1.192258e-02
1.333483e-02
1.406153e-02
1.429600e-02
1.453755e-02
1.798759e-02
2.026782e-02
2.179304e-02
1.994231e-02
2.439262e-02
2.904287e-02
2.576980e-02
3.083069e-02
3.436550e-02
3.462670e-02
4.015956e-02
4.476044e-02
3.901133e-02
3.800619e-02
4.518579e-02
5.081524e-02
5.095163e-02
4.400592e-02
4.689148e-02
4.942761e-02
5.608486e-02
5.730403e-02
5.550726e-02
4.998715e-02
5.303055e-02
6.091816e-02
5.948553e-02
5.938102e-02
5.913714e-02
5.351036e-02
5.931387e-02
6.291822e-02
6.394993e-02
6.378736e-02
5.909152e-02
5.951251e-02
6.105612e-02
6.508245e-02
6.475370e-02
6.286935e-02
6.278675e-02
6.497110e-02
6.607485e-02
6.665937e-02
6.668933e-02
6.540571e-02
6.460046e-02
6.451233e-02
6.450254e-02
6.601851e-02
6.714994e-02
6.700228e-02
6.589843e-02
6.655384e-02
6.770547e-02
6.777730e-02
6.761801e-02
6.751764e-02
6.642266e-02
6.711152e-02
6.776353e-02
6.798050e-02
6.790785e-02
6.819696e-02
6.832536e-02
6.851662e-02
6.862709e-02
6.865655e-02
6.904832e-02
6.987914e-02
7.006833e-02
7.006747e-02
7.008538e-02
