0.000000e+00
-6.775088e-63
-2.048617e-56
1.256631e-54
-8.519438e-51
4.721172e-46
2.084235e-39
1.692712e-35
6.212280e-29
2.558518e-10
4.227088e-10
1.025614e-09
3.045212e-09
5.869065e-09
1.025847e-08
2.016954e-08
4.541063e-08
7.603808e-08
1.234024e-07
1.858299e-07
4.327008e-07
6.292900e-07
9.725115e-07
1.959449e-06
3.050145e-06
5.882247e-06
1.778072e-05
2.568712e-05
3.501743e-05
7.221610e-05
1.124648e-04
1.435945e-04
2.640497e-04
4.631075e-04
4.596009e-04
4.560943e-04
6.003742e-04
7.172920e-04
1.337566e-03
1.634635e-03
1.805228e-03
1.859440e-03
1.908684e-03
2.849911e-03
3.561997e-03
4.079403e-03
3.417834e-03
5.041284e-03
6.965521e-03
5.508904e-03
7.762314e-03
9.530453e-03
9.624916e-03
1.279149e-02
1.567462e-02
1.198697e-02
1.139143e-02
1.587418e-02
1.986406e-02
1.991919e-02
1.498868e-02
1.693605e-02
1.873987e-02
2.385308e-02
2.480145e-02
2.328404e-02
1.901612e-02
2.130771e-02
2.776109e-02
2.645666e-02
2.636640e-02
2.615577e-02
2.154287e-02
2.628832e-02
2.942181e-02
3.031355e-02
3.014022e-02
2.595885e-02
2.632324e-02
2.766385e-02
3.121152e-02
3.089554e-02
2.914643e-02
2.908627e-02
3.105124e-02
3.204717e-02
3.258032e-02
3.258917e-02
3.137020e-02
3.059666e-02
3.051514e-02
3.050609e-02
3.189243e-02
3.294049e-02
3.279222e-02
3.171189e-02
3.233015e-02
3.337055e-02
3.342493e-02
3.326797e-02
3.315621e-02
3.209630e-02
3.273477e-02
3.333158e-02
3.348342e-02
3.339032e-02
3.363676e-02
3.370858e-02
3.382878e-02
3.388143e-02
3.389505e-02
3.400324e-02
3.424416e-02
3.424397e-02
3.424257e-02
3.418628e-02
