1.646888e-07
2.534086e-07
4.586945e-07
6.360076e-07
1.049762e-06
1.945082e-06
2.872298e-06
4.550544e-06
8.555588e-06
1.403303e-05
1.871594e-05
3.112027e-05
5.794876e-05
8.438542e-05
1.156465e-04
1.694399e-04
2.651262e-04
3.509626e-04
4.548199e-04
5.641830e-04
8.630601e-04
1.035609e-03
1.268835e-03
1.727751e-03
2.088633e-03
2.720617e-03
4.127978e-03
4.708676e-03
5.253792e-03
6.740358e-03
7.800668e-03
8.479598e-03
1.030077e-02
1.228371e-02
1.227554e-02
1.226737e-02
1.337899e-02
1.412753e-02
1.713141e-02
1.827471e-02
1.884110e-02
1.902283e-02
1.920194e-02
2.169462e-02
2.322768e-02
2.421570e-02
2.300842e-02
2.580551e-02
2.853595e-02
2.664521e-02
2.953104e-02
3.142851e-02
3.154892e-02
3.432333e-02
3.653735e-02
3.378119e-02
3.328410e-02
3.673455e-02
3.927263e-02
3.933420e-02
3.619184e-02
3.752706e-02
3.867268e-02
4.153812e-02
4.204521e-02
4.129927e-02
3.892406e-02
4.024598e-02
4.352696e-02
4.295330e-02
4.291274e-02
4.281810e-02
4.047362e-02
4.290408e-02
4.434643e-02
4.474752e-02
4.468695e-02
4.282444e-02
4.299693e-02
4.362502e-02
4.520292e-02
4.507241e-02
4.435017e-02
4.433821e-02
4.519786e-02
4.561097e-02
4.584716e-02
4.586262e-02
4.536985e-02
4.506261e-02
4.504131e-02
4.503894e-02
4.562679e-02
4.604213e-02
4.599959e-02
4.558109e-02
4.583451e-02
4.628618e-02
4.632382e-02
4.627343e-02
4.622776e-02
4.580830e-02
4.608027e-02
4.633920e-02
4.642970e-02
4.641160e-02
4.651575e-02
4.661604e-02
4.670379e-02
4.677510e-02
4.679611e-02
4.704230e-02
4.756767e-02
4.768145e-02
4.768045e-02
4.767437e-02
