1.086899e-05
1.615469e-05
2.761845e-05
3.630000e-05
5.655814e-05
9.457216e-05
1.299166e-04
1.874992e-04
3.069339e-04
4.507237e-04
5.603482e-04
8.232492e-04
1.308646e-03
1.726548e-03
2.174942e-03
2.876209e-03
3.983294e-03
4.876813e-03
5.880679e-03
6.865846e-03
9.321341e-03
1.062257e-02
1.227568e-02
1.531599e-02
1.753421e-02
2.116493e-02
2.848773e-02
3.124668e-02
3.366258e-02
4.038478e-02
4.479719e-02
4.750933e-02
5.455565e-02
6.180954e-02
6.177705e-02
6.174455e-02
6.568758e-02
6.825536e-02
7.824887e-02
8.191979e-02
8.370142e-02
8.427345e-02
8.484036e-02
9.250049e-02
9.706972e-02
9.999289e-02
9.643970e-02
1.045745e-01
1.123273e-01
1.069955e-01
1.150455e-01
1.202382e-01
1.205821e-01
1.279900e-01
1.337893e-01
1.265472e-01
1.252121e-01
1.342941e-01
1.408034e-01
1.409443e-01
1.328538e-01
1.363122e-01
1.392474e-01
1.464977e-01
1.477563e-01
1.458812e-01
1.398745e-01
1.432257e-01
1.514227e-01
1.499920e-01
1.498893e-01
1.496499e-01
1.437814e-01
1.498622e-01
1.534211e-01
1.544036e-01
1.542483e-01
1.496391e-01
1.500636e-01
1.516160e-01
1.555056e-01
1.551912e-01
1.534003e-01
1.533553e-01
1.554485e-01
1.564760e-01
1.570363e-01
1.570668e-01
1.558697e-01
1.551151e-01
1.550420e-01
1.550339e-01
1.564669e-01
1.575049e-01
1.573828e-01
1.563531e-01
1.569654e-01
1.580393e-01
1.581132e-01
1.579816e-01
1.578802e-01
1.568545e-01
1.575191e-01
1.581646e-01
1.584252e-01
1.583827e-01
1.586926e-01
1.588965e-01
1.591361e-01
1.593149e-01
1.593643e-01
1.600908e-01
1.616195e-01
1.617245e-01
1.617224e-01
1.616299e-01
