0.000000e+00
-1.242662e-79
3.805441e-73
-1.206245e-71
1.485131e-67
-7.828146e-62
-3.676060e-56
-4.627746e-51
1.874784e-45
7.857675e-39
-5.222580e-33
-1.015264e-27
9.344882e-10
1.938681e-09
3.602038e-09
7.661537e-09
1.897758e-08
3.381033e-08
5.836209e-08
9.273527e-08
2.431569e-07
3.729629e-07
6.157162e-07
1.370142e-06
2.264735e-06
4.746149e-06
1.609618e-05
2.402179e-05
3.354572e-05
7.250086e-05
1.157573e-04
1.497309e-04
2.827598e-04
5.061449e-04
5.022941e-04
4.984433e-04
6.621041e-04
7.954282e-04
1.508891e-03
1.853205e-03
2.051445e-03
2.114524e-03
2.172471e-03
3.271187e-03
4.106846e-03
4.715797e-03
3.940001e-03
5.853293e-03
8.131257e-03
6.408743e-03
9.079620e-03
1.118400e-02
1.130158e-02
1.508382e-02
1.853498e-02
1.412504e-02
1.341424e-02
1.878109e-02
2.357382e-02
2.364301e-02
1.772627e-02
2.006181e-02
2.222837e-02
2.839178e-02
2.953636e-02
2.770919e-02
2.256975e-02
2.533115e-02
3.312540e-02
3.154841e-02
3.143947e-02
3.118527e-02
2.562124e-02
3.134752e-02
3.514215e-02
3.622490e-02
3.600588e-02
3.095688e-02
3.139837e-02
3.301876e-02
3.732545e-02
3.694345e-02
3.482140e-02
3.474502e-02
3.712789e-02
3.834237e-02
3.898868e-02
3.900110e-02
3.752152e-02
3.658468e-02
3.648405e-02
3.647287e-02
3.815637e-02
3.943667e-02
3.925481e-02
3.794420e-02
3.869546e-02
3.996128e-02
4.002666e-02
3.983368e-02
3.970100e-02
3.841620e-02
3.919118e-02
3.991804e-02
4.010798e-02
3.999435e-02
4.030119e-02
4.038013e-02
4.053020e-02
4.059342e-02
4.060923e-02
4.075221e-02
4.106749e-02
4.107820e-02
4.107673e-02
4.102132e-02
