3.537921e-10
6.121275e-10
1.298640e-09
2.002588e-09
3.645228e-09
7.785925e-09
1.251358e-08
2.200582e-08
4.799067e-08
9.010424e-08
1.284856e-07
2.546469e-07
6.048055e-07
1.038415e-06
1.629131e-06
2.935320e-06
5.910193e-06
9.153548e-06
1.389360e-05
1.965238e-05
4.024211e-05
5.433529e-05
7.710119e-05
1.300542e-04
1.807551e-04
2.840062e-04
5.899671e-04
7.380619e-04
8.969984e-04
1.386586e-03
1.797952e-03
2.064918e-03
2.924997e-03
4.018059e-03
3.994152e-03
3.970244e-03
4.619334e-03
5.111746e-03
7.175385e-03
8.022517e-03
8.475916e-03
8.618166e-03
8.732501e-03
1.087643e-02
1.228247e-02
1.322292e-02
1.198245e-02
1.476892e-02
1.765640e-02
1.552352e-02
1.871162e-02
2.092656e-02
2.099322e-02
2.445072e-02
2.734586e-02
2.363069e-02
2.299457e-02
2.750818e-02
3.103773e-02
3.107376e-02
2.664643e-02
2.846557e-02
3.006821e-02
3.421407e-02
3.491823e-02
3.374569e-02
3.027054e-02
3.215853e-02
3.705784e-02
3.610494e-02
3.604092e-02
3.589153e-02
3.234510e-02
3.599102e-02
3.820473e-02
3.880188e-02
3.867977e-02
3.571609e-02
3.597669e-02
3.695082e-02
3.937506e-02
3.915892e-02
3.796987e-02
3.794430e-02
3.927985e-02
3.992093e-02
4.027461e-02
4.027845e-02
3.947054e-02
3.894662e-02
3.890229e-02
3.889737e-02
3.981492e-02
4.047778e-02
4.038955e-02
3.967169e-02
4.008056e-02
4.074675e-02
4.078430e-02
4.068816e-02
4.060433e-02
3.990876e-02
4.033068e-02
4.071995e-02
4.081228e-02
4.075713e-02
4.090666e-02
4.098272e-02
4.105977e-02
4.110663e-02
4.112014e-02
4.122162e-02
4.145233e-02
4.140520e-02
4.140356e-02
4.131751e-02
