1.258879e-08
1.970443e-08
3.628670e-08
5.086778e-08
8.489229e-08
1.596143e-07
2.383617e-07
3.866653e-07
7.607917e-07
1.308552e-06
1.796802e-06
3.227780e-06
6.744585e-06
1.061975e-05
1.555024e-05
2.511855e-05
4.429582e-05
6.311444e-05
8.802994e-05
1.160190e-04
2.028718e-04
2.569681e-04
3.362988e-04
5.050132e-04
6.499992e-04
9.211579e-04
1.608739e-03
1.912252e-03
2.215331e-03
3.091308e-03
3.762698e-03
4.189817e-03
5.449224e-03
6.916948e-03
6.896684e-03
6.876420e-03
7.720283e-03
8.318099e-03
1.078227e-02
1.172148e-02
1.221339e-02
1.236932e-02
1.250775e-02
1.475104e-02
1.616579e-02
1.709467e-02
1.590972e-02
1.859475e-02
2.128322e-02
1.935294e-02
2.225561e-02
2.419983e-02
2.428931e-02
2.722826e-02
2.962026e-02
2.658261e-02
2.604319e-02
2.978161e-02
3.260604e-02
3.264959e-02
2.911869e-02
3.059638e-02
3.186714e-02
3.511140e-02
3.566868e-02
3.478478e-02
3.207302e-02
3.355913e-02
3.732377e-02
3.662386e-02
3.657458e-02
3.645959e-02
3.374386e-02
3.654264e-02
3.821703e-02
3.867046e-02
3.858558e-02
3.637426e-02
3.657145e-02
3.730480e-02
3.913000e-02
3.897149e-02
3.809858e-02
3.808078e-02
3.908103e-02
3.955914e-02
3.982814e-02
3.983472e-02
3.924135e-02
3.886287e-02
3.883027e-02
3.882664e-02
3.951292e-02
3.999925e-02
3.993864e-02
3.942188e-02
3.971998e-02
4.022542e-02
4.026012e-02
4.019257e-02
4.013221e-02
3.962301e-02
3.993709e-02
4.023015e-02
4.031153e-02
4.027734e-02
4.038636e-02
4.046924e-02
4.054048e-02
4.059342e-02
4.060923e-02
4.075221e-02
4.106749e-02
4.107820e-02
4.107673e-02
4.102132e-02
