6.782853e-04
8.487165e-04
1.148793e-03
1.318790e-03
1.715472e-03
2.289379e-03
2.740221e-03
3.365446e-03
4.449312e-03
5.522511e-03
6.285347e-03
7.776905e-03
1.007670e-02
1.178022e-02
1.347519e-02
1.572810e-02
1.888497e-02
2.122877e-02
2.360923e-02
2.581228e-02
3.060121e-02
3.299766e-02
3.578267e-02
4.057831e-02
4.377679e-02
4.876604e-02
5.762968e-02
6.087211e-02
6.357768e-02
7.030765e-02
7.454688e-02
7.724761e-02
8.346082e-02
8.934812e-02
8.948655e-02
8.962499e-02
9.285288e-02
9.484369e-02
1.025502e-01
1.053302e-01
1.066324e-01
1.070599e-01
1.075589e-01
1.129049e-01
1.160505e-01
1.180368e-01
1.158427e-01
1.212005e-01
1.262061e-01
1.229799e-01
1.280644e-01
1.313059e-01
1.316231e-01
1.360928e-01
1.395358e-01
1.354309e-01
1.346794e-01
1.399993e-01
1.437466e-01
1.439014e-01
1.393798e-01
1.413827e-01
1.430763e-01
1.471700e-01
1.479343e-01
1.469672e-01
1.436619e-01
1.455769e-01
1.501554e-01
1.494552e-01
1.494080e-01
1.492980e-01
1.461187e-01
1.494783e-01
1.514519e-01
1.520315e-01
1.519875e-01
1.495819e-01
1.498301e-01
1.506806e-01
1.528662e-01
1.527104e-01
1.518106e-01
1.518128e-01
1.529809e-01
1.535524e-01
1.539009e-01
1.539500e-01
1.533377e-01
1.529763e-01
1.529700e-01
1.529694e-01
1.537641e-01
1.543354e-01
1.543109e-01
1.538100e-01
1.541533e-01
1.548236e-01
1.548945e-01
1.548530e-01
1.548139e-01
1.542954e-01
1.546886e-01
1.550911e-01
1.553247e-01
1.553477e-01
1.555821e-01
1.558193e-01
1.560614e-01
1.562732e-01
1.563336e-01
1.572878e-01
1.592820e-01
1.597153e-01
1.597148e-01
1.598004e-01
