0.000000e+00
-1.706507e-74
1.501069e-67
-1.845330e-66
-6.867195e-62
-2.963151e-56
1.651685e-50
3.131026e-45
9.657076e-40
1.655096e-33
-2.500689e-27
1.319850e-09
4.491400e-09
9.605823e-09
1.842022e-08
4.194601e-08
1.140440e-07
2.158281e-07
3.958799e-07
6.590511e-07
1.874865e-06
2.933692e-06
4.920809e-06
1.079852e-05
1.749145e-05
3.455371e-05
1.015944e-04
1.428099e-04
1.896808e-04
3.608653e-04
5.294290e-04
6.534215e-04
1.091226e-03
1.737724e-03
1.728149e-03
1.718575e-03
2.155235e-03
2.492146e-03
4.132571e-03
4.868617e-03
5.274171e-03
5.403313e-03
5.522731e-03
7.617135e-03
9.106677e-03
1.015187e-02
8.826363e-03
1.200563e-02
1.556508e-02
1.293110e-02
1.697696e-02
1.998121e-02
2.014950e-02
2.522158e-02
2.965726e-02
2.400638e-02
2.306117e-02
2.998045e-02
3.579503e-02
3.588317e-02
2.867673e-02
3.158266e-02
3.420986e-02
4.139678e-02
4.270215e-02
4.063639e-02
3.464213e-02
3.788956e-02
4.670690e-02
4.497914e-02
4.485834e-02
4.457647e-02
3.826151e-02
4.476117e-02
4.892395e-02
5.010036e-02
4.987765e-02
4.434816e-02
4.483367e-02
4.662339e-02
5.129900e-02
5.089341e-02
4.861368e-02
4.853156e-02
5.109927e-02
5.239638e-02
5.308348e-02
5.309846e-02
5.153288e-02
5.053698e-02
5.042822e-02
5.041614e-02
5.221440e-02
5.357103e-02
5.338157e-02
5.200053e-02
5.279569e-02
5.413770e-02
5.420855e-02
5.400732e-02
5.386979e-02
5.251575e-02
5.333903e-02
5.410953e-02
5.432222e-02
5.420896e-02
5.453802e-02
5.463427e-02
5.480507e-02
5.488492e-02
5.490512e-02
5.512209e-02
5.559280e-02
5.562416e-02
5.562265e-02
5.556661e-02
