1.319576e-04
1.767252e-04
2.630446e-04
3.181544e-04
4.467513e-04
6.531746e-04
8.260756e-04
1.082419e-03
1.557593e-03
2.072321e-03
2.435467e-03
3.235955e-03
4.557603e-03
5.593901e-03
6.636963e-03
8.159190e-03
1.037886e-02
1.205605e-02
1.384635e-02
1.552869e-02
1.946327e-02
2.144246e-02
2.385649e-02
2.809349e-02
3.104847e-02
3.568085e-02
4.445182e-02
4.763813e-02
5.044243e-02
5.755572e-02
6.214312e-02
6.492049e-02
7.190909e-02
7.886302e-02
7.883732e-02
7.881162e-02
8.250643e-02
8.488354e-02
9.390257e-02
9.716059e-02
9.872381e-02
9.922630e-02
9.972885e-02
1.063055e-01
1.101688e-01
1.126171e-01
1.096665e-01
1.164163e-01
1.227399e-01
1.184212e-01
1.249717e-01
1.290920e-01
1.293694e-01
1.351764e-01
1.396749e-01
1.340882e-01
1.330554e-01
1.400882e-01
1.450535e-01
1.451719e-01
1.390149e-01
1.416709e-01
1.439099e-01
1.493733e-01
1.503223e-01
1.489346e-01
1.444190e-01
1.469551e-01
1.530756e-01
1.520308e-01
1.519577e-01
1.517870e-01
1.474153e-01
1.519609e-01
1.545978e-01
1.553236e-01
1.552150e-01
1.518332e-01
1.521508e-01
1.533025e-01
1.561701e-01
1.559401e-01
1.546428e-01
1.546242e-01
1.561705e-01
1.569146e-01
1.573381e-01
1.573679e-01
1.564964e-01
1.559533e-01
1.559116e-01
1.559070e-01
1.569582e-01
1.577047e-01
1.576297e-01
1.568871e-01
1.573325e-01
1.581352e-01
1.581993e-01
1.581112e-01
1.580324e-01
1.572873e-01
1.577849e-01
1.582789e-01
1.584957e-01
1.584814e-01
1.587258e-01
1.589294e-01
1.591398e-01
1.593149e-01
1.593643e-01
1.600908e-01
1.616195e-01
1.617245e-01
1.617224e-01
1.616299e-01
