0.000000e+00
4.546323e-80
-7.959093e-74
2.975816e-72
2.611658e-68
3.931165e-62
-7.706582e-57
-1.671783e-51
1.403351e-45
2.538391e-39
-1.251102e-33
-1.853823e-29
3.594502e-10
7.778572e-10
1.515785e-09
3.325391e-09
8.590951e-09
1.583902e-08
2.796499e-08
4.539585e-08
1.212388e-07
1.887076e-07
3.141708e-07
7.144211e-07
1.191339e-06
2.567707e-06
9.072703e-06
1.388238e-05
1.966292e-05
4.421929e-05
7.245489e-05
9.595492e-05
1.880108e-04
3.483727e-04
3.468775e-04
3.453823e-04
4.682312e-04
5.679720e-04
1.132039e-03
1.412887e-03
1.574806e-03
1.626870e-03
1.679083e-03
2.600357e-03
3.320959e-03
3.852139e-03
3.193559e-03
4.878578e-03
6.934640e-03
5.395288e-03
7.823819e-03
9.785658e-03
9.926569e-03
1.353486e-02
1.687179e-02
1.264648e-02
1.197140e-02
1.715683e-02
2.189589e-02
2.199216e-02
1.617887e-02
1.846624e-02
2.060477e-02
2.680361e-02
2.800497e-02
2.617350e-02
2.101719e-02
2.379339e-02
3.174746e-02
3.015785e-02
3.004516e-02
2.978222e-02
2.413666e-02
2.994640e-02
3.387585e-02
3.502899e-02
3.482544e-02
2.962360e-02
3.007861e-02
3.173717e-02
3.624931e-02
3.585726e-02
3.366143e-02
3.356216e-02
3.605543e-02
3.735023e-02
3.803382e-02
3.805363e-02
3.651031e-02
3.554459e-02
3.543904e-02
3.542732e-02
3.719436e-02
3.855389e-02
3.835845e-02
3.700657e-02
3.778949e-02
3.914703e-02
3.921966e-02
3.901380e-02
3.888479e-02
3.754598e-02
3.836158e-02
3.912860e-02
3.934658e-02
3.923316e-02
3.956405e-02
3.965001e-02
3.982848e-02
3.990392e-02
3.992246e-02
4.012252e-02
4.055118e-02
4.063987e-02
4.063880e-02
4.062447e-02
