0.000000e+00
-1.214245e-74
5.491364e-68
-8.647087e-67
3.789681e-62
-7.915675e-58
-2.685815e-51
-5.815936e-47
1.641201e-40
-6.300650e-34
4.279570e-28
2.367389e-10
7.432830e-10
1.483011e-09
2.699978e-09
5.420872e-09
1.255297e-08
2.152402e-08
3.528235e-08
5.358211e-08
1.219585e-07
1.756931e-07
2.633228e-07
5.020775e-07
7.410802e-07
1.320134e-06
3.371646e-06
4.656250e-06
6.068791e-06
1.166502e-05
1.763883e-05
2.251974e-05
4.172095e-05
7.644930e-05
7.611423e-05
7.577916e-05
1.037590e-04
1.267608e-04
2.711268e-04
3.475701e-04
3.935236e-04
4.082605e-04
4.227256e-04
7.083183e-04
9.497465e-04
1.136359e-03
9.017832e-04
1.521505e-03
2.339224e-03
1.705672e-03
2.713280e-03
3.592249e-03
3.651724e-03
5.423117e-03
7.162648e-03
4.944128e-03
4.606446e-03
7.297886e-03
9.979724e-03
1.002665e-02
6.747896e-03
7.995855e-03
9.205607e-03
1.291376e-02
1.365262e-02
1.250174e-02
9.412035e-03
1.105254e-02
1.601565e-02
1.497858e-02
1.490578e-02
1.473589e-02
1.121998e-02
1.483631e-02
1.739605e-02
1.815569e-02
1.801401e-02
1.459888e-02
1.489381e-02
1.596716e-02
1.894316e-02
1.867401e-02
1.719991e-02
1.713949e-02
1.880464e-02
1.967401e-02
2.014052e-02
2.015060e-02
1.909204e-02
1.843248e-02
1.835976e-02
1.835169e-02
1.955008e-02
2.047245e-02
2.033918e-02
1.940312e-02
1.993977e-02
2.086610e-02
2.091597e-02
2.077400e-02
2.067843e-02
1.975033e-02
2.030932e-02
2.083478e-02
2.097079e-02
2.088821e-02
2.110401e-02
2.116395e-02
2.127337e-02
2.131738e-02
2.132854e-02
2.140812e-02
2.157941e-02
2.159933e-02
2.159820e-02
2.156114e-02
