1.331029e-06
1.776066e-06
2.676854e-06
3.305099e-06
4.771089e-06
7.387487e-06
9.755206e-06
1.358823e-05
2.158717e-05
3.160408e-05
3.894872e-05
5.820001e-05
9.556810e-05
1.293937e-04
1.657149e-04
2.280809e-04
3.308839e-04
4.161064e-04
5.168204e-04
6.179564e-04
8.911135e-04
1.037786e-03
1.236787e-03
1.607242e-03
1.896790e-03
2.374407e-03
3.422150e-03
3.822451e-03
4.213273e-03
5.240099e-03
5.961133e-03
6.384902e-03
7.587168e-03
8.878807e-03
8.853253e-03
8.827698e-03
9.514688e-03
1.000100e-02
1.182048e-02
1.249937e-02
1.284280e-02
1.295029e-02
1.303460e-02
1.452724e-02
1.542346e-02
1.599618e-02
1.524033e-02
1.687910e-02
1.844243e-02
1.731200e-02
1.897914e-02
2.004829e-02
2.007364e-02
2.162296e-02
2.285404e-02
2.127820e-02
2.099087e-02
2.291394e-02
2.430716e-02
2.432193e-02
2.256229e-02
2.329907e-02
2.392903e-02
2.547995e-02
2.573438e-02
2.531224e-02
2.400388e-02
2.471514e-02
2.647469e-02
2.614717e-02
2.612393e-02
2.606970e-02
2.478563e-02
2.610519e-02
2.686633e-02
2.706176e-02
2.701961e-02
2.600390e-02
2.609314e-02
2.643194e-02
2.723701e-02
2.716067e-02
2.677061e-02
2.677083e-02
2.722037e-02
2.741885e-02
2.754205e-02
2.754212e-02
2.727104e-02
2.709781e-02
2.708764e-02
2.708651e-02
2.738997e-02
2.758372e-02
2.756030e-02
2.732549e-02
2.745539e-02
2.767194e-02
2.769055e-02
2.766258e-02
2.762486e-02
2.739264e-02
2.753323e-02
2.766147e-02
2.768631e-02
2.767264e-02
2.770115e-02
2.776369e-02
2.778834e-02
2.781751e-02
2.782747e-02
2.787492e-02
2.799028e-02
2.794247e-02
2.794098e-02
2.786529e-02
