1.764413e-15
4.666640e-15
1.672705e-14
4.042054e-14
9.570855e-14
3.360841e-13
7.299384e-13
1.831186e-12
6.274845e-12
1.583737e-11
2.736479e-11
7.168702e-11
2.323318e-10
4.706414e-10
8.563069e-10
1.755645e-09
4.120611e-09
7.055839e-09
1.160184e-08
1.759040e-08
4.033465e-08
5.784023e-08
8.653023e-08
1.630685e-07
2.389195e-07
4.158127e-07
1.004919e-06
1.343748e-06
1.701074e-06
3.002947e-06
4.221718e-06
5.135429e-06
8.316519e-06
1.310436e-05
1.309982e-05
1.309527e-05
1.665606e-05
1.913649e-05
3.439843e-05
4.183285e-05
4.599172e-05
4.733686e-05
4.874877e-05
7.540083e-05
9.829055e-05
1.165881e-04
9.367193e-05
1.581299e-04
2.530767e-04
1.758550e-04
3.014996e-04
4.301129e-04
4.403314e-04
7.802051e-04
1.180310e-03
6.657987e-04
5.976549e-04
1.205691e-03
2.018035e-03
2.027543e-03
1.053886e-03
1.382541e-03
1.743456e-03
3.118823e-03
3.431645e-03
2.929701e-03
1.790920e-03
2.368747e-03
4.533069e-03
4.005555e-03
3.969757e-03
3.886225e-03
2.391759e-03
3.927431e-03
5.236437e-03
5.651770e-03
5.564038e-03
3.786459e-03
3.933962e-03
4.459666e-03
6.070052e-03
5.906359e-03
5.067052e-03
5.036330e-03
5.971501e-03
6.484475e-03
6.768984e-03
6.770010e-03
6.116384e-03
5.721484e-03
5.678229e-03
5.673424e-03
6.380672e-03
6.944512e-03
6.857934e-03
6.266581e-03
6.596045e-03
7.166932e-03
7.195745e-03
7.102533e-03
7.034917e-03
6.443375e-03
6.789212e-03
7.117607e-03
7.188523e-03
7.128610e-03
7.256663e-03
7.286027e-03
7.338142e-03
7.352495e-03
7.356077e-03
7.326860e-03
7.261795e-03
7.192111e-03
7.190899e-03
7.121156e-03
