7.698555e-17
2.352068e-16
9.983653e-16
2.858841e-15
7.200203e-15
2.994959e-14
7.241549e-14
2.064320e-13
8.411032e-13
2.373491e-12
4.491746e-12
1.322470e-11
4.976294e-11
1.105857e-10
2.202478e-10
4.915225e-10
1.285968e-09
2.379990e-09
4.178640e-09
6.718037e-09
1.700821e-08
2.564486e-08
4.038053e-08
8.276177e-08
1.269624e-07
2.385700e-07
6.418732e-07
8.955312e-07
1.166771e-06
2.206939e-06
3.238997e-06
4.069294e-06
7.008299e-06
1.175868e-05
1.177947e-05
1.180025e-05
1.556108e-05
1.830264e-05
3.658995e-05
4.626252e-05
5.197774e-05
5.383242e-05
5.582817e-05
9.496597e-05
1.313794e-04
1.616287e-04
1.240622e-04
2.336500e-04
4.017785e-04
2.651289e-04
4.903697e-04
7.253868e-04
7.444133e-04
1.345613e-03
2.035817e-03
1.153052e-03
1.035136e-03
2.088181e-03
3.420340e-03
3.441572e-03
1.840723e-03
2.397822e-03
2.994591e-03
5.158254e-03
5.640477e-03
4.883114e-03
3.088598e-03
4.012229e-03
7.301965e-03
6.534196e-03
6.481673e-03
6.359111e-03
4.074797e-03
6.424866e-03
8.345756e-03
8.951271e-03
8.831694e-03
6.240118e-03
6.458311e-03
7.237271e-03
9.580149e-03
9.351714e-03
8.152165e-03
8.103618e-03
9.449236e-03
1.018414e-02
1.058585e-02
1.059132e-02
9.675977e-03
9.119881e-03
9.058177e-03
9.051322e-03
1.005829e-02
1.086027e-02
1.073906e-02
9.917327e-03
1.038183e-02
1.119167e-02
1.123306e-02
1.110345e-02
1.101565e-02
1.019408e-02
1.068094e-02
1.114337e-02
1.125496e-02
1.117521e-02
1.136538e-02
1.140523e-02
1.149132e-02
1.151834e-02
1.152476e-02
1.153506e-02
1.155212e-02
1.151504e-02
1.151386e-02
1.145464e-02
