9.473108e-17
2.791829e-16
1.133721e-15
3.098875e-15
7.684501e-15
3.056630e-14
7.188400e-14
1.980188e-13
7.712249e-13
2.108127e-12
3.908823e-12
1.110764e-11
3.998760e-11
8.650633e-11
1.682981e-10
3.651058e-10
9.225549e-10
1.670015e-09
2.870688e-09
4.533764e-09
1.105248e-08
1.638650e-08
2.529887e-08
5.017099e-08
7.544654e-08
1.374279e-07
3.500628e-07
4.791052e-07
6.141516e-07
1.112747e-06
1.585416e-06
1.962385e-06
3.213887e-06
5.085197e-06
5.110023e-06
5.134850e-06
6.559628e-06
7.506074e-06
1.347994e-05
1.635556e-05
1.788690e-05
1.839275e-05
1.900772e-05
2.849010e-05
3.624401e-05
4.217647e-05
3.514765e-05
5.523433e-05
8.318671e-05
6.142952e-05
9.716047e-05
1.317597e-04
1.360892e-04
2.332057e-04
3.542560e-04
2.000347e-04
1.798006e-04
3.634267e-04
6.561299e-04
6.611311e-04
3.160460e-04
4.227164e-04
5.498227e-04
1.141184e-03
1.299760e-03
1.055651e-03
5.701735e-04
8.095025e-04
1.908367e-03
1.610549e-03
1.590244e-03
1.542862e-03
8.123352e-04
1.563905e-03
2.345910e-03
2.621710e-03
2.564637e-03
1.494156e-03
1.580279e-03
1.876918e-03
2.919048e-03
2.804802e-03
2.248800e-03
2.226083e-03
2.850186e-03
3.220911e-03
3.432596e-03
3.434849e-03
2.958653e-03
2.685479e-03
2.654318e-03
2.650856e-03
3.153693e-03
3.577420e-03
3.511146e-03
3.075737e-03
3.317771e-03
3.760437e-03
3.784206e-03
3.711380e-03
3.661207e-03
3.213859e-03
3.474717e-03
3.730126e-03
3.790761e-03
3.744391e-03
3.849306e-03
3.873458e-03
3.920244e-03
3.934677e-03
3.938237e-03
3.932872e-03
3.917111e-03
3.892789e-03
3.892008e-03
3.852282e-03
