1.880290e-13
4.072153e-13
1.155481e-12
2.243714e-12
4.783071e-12
1.340798e-11
2.532264e-11
5.345407e-11
1.459377e-10
3.183536e-10
4.925383e-10
1.105023e-09
2.953337e-09
5.340992e-09
8.725784e-09
1.611548e-08
3.320973e-08
5.215125e-08
7.964503e-08
1.133681e-07
2.332845e-07
3.175009e-07
4.519506e-07
7.825653e-07
1.100102e-06
1.788290e-06
3.982407e-06
5.160784e-06
6.438217e-06
1.094156e-05
1.518510e-05
1.821824e-05
2.954118e-05
4.768976e-05
4.734983e-05
4.700990e-05
6.038547e-05
7.105485e-05
1.347228e-04
1.671876e-04
1.867736e-04
1.929636e-04
1.983098e-04
3.217008e-04
4.269107e-04
5.092048e-04
4.016186e-04
6.807036e-04
1.058828e-03
7.556736e-04
1.231805e-03
1.661665e-03
1.681645e-03
2.592460e-03
3.521733e-03
2.320815e-03
2.144254e-03
3.572620e-03
5.074772e-03
5.088359e-03
3.248631e-03
3.929311e-03
4.605488e-03
6.747027e-03
7.168457e-03
6.471152e-03
4.683581e-03
5.616747e-03
8.550335e-03
7.900887e-03
7.856858e-03
7.754117e-03
5.673432e-03
7.808478e-03
9.354780e-03
9.805917e-03
9.709136e-03
7.617656e-03
7.794939e-03
8.444722e-03
1.023657e-02
1.006404e-02
9.149302e-03
9.120724e-03
1.013709e-02
1.065873e-02
1.094546e-02
1.094495e-02
1.027948e-02
9.861796e-03
9.819695e-03
9.815019e-03
1.054767e-02
1.110461e-02
1.102153e-02
1.042391e-02
1.075802e-02
1.131413e-02
1.134216e-02
1.125353e-02
1.118390e-02
1.059691e-02
1.094196e-02
1.126206e-02
1.132578e-02
1.126876e-02
1.138702e-02
1.142255e-02
1.146945e-02
1.148490e-02
1.148931e-02
1.146065e-02
1.140822e-02
1.133465e-02
1.133331e-02
1.125910e-02
