5.271937e-14
1.220890e-13
3.666274e-13
7.482720e-13
1.638828e-12
4.831848e-12
9.449727e-12
2.086177e-11
6.086791e-11
1.350308e-10
2.208391e-10
5.029434e-10
1.387582e-09
2.559962e-09
4.362884e-09
8.072463e-09
1.695612e-08
2.734678e-08
4.229662e-08
6.118383e-08
1.257899e-07
1.733933e-07
2.464747e-07
4.323340e-07
6.048114e-07
9.925063e-07
2.168960e-06
2.823924e-06
3.483540e-06
5.808573e-06
7.891446e-06
9.478111e-06
1.466682e-05
2.221403e-05
2.226606e-05
2.231809e-05
2.791041e-05
3.169444e-05
5.522013e-05
6.663966e-05
7.299708e-05
7.506280e-05
7.730652e-05
1.178150e-04
1.524750e-04
1.799119e-04
1.458160e-04
2.410483e-04
3.776129e-04
2.682037e-04
4.454370e-04
6.186104e-04
6.321963e-04
1.053661e-03
1.521661e-03
9.210468e-04
8.371442e-04
1.553764e-03
2.423762e-03
2.436406e-03
1.386102e-03
1.754920e-03
2.143580e-03
3.522051e-03
3.823313e-03
3.347099e-03
2.200614e-03
2.790587e-03
4.846772e-03
4.372230e-03
4.339289e-03
4.262423e-03
2.826815e-03
4.302053e-03
5.482959e-03
5.849579e-03
5.775948e-03
4.181550e-03
4.315618e-03
4.797379e-03
6.223896e-03
6.084299e-03
5.354523e-03
5.326744e-03
6.147022e-03
6.587957e-03
6.831574e-03
6.834400e-03
6.279539e-03
5.941229e-03
5.904503e-03
5.900423e-03
6.511468e-03
6.989468e-03
6.918200e-03
6.420883e-03
6.701088e-03
7.188880e-03
7.215401e-03
7.138575e-03
7.082652e-03
6.584146e-03
6.878849e-03
7.157031e-03
7.220219e-03
7.172386e-03
7.279064e-03
7.311938e-03
7.360600e-03
7.378279e-03
7.383076e-03
7.378236e-03
7.360597e-03
7.318254e-03
7.317178e-03
7.259933e-03
