7.823029e-09
1.037650e-08
1.534980e-08
1.857802e-08
2.611097e-08
3.843601e-08
4.882011e-08
6.451832e-08
9.476918e-08
1.281980e-07
1.526314e-07
2.076554e-07
3.041749e-07
3.831002e-07
4.672655e-07
5.920522e-07
7.885248e-07
9.475751e-07
1.122403e-06
1.295435e-06
1.726707e-06
1.959334e-06
2.251836e-06
2.822186e-06
3.236549e-06
3.949551e-06
5.464674e-06
6.082116e-06
6.641484e-06
8.266853e-06
9.407579e-06
1.014237e-05
1.222517e-05
1.458738e-05
1.460874e-05
1.463010e-05
1.611747e-05
1.692621e-05
2.148047e-05
2.324472e-05
2.407277e-05
2.434307e-05
2.464648e-05
2.926043e-05
3.239705e-05
3.454861e-05
3.188610e-05
3.854879e-05
4.615725e-05
4.037681e-05
4.919911e-05
5.562474e-05
5.627786e-05
6.948580e-05
8.190770e-05
6.566183e-05
6.260072e-05
8.227407e-05
1.020965e-04
1.023297e-04
7.776851e-05
8.648921e-05
9.493756e-05
1.234553e-04
1.294911e-04
1.201776e-04
9.581765e-05
1.080196e-04
1.474644e-04
1.389800e-04
1.382010e-04
1.363833e-04
1.079364e-04
1.366745e-04
1.582970e-04
1.645907e-04
1.631424e-04
1.337049e-04
1.359923e-04
1.447455e-04
1.697262e-04
1.670231e-04
1.542008e-04
1.536368e-04
1.684601e-04
1.757691e-04
1.802547e-04
1.801386e-04
1.698606e-04
1.637769e-04
1.629736e-04
1.628844e-04
1.739611e-04
1.812285e-04
1.800166e-04
1.712487e-04
1.757859e-04
1.843945e-04
1.851987e-04
1.838494e-04
1.822558e-04
1.728455e-04
1.780906e-04
1.828122e-04
1.831527e-04
1.822895e-04
1.822814e-04
1.846697e-04
1.848966e-04
1.854397e-04
1.857025e-04
1.829357e-04
1.777289e-04
1.753607e-04
1.752791e-04
1.716113e-04
