1.874140e-12
3.398767e-12
7.525132e-12
1.192017e-11
2.217585e-11
4.829629e-11
7.816267e-11
1.378336e-10
2.974541e-10
5.338761e-10
7.559941e-10
1.379550e-09
2.891159e-09
4.511093e-09
6.614468e-09
1.038769e-08
1.785635e-08
2.521171e-08
3.461686e-08
4.520611e-08
7.665726e-08
9.666662e-08
1.247446e-07
1.873541e-07
2.393057e-07
3.414254e-07
6.009759e-07
7.243424e-07
8.423345e-07
1.213929e-06
1.505732e-06
1.710543e-06
2.314161e-06
3.063601e-06
3.072616e-06
3.081632e-06
3.581567e-06
3.877523e-06
5.554705e-06
6.254374e-06
6.594627e-06
6.706932e-06
6.842735e-06
8.752509e-06
1.012056e-05
1.107594e-05
9.945339e-06
1.295309e-05
1.656519e-05
1.388329e-05
1.812415e-05
2.141785e-05
2.190980e-05
2.935586e-05
3.691871e-05
2.720223e-05
2.549988e-05
3.742164e-05
5.201427e-05
5.233759e-05
3.472043e-05
4.051051e-05
4.659392e-05
7.241258e-05
7.929695e-05
6.939191e-05
4.770209e-05
5.831090e-05
1.031860e-04
9.177923e-05
9.078607e-05
8.846854e-05
5.818133e-05
8.883029e-05
1.203984e-04
1.317146e-04
1.293174e-04
8.595258e-05
8.919867e-05
1.007493e-04
1.431530e-04
1.383101e-04
1.156544e-04
1.141793e-04
1.398793e-04
1.555558e-04
1.646074e-04
1.645730e-04
1.439727e-04
1.326784e-04
1.308359e-04
1.306312e-04
1.520939e-04
1.696717e-04
1.665447e-04
1.481752e-04
1.578747e-04
1.773173e-04
1.786279e-04
1.751957e-04
1.726453e-04
1.526851e-04
1.638901e-04
1.749717e-04
1.773294e-04
1.751812e-04
1.783019e-04
1.806461e-04
1.823706e-04
1.831533e-04
1.834260e-04
1.809714e-04
1.766243e-04
1.752423e-04
1.751682e-04
1.723671e-04
