7.123689e-16
1.824662e-15
6.427715e-15
1.523972e-14
3.580227e-14
1.242828e-13
2.675154e-13
6.595542e-13
2.200714e-12
5.584668e-12
9.375116e-12
2.463802e-11
7.927722e-11
1.600569e-10
2.849314e-10
5.881168e-10
1.371640e-09
2.319678e-09
3.794588e-09
5.711392e-09
1.311825e-08
1.865464e-08
2.796097e-08
5.191865e-08
7.613213e-08
1.307944e-07
3.137032e-07
4.147326e-07
5.252489e-07
9.102641e-07
1.267137e-06
1.525018e-06
2.418201e-06
3.718054e-06
3.709916e-06
3.701779e-06
4.614114e-06
5.258016e-06
8.897307e-06
1.057723e-05
1.147882e-05
1.177021e-05
1.207431e-05
1.739349e-05
2.153595e-05
2.459352e-05
2.080529e-05
3.091702e-05
4.412437e-05
3.388558e-05
5.023818e-05
6.469942e-05
6.650176e-05
1.053134e-04
1.549910e-04
9.211388e-05
8.385809e-05
1.598945e-04
3.138129e-04
3.186299e-04
1.398775e-04
1.895369e-04
2.590628e-04
7.166764e-04
8.809841e-04
6.483190e-04
2.773434e-04
4.659337e-04
7.710858e-04
1.356901e-03
1.338980e-03
1.297163e-03
4.808709e-04
1.382498e-03
1.019690e-03
1.184289e-03
1.154602e-03
1.084058e-03
1.130774e-03
9.279217e-04
1.419642e-03
1.346366e-03
1.006318e-03
1.000520e-03
1.406291e-03
1.675407e-03
1.847361e-03
1.863422e-03
1.520811e-03
1.336840e-03
1.326126e-03
1.324936e-03
1.704165e-03
2.070055e-03
2.039012e-03
1.694547e-03
1.912625e-03
2.361435e-03
2.399009e-03
2.356698e-03
2.329696e-03
1.938998e-03
2.196710e-03
2.479395e-03
2.604023e-03
2.579594e-03
2.773689e-03
2.851178e-03
2.993430e-03
3.095246e-03
3.123458e-03
3.724488e-03
5.713826e-03
7.808849e-03
7.822113e-03
9.323349e-03
