1.942894e-06
3.102644e-06
5.831024e-06
8.154569e-06
1.357649e-05
2.489309e-05
3.619222e-05
5.583095e-05
9.984748e-05
1.568121e-04
2.025528e-04
3.188648e-04
5.507130e-04
7.634304e-04
1.001864e-03
1.393085e-03
2.044749e-03
2.595033e-03
3.235249e-03
3.882689e-03
5.568074e-03
6.494830e-03
7.703277e-03
9.998839e-03
1.172682e-02
1.463966e-02
2.077624e-02
2.319586e-02
2.540780e-02
3.133693e-02
3.540892e-02
3.794140e-02
4.465964e-02
5.173777e-02
5.170346e-02
5.166916e-02
5.557801e-02
5.814180e-02
6.830388e-02
7.208186e-02
7.393016e-02
7.452362e-02
7.511198e-02
8.316723e-02
8.803003e-02
9.115365e-02
8.733802e-02
9.609538e-02
1.045358e-01
9.869764e-02
1.075516e-01
1.132527e-01
1.136366e-01
1.219190e-01
1.284503e-01
1.202739e-01
1.187684e-01
1.290099e-01
1.364297e-01
1.365859e-01
1.273620e-01
1.312836e-01
1.346246e-01
1.429497e-01
1.444007e-01
1.422271e-01
1.353208e-01
1.391620e-01
1.486305e-01
1.469593e-01
1.468390e-01
1.465584e-01
1.397681e-01
1.467893e-01
1.509279e-01
1.520742e-01
1.518857e-01
1.465066e-01
1.469982e-01
1.487988e-01
1.533321e-01
1.529664e-01
1.508600e-01
1.507961e-01
1.532401e-01
1.544433e-01
1.550894e-01
1.551214e-01
1.537159e-01
1.528274e-01
1.527370e-01
1.527269e-01
1.543986e-01
1.556221e-01
1.554753e-01
1.542593e-01
1.549761e-01
1.562253e-01
1.563064e-01
1.561446e-01
1.560299e-01
1.548235e-01
1.555929e-01
1.563372e-01
1.566225e-01
1.565610e-01
1.569143e-01
1.571148e-01
1.573712e-01
1.575512e-01
1.576001e-01
1.583183e-01
1.598307e-01
1.599356e-01
1.599335e-01
1.598417e-01
