0.000000e+00
1.468806e-70
3.284159e-63
-2.176093e-61
-1.437094e-57
8.379765e-52
-7.335697e-46
6.635113e-41
2.315320e-35
1.014399e-28
-2.221392e-23
2.155049e-05
5.473969e-05
9.545663e-05
1.490741e-04
2.628619e-04
5.021243e-04
7.443970e-04
1.076637e-03
1.456658e-03
2.680609e-03
3.451817e-03
4.613614e-03
7.087546e-03
9.267451e-03
1.335558e-02
2.393829e-02
2.861504e-02
3.336893e-02
4.702346e-02
5.758872e-02
6.429110e-02
8.418764e-02
1.074774e-01
1.070192e-01
1.065610e-01
1.199903e-01
1.296854e-01
1.681950e-01
1.834270e-01
1.913310e-01
1.938340e-01
1.960357e-01
2.315269e-01
2.539804e-01
2.687242e-01
2.499913e-01
2.925017e-01
3.351017e-01
3.048902e-01
3.507397e-01
3.818732e-01
3.834593e-01
4.297656e-01
4.675056e-01
4.202892e-01
4.123027e-01
4.711067e-01
5.153331e-01
5.162970e-01
4.616113e-01
4.850944e-01
5.055026e-01
5.562943e-01
5.652404e-01
5.518867e-01
5.100714e-01
5.337515e-01
5.932840e-01
5.826529e-01
5.820423e-01
5.806173e-01
5.385572e-01
5.828099e-01
6.094014e-01
6.170225e-01
6.160497e-01
5.820631e-01
5.854423e-01
5.972247e-01
6.273313e-01
6.250763e-01
6.115731e-01
6.116422e-01
6.278123e-01
6.359699e-01
6.405230e-01
6.410902e-01
6.322248e-01
6.265981e-01
6.264171e-01
6.263970e-01
6.376269e-01
6.465575e-01
6.460214e-01
6.381322e-01
6.434608e-01
6.528018e-01
6.535173e-01
6.528068e-01
6.524016e-01
6.447298e-01
6.500421e-01
6.552800e-01
6.575768e-01
6.572506e-01
6.603926e-01
6.615862e-01
6.637083e-01
6.651336e-01
6.655102e-01
6.724456e-01
6.868179e-01
6.950957e-01
6.951361e-01
6.993934e-01
