0.000000e+00
-2.311400e-46
1.673178e-40
1.912743e-38
1.279099e-34
-5.050636e-29
-2.450785e-23
2.333107e-05
5.259981e-05
9.548692e-05
1.313045e-04
2.392026e-04
4.876894e-04
7.461346e-04
1.049383e-03
1.619183e-03
2.656074e-03
3.590126e-03
4.761958e-03
6.002348e-03
9.570775e-03
1.161637e-02
1.449550e-02
2.012741e-02
2.472175e-02
3.269330e-02
5.114335e-02
5.863429e-02
6.597157e-02
8.586281e-02
1.002971e-01
1.091715e-01
1.342196e-01
1.618351e-01
1.614212e-01
1.610075e-01
1.761723e-01
1.870043e-01
2.282205e-01
2.440351e-01
2.520898e-01
2.546445e-01
2.569248e-01
2.918996e-01
3.133879e-01
3.273118e-01
3.098105e-01
3.493469e-01
3.879466e-01
3.610136e-01
4.019581e-01
4.292047e-01
4.306809e-01
4.700207e-01
5.015437e-01
4.624779e-01
4.559026e-01
5.048632e-01
5.408554e-01
5.417628e-01
4.974503e-01
5.167981e-01
5.334379e-01
5.740757e-01
5.812654e-01
5.708599e-01
5.376327e-01
5.567023e-01
6.037989e-01
5.956705e-01
5.952328e-01
5.942115e-01
5.611832e-01
5.961953e-01
6.169522e-01
6.229574e-01
6.223153e-01
5.961935e-01
5.988927e-01
6.081332e-01
6.316971e-01
6.300093e-01
6.197660e-01
6.199712e-01
6.325505e-01
6.388897e-01
6.425168e-01
6.430712e-01
6.364066e-01
6.322165e-01
6.322007e-01
6.321990e-01
6.409123e-01
6.478962e-01
6.476473e-01
6.417425e-01
6.459355e-01
6.534253e-01
6.540718e-01
6.536536e-01
6.534328e-01
6.476788e-01
6.518464e-01
6.560260e-01
6.580699e-01
6.579326e-01
6.605882e-01
6.617899e-01
6.637323e-01
6.651336e-01
6.655102e-01
6.724456e-01
6.868179e-01
6.950957e-01
6.951361e-01
6.993934e-01
