5.420460e-04
7.254783e-04
1.087891e-03
1.319621e-03
1.860356e-03
2.739247e-03
3.475926e-03
4.556894e-03
6.546712e-03
8.772345e-03
1.023630e-02
1.367351e-02
1.928183e-02
2.368543e-02
2.793826e-02
3.445912e-02
4.377198e-02
5.065892e-02
5.809996e-02
6.501706e-02
8.146945e-02
8.953156e-02
9.962892e-02
1.167864e-01
1.290525e-01
1.478145e-01
1.837609e-01
1.964794e-01
2.080916e-01
2.366554e-01
2.552630e-01
2.662972e-01
2.944332e-01
3.224769e-01
3.221942e-01
3.219114e-01
3.364315e-01
3.464594e-01
3.817929e-01
3.947902e-01
4.012137e-01
4.032686e-01
4.052438e-01
4.312728e-01
4.465774e-01
4.563449e-01
4.446878e-01
4.714325e-01
4.965013e-01
4.798990e-01
5.057152e-01
5.225595e-01
5.237548e-01
5.466402e-01
5.644639e-01
5.424583e-01
5.397092e-01
5.671993e-01
5.866229e-01
5.874226e-01
5.641060e-01
5.748413e-01
5.839636e-01
6.052022e-01
6.091417e-01
6.042087e-01
5.873554e-01
5.975476e-01
6.218324e-01
6.181462e-01
6.180169e-01
6.177151e-01
6.013199e-01
6.193108e-01
6.297970e-01
6.330071e-01
6.329334e-01
6.206673e-01
6.221667e-01
6.268790e-01
6.390603e-01
6.383372e-01
6.337242e-01
6.341669e-01
6.405494e-01
6.437905e-01
6.458471e-01
6.463912e-01
6.434545e-01
6.417187e-01
6.419873e-01
6.420171e-01
6.464391e-01
6.501346e-01
6.503699e-01
6.478183e-01
6.500832e-01
6.544682e-01
6.549952e-01
6.550692e-01
6.551510e-01
6.526340e-01
6.548704e-01
6.572681e-01
6.588821e-01
6.590700e-01
6.609175e-01
6.621346e-01
6.637724e-01
6.651336e-01
6.655102e-01
6.724456e-01
6.868179e-01
6.950957e-01
6.951361e-01
6.993934e-01
