0.000000e+00
-2.498287e-52
2.399361e-46
2.773504e-44
-1.139767e-40
4.792362e-35
-2.781390e-29
-1.288851e-23
1.385207e-05
2.788736e-05
4.039019e-05
7.799349e-05
1.715562e-04
2.752437e-04
4.067127e-04
6.542263e-04
1.133831e-03
1.596659e-03
2.190304e-03
2.846545e-03
4.759651e-03
5.929662e-03
7.581389e-03
1.096974e-02
1.376985e-02
1.889853e-02
3.103349e-02
3.633003e-02
4.137993e-02
5.548361e-02
6.593660e-02
7.292374e-02
9.164777e-02
1.144846e-01
1.135633e-01
1.126421e-01
1.247424e-01
1.331123e-01
1.668204e-01
1.801074e-01
1.867915e-01
1.889607e-01
1.912969e-01
2.204694e-01
2.388686e-01
2.509330e-01
2.369933e-01
2.708679e-01
3.047318e-01
2.822430e-01
3.179313e-01
3.425074e-01
3.447547e-01
3.803766e-01
4.091963e-01
3.747918e-01
3.691858e-01
4.136945e-01
4.469846e-01
4.484637e-01
4.085687e-01
4.264412e-01
4.419481e-01
4.800903e-01
4.874720e-01
4.783277e-01
4.478510e-01
4.659755e-01
5.108818e-01
5.038536e-01
5.035267e-01
5.027637e-01
4.722160e-01
5.052757e-01
5.254582e-01
5.317778e-01
5.315411e-01
5.074721e-01
5.102237e-01
5.190683e-01
5.428474e-01
5.414091e-01
5.320180e-01
5.323609e-01
5.448620e-01
5.514864e-01
5.553518e-01
5.562733e-01
5.501965e-01
5.465769e-01
5.467975e-01
5.468220e-01
5.556187e-01
5.631117e-01
5.632143e-01
5.579820e-01
5.623497e-01
5.708316e-01
5.717093e-01
5.715849e-01
5.717594e-01
5.665483e-01
5.708849e-01
5.754647e-01
5.784025e-01
5.785806e-01
5.820872e-01
5.837866e-01
5.867139e-01
5.889124e-01
5.894999e-01
6.011377e-01
6.257904e-01
6.413168e-01
6.414017e-01
6.498939e-01
