0.000000e+00
2.898135e-35
1.674731e-29
4.482979e-27
1.431915e-23
1.909329e-05
3.001517e-05
5.055420e-05
1.012216e-04
1.744653e-04
2.351700e-04
4.061894e-04
7.792916e-04
1.150381e-03
1.579586e-03
2.343979e-03
3.688419e-03
4.873487e-03
6.317957e-03
7.823125e-03
1.196982e-02
1.431830e-02
1.752229e-02
2.370781e-02
2.859795e-02
3.700964e-02
5.569139e-02
6.324618e-02
7.040120e-02
8.964057e-02
1.033155e-01
1.119230e-01
1.351313e-01
1.602189e-01
1.600280e-01
1.598370e-01
1.737149e-01
1.833487e-01
2.203286e-01
2.344780e-01
2.415787e-01
2.438588e-01
2.461208e-01
2.765726e-01
2.952154e-01
3.073746e-01
2.928771e-01
3.268283e-01
3.599699e-01
3.376021e-01
3.723949e-01
3.957112e-01
3.974789e-01
4.307632e-01
4.573396e-01
4.251745e-01
4.198260e-01
4.609951e-01
4.911466e-01
4.922456e-01
4.557469e-01
4.720567e-01
4.860862e-01
5.200890e-01
5.264042e-01
5.181231e-01
4.907815e-01
5.069077e-01
5.464339e-01
5.400722e-01
5.397739e-01
5.390780e-01
5.119442e-01
5.412020e-01
5.586792e-01
5.639760e-01
5.636714e-01
5.425264e-01
5.448999e-01
5.526464e-01
5.729230e-01
5.716308e-01
5.634286e-01
5.637861e-01
5.744812e-01
5.800106e-01
5.832707e-01
5.839812e-01
5.786948e-01
5.754885e-01
5.756565e-01
5.756752e-01
5.831439e-01
5.893731e-01
5.894305e-01
5.848177e-01
5.885109e-01
5.954983e-01
5.962090e-01
5.960756e-01
5.961173e-01
5.915670e-01
5.952274e-01
5.990497e-01
6.013574e-01
6.014505e-01
6.042312e-01
6.056556e-01
6.079265e-01
6.096622e-01
6.101280e-01
6.190982e-01
6.378652e-01
6.492210e-01
6.492800e-01
6.553325e-01
