1.677287e-04
2.351007e-04
3.737549e-04
4.689892e-04
6.912154e-04
1.075984e-03
1.413806e-03
1.931016e-03
2.931078e-03
4.086114e-03
4.896628e-03
6.807310e-03
1.008296e-02
1.275790e-02
1.545725e-02
1.961734e-02
2.579512e-02
3.053884e-02
3.573972e-02
4.068812e-02
5.260781e-02
5.866106e-02
6.626946e-02
7.957563e-02
8.916389e-02
1.042789e-01
1.336684e-01
1.444962e-01
1.542318e-01
1.786955e-01
1.948367e-01
2.047874e-01
2.296559e-01
2.547278e-01
2.546425e-01
2.545570e-01
2.678842e-01
2.769368e-01
3.097926e-01
3.220617e-01
3.280833e-01
3.300319e-01
3.320847e-01
3.565976e-01
3.712196e-01
3.806385e-01
3.699106e-01
3.955006e-01
4.198179e-01
4.041348e-01
4.291041e-01
4.456930e-01
4.472086e-01
4.698170e-01
4.875652e-01
4.668447e-01
4.635418e-01
4.907515e-01
5.101687e-01
5.111542e-01
4.882300e-01
4.989666e-01
5.081368e-01
5.295366e-01
5.336939e-01
5.289239e-01
5.122102e-01
5.225601e-01
5.472440e-01
5.437189e-01
5.436234e-01
5.434006e-01
5.270707e-01
5.452662e-01
5.560325e-01
5.594754e-01
5.595205e-01
5.473694e-01
5.489615e-01
5.537694e-01
5.665627e-01
5.658918e-01
5.613398e-01
5.618738e-01
5.685028e-01
5.719804e-01
5.742038e-01
5.748901e-01
5.720292e-01
5.704068e-01
5.707678e-01
5.708079e-01
5.754516e-01
5.794998e-01
5.798746e-01
5.774244e-01
5.798611e-01
5.847677e-01
5.853911e-01
5.855764e-01
5.858011e-01
5.833605e-01
5.857465e-01
5.883865e-01
5.903753e-01
5.906691e-01
5.929031e-01
5.943137e-01
5.963466e-01
5.980281e-01
5.984869e-01
6.073116e-01
6.257815e-01
6.369587e-01
6.370167e-01
6.429704e-01
