1.450356e-04
2.043378e-04
3.271015e-04
4.121403e-04
6.105756e-04
9.568221e-04
1.262396e-03
1.732416e-03
2.646225e-03
3.707208e-03
4.454403e-03
6.223414e-03
9.272858e-03
1.177438e-02
1.430627e-02
1.822197e-02
2.405907e-02
2.855501e-02
3.349658e-02
3.820787e-02
4.959267e-02
5.538810e-02
6.268717e-02
7.548007e-02
8.471932e-02
9.931159e-02
1.277753e-01
1.382828e-01
1.477443e-01
1.715552e-01
1.872933e-01
1.969973e-01
2.213012e-01
2.458455e-01
2.457572e-01
2.456690e-01
2.587259e-01
2.676012e-01
2.998505e-01
3.119003e-01
3.178179e-01
3.197321e-01
3.217436e-01
3.458648e-01
3.602618e-01
3.695370e-01
3.589532e-01
3.841748e-01
4.081561e-01
3.926667e-01
4.173069e-01
4.336783e-01
4.351633e-01
4.575034e-01
4.750484e-01
4.545404e-01
4.512662e-01
4.781732e-01
4.973843e-01
4.983518e-01
4.756498e-01
4.862667e-01
4.953355e-01
5.165223e-01
5.206313e-01
5.158960e-01
4.993320e-01
5.095736e-01
5.340145e-01
5.305100e-01
5.304126e-01
5.301854e-01
5.139959e-01
5.320178e-01
5.426802e-01
5.460836e-01
5.461207e-01
5.340593e-01
5.356327e-01
5.403946e-01
5.530532e-01
5.523840e-01
5.478613e-01
5.483842e-01
5.549482e-01
5.583865e-01
5.605839e-01
5.612569e-01
5.584111e-01
5.567944e-01
5.571435e-01
5.571823e-01
5.617800e-01
5.657811e-01
5.661433e-01
5.637041e-01
5.661133e-01
5.709562e-01
5.715687e-01
5.717462e-01
5.719611e-01
5.695300e-01
5.718912e-01
5.744981e-01
5.764508e-01
5.767350e-01
5.789309e-01
5.803154e-01
5.823107e-01
5.839605e-01
5.844104e-01
5.930560e-01
6.111637e-01
6.221176e-01
6.221743e-01
6.280087e-01
