0.000000e+00
-7.318982e-42
-1.224645e-34
4.449575e-33
-1.205113e-28
-2.271687e-23
1.356412e-05
2.387809e-05
5.060703e-05
9.163839e-05
1.258236e-04
2.286249e-04
4.646719e-04
7.096190e-04
9.964868e-04
1.534781e-03
2.512281e-03
3.391340e-03
4.492954e-03
5.657745e-03
9.003488e-03
1.091923e-02
1.361338e-02
1.887628e-02
2.316570e-02
3.060094e-02
4.778398e-02
5.475348e-02
6.157769e-02
8.005850e-02
9.345695e-02
1.016992e-01
1.249346e-01
1.505355e-01
1.501507e-01
1.497660e-01
1.638156e-01
1.738550e-01
2.120108e-01
2.266543e-01
2.341107e-01
2.364758e-01
2.385874e-01
2.709427e-01
2.908209e-01
3.037003e-01
2.875157e-01
3.240782e-01
3.597669e-01
3.348778e-01
3.727313e-01
3.979256e-01
3.992901e-01
4.356444e-01
4.647838e-01
4.286674e-01
4.225486e-01
4.678672e-01
5.011206e-01
5.019767e-01
4.610414e-01
4.789226e-01
4.943046e-01
5.318447e-01
5.384935e-01
5.288914e-01
4.981977e-01
5.158242e-01
5.593385e-01
5.518381e-01
5.514364e-01
5.504991e-01
5.199884e-01
5.523474e-01
5.715275e-01
5.770769e-01
5.764898e-01
5.523765e-01
5.548750e-01
5.634166e-01
5.851913e-01
5.836330e-01
5.741837e-01
5.743902e-01
5.860152e-01
5.918674e-01
5.952283e-01
5.957481e-01
5.895990e-01
5.857334e-01
5.857319e-01
5.857319e-01
5.937835e-01
6.002356e-01
6.000205e-01
5.945678e-01
5.984510e-01
6.053902e-01
6.059963e-01
6.056219e-01
6.054168e-01
6.001075e-01
6.039638e-01
6.078355e-01
6.097366e-01
6.096224e-01
6.120782e-01
6.132239e-01
6.150382e-01
6.163557e-01
6.167121e-01
6.232285e-01
6.367457e-01
6.445239e-01
6.445616e-01
6.485495e-01
