0.000000e+00
-2.731774e-41
-1.117296e-34
-2.415229e-33
2.246000e-29
6.554513e-24
9.621873e-06
1.704586e-05
3.657117e-05
6.610858e-05
9.239705e-05
1.673951e-04
3.411203e-04
5.228730e-04
7.440828e-04
1.143203e-03
1.878737e-03
2.559934e-03
3.406661e-03
4.317451e-03
6.869811e-03
8.380427e-03
1.046260e-02
1.460885e-02
1.794374e-02
2.389453e-02
3.741724e-02
4.315461e-02
4.854850e-02
6.331452e-02
7.401891e-02
8.111000e-02
9.974149e-02
1.202167e-01
1.202282e-01
1.202397e-01
1.318834e-01
1.398880e-01
1.716063e-01
1.839963e-01
1.901869e-01
1.921983e-01
1.943813e-01
2.210527e-01
2.377223e-01
2.486134e-01
2.361298e-01
2.665023e-01
2.966072e-01
2.767961e-01
3.083454e-01
3.299652e-01
3.319997e-01
3.629716e-01
3.878920e-01
3.583419e-01
3.535420e-01
3.919711e-01
4.204889e-01
4.218137e-01
3.877912e-01
4.031789e-01
4.164998e-01
4.489572e-01
4.552736e-01
4.476247e-01
4.218377e-01
4.373200e-01
4.754184e-01
4.695900e-01
4.693400e-01
4.687568e-01
4.430120e-01
4.710496e-01
4.880958e-01
4.934792e-01
4.933485e-01
4.732775e-01
4.756423e-01
4.831318e-01
5.032941e-01
5.021175e-01
4.943444e-01
4.947380e-01
5.052991e-01
5.109014e-01
5.142320e-01
5.150837e-01
5.100807e-01
5.071358e-01
5.074041e-01
5.074339e-01
5.148692e-01
5.212514e-01
5.214473e-01
5.171561e-01
5.208920e-01
5.282317e-01
5.290319e-01
5.290167e-01
5.292270e-01
5.249473e-01
5.286483e-01
5.325973e-01
5.352504e-01
5.354783e-01
5.385964e-01
5.402021e-01
5.428732e-01
5.449223e-01
5.454738e-01
5.563553e-01
5.794403e-01
5.939920e-01
5.940711e-01
6.020218e-01
