5.383508e-03
6.477716e-03
8.373526e-03
9.384180e-03
1.174251e-02
1.498488e-02
1.742812e-02
2.067877e-02
2.601473e-02
3.131055e-02
3.462236e-02
4.153470e-02
5.159114e-02
5.877600e-02
6.538467e-02
7.461922e-02
8.682838e-02
9.538144e-02
1.041223e-01
1.119463e-01
1.290849e-01
1.372141e-01
1.468525e-01
1.625952e-01
1.732475e-01
1.891655e-01
2.173419e-01
2.272044e-01
2.356769e-01
2.559568e-01
2.687286e-01
2.766798e-01
2.950434e-01
3.127078e-01
3.127789e-01
3.128501e-01
3.222633e-01
3.282967e-01
3.497500e-01
3.577921e-01
3.616512e-01
3.629198e-01
3.644146e-01
3.793428e-01
3.881492e-01
3.938690e-01
3.879766e-01
4.029179e-01
4.169272e-01
4.085985e-01
4.226743e-01
4.322162e-01
4.333784e-01
4.457364e-01
4.553777e-01
4.449281e-01
4.434770e-01
4.578985e-01
4.681095e-01
4.689301e-01
4.575562e-01
4.633337e-01
4.683126e-01
4.793155e-01
4.816917e-01
4.796412e-01
4.714668e-01
4.770648e-01
4.898384e-01
4.884351e-01
4.884751e-01
4.885684e-01
4.807763e-01
4.900957e-01
4.956409e-01
4.976085e-01
4.978658e-01
4.924925e-01
4.934420e-01
4.959401e-01
5.028781e-01
5.026473e-01
5.007835e-01
5.013781e-01
5.048801e-01
5.067663e-01
5.081569e-01
5.087660e-01
5.076439e-01
5.071430e-01
5.075916e-01
5.076415e-01
5.101198e-01
5.124568e-01
5.129851e-01
5.120804e-01
5.135203e-01
5.167098e-01
5.172225e-01
5.175909e-01
5.179036e-01
5.169586e-01
5.183518e-01
5.200295e-01
5.216371e-01
5.220247e-01
5.237023e-01
5.250000e-01
5.266924e-01
5.281926e-01
5.286077e-01
5.365243e-01
5.531238e-01
5.631727e-01
5.632241e-01
5.685631e-01
