0.000000e+00
-9.757074e-70
4.542776e-63
-9.133846e-63
7.847611e-58
1.141622e-52
6.188593e-46
-1.525094e-41
1.494535e-35
-1.027917e-29
3.780827e-23
1.344554e-05
3.497869e-05
6.189853e-05
9.842620e-05
1.755587e-04
3.412219e-04
5.129213e-04
7.498386e-04
1.024723e-03
1.911390e-03
2.482894e-03
3.340748e-03
5.202448e-03
6.841754e-03
9.978207e-03
1.811918e-02
2.181114e-02
2.550307e-02
3.624934e-02
4.459487e-02
5.005619e-02
6.591470e-02
8.452761e-02
8.433843e-02
8.414926e-02
9.498477e-02
1.027347e-01
1.342956e-01
1.468862e-01
1.533637e-01
1.554364e-01
1.574341e-01
1.866113e-01
2.051978e-01
2.174906e-01
2.024356e-01
2.376455e-01
2.732268e-01
2.485119e-01
2.866921e-01
3.128981e-01
3.146963e-01
3.537822e-01
3.857011e-01
3.463762e-01
3.397751e-01
3.894462e-01
4.270588e-01
4.281686e-01
3.821879e-01
4.021501e-01
4.195237e-01
4.629961e-01
4.709667e-01
4.598263e-01
4.244006e-01
4.447659e-01
4.960247e-01
4.872335e-01
4.867516e-01
4.856274e-01
4.498699e-01
4.878470e-01
5.109171e-01
5.177579e-01
5.171011e-01
4.882635e-01
4.912612e-01
5.014226e-01
5.279744e-01
5.261182e-01
5.146819e-01
5.148361e-01
5.290022e-01
5.363062e-01
5.404283e-01
5.411059e-01
5.336163e-01
5.289643e-01
5.289110e-01
5.289050e-01
5.388252e-01
5.469127e-01
5.466279e-01
5.400308e-01
5.447968e-01
5.534969e-01
5.542550e-01
5.537765e-01
5.536112e-01
5.471329e-01
5.518845e-01
5.566937e-01
5.591684e-01
5.590355e-01
5.621914e-01
5.635344e-01
5.658895e-01
5.675518e-01
5.679902e-01
5.764272e-01
5.941049e-01
6.047945e-01
6.048500e-01
6.105406e-01
