1.119484e-05
1.743107e-05
3.178207e-05
4.342925e-05
7.060758e-05
1.255990e-04
1.793577e-04
2.696558e-04
4.657226e-04
7.148777e-04
9.098205e-04
1.393392e-03
2.322114e-03
3.156158e-03
4.068329e-03
5.538398e-03
7.913209e-03
9.887263e-03
1.214680e-02
1.440818e-02
2.011682e-02
2.321994e-02
2.723234e-02
3.462526e-02
4.015853e-02
4.936992e-02
6.824166e-02
7.568110e-02
8.240857e-02
9.985553e-02
1.117965e-01
1.195458e-01
1.388160e-01
1.588779e-01
1.589375e-01
1.589973e-01
1.700414e-01
1.775132e-01
2.058264e-01
2.166439e-01
2.219666e-01
2.237042e-01
2.256569e-01
2.476952e-01
2.611585e-01
2.698929e-01
2.602259e-01
2.840556e-01
3.071785e-01
2.924579e-01
3.162853e-01
3.325174e-01
3.341743e-01
3.565711e-01
3.743506e-01
3.538065e-01
3.505826e-01
3.777887e-01
3.975763e-01
3.986937e-01
3.755093e-01
3.863590e-01
3.957145e-01
4.178331e-01
4.222643e-01
4.174884e-01
4.001864e-01
4.109083e-01
4.366732e-01
4.331388e-01
4.330161e-01
4.327294e-01
4.157773e-01
4.347047e-01
4.461187e-01
4.498538e-01
4.499488e-01
4.371424e-01
4.388682e-01
4.439154e-01
4.576428e-01
4.569538e-01
4.521417e-01
4.526495e-01
4.597531e-01
4.635538e-01
4.659451e-01
4.667139e-01
4.636786e-01
4.619848e-01
4.623689e-01
4.624115e-01
4.674168e-01
4.718632e-01
4.722634e-01
4.696979e-01
4.723299e-01
4.777220e-01
4.784032e-01
4.786109e-01
4.789106e-01
4.763333e-01
4.789144e-01
4.817837e-01
4.840069e-01
4.843463e-01
4.868491e-01
4.883443e-01
4.906307e-01
4.924893e-01
4.929948e-01
5.029319e-01
5.240482e-01
5.373688e-01
5.374408e-01
5.447127e-01
