0.000000e+00
2.560160e-75
-5.161525e-69
-6.791250e-67
-3.004800e-63
1.706662e-58
-1.298204e-51
2.015776e-46
-6.652927e-41
-1.110941e-34
4.857754e-29
3.178415e-23
1.811090e-05
3.374057e-05
5.555830e-05
1.047927e-04
2.161864e-04
3.357989e-04
5.073721e-04
7.114463e-04
1.407534e-03
1.867391e-03
2.584357e-03
4.178456e-03
5.638293e-03
8.486572e-03
1.629053e-02
1.988951e-02
2.361484e-02
3.463417e-02
4.344067e-02
4.911805e-02
6.639882e-02
8.724699e-02
8.689109e-02
8.653521e-02
9.864822e-02
1.075998e-01
1.439061e-01
1.584949e-01
1.661388e-01
1.685584e-01
1.706783e-01
2.055815e-01
2.279602e-01
2.427737e-01
2.238890e-01
2.669082e-01
3.105976e-01
2.793999e-01
3.267540e-01
3.592601e-01
3.609022e-01
4.099555e-01
4.502743e-01
3.996712e-01
3.911343e-01
4.539974e-01
5.018729e-01
5.028724e-01
4.436226e-01
4.688999e-01
4.909175e-01
5.463936e-01
5.561888e-01
5.414035e-01
4.956661e-01
5.214448e-01
5.868127e-01
5.749879e-01
5.742956e-01
5.726801e-01
5.263848e-01
5.749871e-01
6.043605e-01
6.127667e-01
6.116323e-01
5.738587e-01
5.775628e-01
5.905595e-01
6.238374e-01
6.213051e-01
6.062117e-01
6.062128e-01
6.241293e-01
6.331800e-01
6.381920e-01
6.387611e-01
6.288119e-01
6.224838e-01
6.222193e-01
6.221899e-01
6.346531e-01
6.445410e-01
6.438651e-01
6.349935e-01
6.408843e-01
6.511335e-01
6.518861e-01
6.510253e-01
6.505310e-01
6.419102e-01
6.477884e-01
6.535496e-01
6.559707e-01
6.555447e-01
6.589182e-01
6.601094e-01
6.623243e-01
6.637599e-01
6.641363e-01
6.710599e-01
6.854081e-01
6.936734e-01
6.937137e-01
6.979635e-01
