0.000000e+00
-1.160083e-75
-9.741510e-70
-7.023663e-68
-3.078224e-64
1.152829e-58
7.756414e-53
-1.251326e-47
-1.814787e-41
1.411128e-35
-9.849723e-30
7.428741e-24
3.151578e-06
6.430182e-06
1.138409e-05
2.356497e-05
5.404756e-05
8.951820e-05
1.436621e-04
2.116197e-04
4.627673e-04
6.397672e-04
9.293201e-04
1.612697e-03
2.272907e-03
3.633577e-03
7.669992e-03
9.644210e-03
1.174005e-02
1.819362e-02
2.359125e-02
2.715198e-02
3.836276e-02
5.247423e-02
5.222074e-02
5.196726e-02
6.038635e-02
6.669787e-02
9.312724e-02
1.039845e-01
1.097526e-01
1.115774e-01
1.131673e-01
1.400939e-01
1.577145e-01
1.695105e-01
1.544210e-01
1.890057e-01
2.247957e-01
1.990210e-01
2.381995e-01
2.655618e-01
2.668998e-01
3.090437e-01
3.440505e-01
2.999348e-01
2.925482e-01
3.471743e-01
3.895561e-01
3.903913e-01
3.379240e-01
3.601153e-01
3.795401e-01
4.293027e-01
4.381027e-01
4.246860e-01
3.836106e-01
4.066078e-01
4.657322e-01
4.548634e-01
4.542266e-01
4.527407e-01
4.108044e-01
4.547422e-01
4.815283e-01
4.891929e-01
4.881032e-01
4.534635e-01
4.568209e-01
4.686424e-01
4.990346e-01
4.966744e-01
4.827368e-01
4.826947e-01
4.991266e-01
5.074241e-01
5.120073e-01
5.124811e-01
5.032325e-01
4.973432e-01
4.970615e-01
4.970302e-01
5.084837e-01
5.175349e-01
5.168526e-01
5.085946e-01
5.139926e-01
5.233312e-01
5.239951e-01
5.231529e-01
5.226472e-01
5.146195e-01
5.200157e-01
5.252773e-01
5.273883e-01
5.269500e-01
5.299468e-01
5.309722e-01
5.328873e-01
5.341026e-01
5.344205e-01
5.401703e-01
5.521306e-01
5.590051e-01
5.590378e-01
5.625459e-01
