0.000000e+00
3.350081e-82
-3.077811e-76
-1.133231e-74
-1.866410e-70
7.337223e-65
-9.613955e-59
-8.166418e-54
8.315454e-48
-1.020373e-41
2.970052e-36
1.697822e-30
-3.495050e-24
9.581587e-07
1.856488e-06
4.251543e-06
1.100536e-05
1.969904e-05
3.390428e-05
5.296817e-05
1.294324e-04
1.880477e-04
2.883037e-04
5.441825e-04
8.045026e-04
1.381948e-03
3.240748e-03
4.225847e-03
5.282708e-03
8.713196e-03
1.172028e-02
1.380574e-02
2.047176e-02
2.923365e-02
2.912014e-02
2.900661e-02
3.447725e-02
3.857406e-02
5.659864e-02
6.422988e-02
6.830328e-02
6.960334e-02
7.082937e-02
9.033637e-02
1.034440e-01
1.123641e-01
1.012643e-01
1.275393e-01
1.554285e-01
1.355157e-01
1.662753e-01
1.882816e-01
1.896812e-01
2.243328e-01
2.535775e-01
2.171002e-01
2.110550e-01
2.566186e-01
2.928120e-01
2.937112e-01
2.492692e-01
2.680521e-01
2.847063e-01
3.279151e-01
3.358601e-01
3.242670e-01
2.887528e-01
3.087757e-01
3.608771e-01
3.514579e-01
3.509008e-01
3.496009e-01
3.129339e-01
3.515189e-01
3.755577e-01
3.826142e-01
3.817401e-01
3.510336e-01
3.540665e-01
3.645881e-01
3.922219e-01
3.901431e-01
3.777232e-01
3.776898e-01
3.926041e-01
4.002830e-01
4.045344e-01
4.050689e-01
3.967726e-01
3.915732e-01
3.913503e-01
3.913255e-01
4.018216e-01
4.102562e-01
4.097093e-01
4.023590e-01
4.073213e-01
4.161742e-01
4.168526e-01
4.161436e-01
4.157949e-01
4.085748e-01
4.135593e-01
4.184959e-01
4.206874e-01
4.203649e-01
4.233285e-01
4.244041e-01
4.264325e-01
4.277620e-01
4.281085e-01
4.346193e-01
4.483139e-01
4.566235e-01
4.566651e-01
4.610561e-01
