0.000000e+00
2.348085e-30
4.082431e-24
9.193894e-07
3.064756e-06
6.704986e-06
1.087438e-05
1.897961e-05
3.992292e-05
7.113122e-05
9.853794e-05
1.758884e-04
3.520491e-04
5.338385e-04
7.527482e-04
1.144301e-03
1.857505e-03
2.510524e-03
3.316958e-03
4.178544e-03
6.572782e-03
7.977411e-03
9.904971e-03
1.371412e-02
1.676012e-02
2.215756e-02
3.432062e-02
3.944145e-02
4.424405e-02
5.733536e-02
6.677887e-02
7.300998e-02
8.934263e-02
1.072133e-01
1.072179e-01
1.072226e-01
1.173474e-01
1.243144e-01
1.517532e-01
1.624532e-01
1.677979e-01
1.695338e-01
1.714150e-01
1.943612e-01
2.087000e-01
2.180176e-01
2.073079e-01
2.333413e-01
2.590931e-01
2.421660e-01
2.691328e-01
2.875962e-01
2.893283e-01
3.157026e-01
3.369049e-01
3.117985e-01
3.077398e-01
3.404115e-01
3.646312e-01
3.657499e-01
3.368992e-01
3.499913e-01
3.613180e-01
3.888375e-01
3.941962e-01
3.877339e-01
3.659023e-01
3.790497e-01
4.113333e-01
4.064207e-01
4.062173e-01
4.057424e-01
3.839879e-01
4.077360e-01
4.221654e-01
4.267268e-01
4.266335e-01
4.097087e-01
4.117236e-01
4.180749e-01
4.351539e-01
4.341643e-01
4.276290e-01
4.280056e-01
4.369521e-01
4.416874e-01
4.445310e-01
4.452726e-01
4.410707e-01
4.386071e-01
4.388639e-01
4.388925e-01
4.451920e-01
4.505988e-01
4.508032e-01
4.472008e-01
4.503811e-01
4.566547e-01
4.573533e-01
4.573722e-01
4.575604e-01
4.539619e-01
4.571094e-01
4.604832e-01
4.627768e-01
4.629900e-01
4.656666e-01
4.671044e-01
4.694185e-01
4.712223e-01
4.717087e-01
4.812505e-01
5.015406e-01
5.143472e-01
5.144164e-01
5.214036e-01
