0.000000e+00
5.881555e-60
-5.165768e-53
-7.353712e-52
1.022433e-47
3.076630e-41
-2.141351e-36
1.063628e-30
4.189325e-26
1.860752e-06
2.913647e-06
6.795716e-06
1.858247e-05
3.386540e-05
5.477128e-05
1.010593e-04
2.032767e-04
3.109244e-04
4.631508e-04
6.419096e-04
1.240811e-03
1.630331e-03
2.231523e-03
3.548716e-03
4.741365e-03
7.037842e-03
1.322225e-02
1.603516e-02
1.893412e-02
2.742164e-02
3.414180e-02
3.845136e-02
5.146945e-02
6.703846e-02
6.677172e-02
6.650497e-02
7.549231e-02
8.212253e-02
1.087962e-01
1.194721e-01
1.250550e-01
1.268219e-01
1.283673e-01
1.537147e-01
1.699009e-01
1.805977e-01
1.669733e-01
1.979711e-01
2.293295e-01
2.069834e-01
2.409184e-01
2.641729e-01
2.653276e-01
3.002561e-01
3.289231e-01
2.930043e-01
2.869564e-01
3.316080e-01
3.655285e-01
3.662567e-01
3.243137e-01
3.422433e-01
3.578716e-01
3.970899e-01
4.040195e-01
3.936119e-01
3.613036e-01
3.795471e-01
4.257198e-01
4.174058e-01
4.169267e-01
4.158088e-01
3.831553e-01
4.174837e-01
4.382069e-01
4.441374e-01
4.433579e-01
4.167931e-01
4.194190e-01
4.285986e-01
4.520605e-01
4.502782e-01
4.396992e-01
4.397543e-01
4.523951e-01
4.587519e-01
4.623178e-01
4.627424e-01
4.557608e-01
4.513304e-01
4.511867e-01
4.511707e-01
4.599560e-01
4.669031e-01
4.664733e-01
4.602579e-01
4.644245e-01
4.717060e-01
4.722678e-01
4.716997e-01
4.713510e-01
4.653042e-01
4.694639e-01
4.735532e-01
4.752969e-01
4.750305e-01
4.774238e-01
4.783803e-01
4.799965e-01
4.810922e-01
4.813843e-01
4.866108e-01
4.974998e-01
5.037615e-01
5.037906e-01
5.069726e-01
