0.000000e+00
2.098542e-36
5.687795e-30
1.730949e-28
-7.987027e-25
1.445295e-06
2.495142e-06
4.688900e-06
1.086908e-05
2.083115e-05
3.007714e-05
5.791834e-05
1.269311e-04
2.031798e-04
2.994096e-04
4.808014e-04
8.311936e-04
1.168032e-03
1.599884e-03
2.076129e-03
3.465104e-03
4.311568e-03
5.507374e-03
7.954347e-03
9.976837e-03
1.367351e-02
2.241167e-02
2.621389e-02
2.984691e-02
3.998213e-02
4.749364e-02
5.249288e-02
6.593926e-02
8.102630e-02
8.100863e-02
8.099095e-02
8.966199e-02
9.568793e-02
1.198404e-01
1.293668e-01
1.341655e-01
1.357209e-01
1.373787e-01
1.583210e-01
1.715197e-01
1.801856e-01
1.701347e-01
1.944738e-01
2.187947e-01
2.026083e-01
2.282705e-01
2.459457e-01
2.475280e-01
2.731503e-01
2.938920e-01
2.691213e-01
2.650823e-01
2.971160e-01
3.210925e-01
3.221370e-01
2.934092e-01
3.062850e-01
3.174648e-01
3.449236e-01
3.502237e-01
3.436340e-01
3.217067e-01
3.347584e-01
3.671018e-01
3.620376e-01
3.618077e-01
3.612715e-01
3.392828e-01
3.631190e-01
3.776485e-01
3.821875e-01
3.820225e-01
3.647183e-01
3.667104e-01
3.730967e-01
3.902067e-01
3.891662e-01
3.824336e-01
3.827334e-01
3.917442e-01
3.964899e-01
3.993006e-01
3.999777e-01
3.956125e-01
3.930188e-01
3.932099e-01
3.932311e-01
3.995730e-01
4.049525e-01
4.050642e-01
4.013050e-01
4.044671e-01
4.106221e-01
4.112782e-01
4.112177e-01
4.113380e-01
4.075909e-01
4.107333e-01
4.140578e-01
4.161944e-01
4.163410e-01
4.188711e-01
4.201914e-01
4.223364e-01
4.239818e-01
4.244255e-01
4.330676e-01
4.514709e-01
4.631048e-01
4.631670e-01
4.695034e-01
