0.000000e+00
-1.822691e-59
3.925777e-54
8.661998e-52
7.696122e-48
4.450075e-42
-1.583330e-37
-2.926285e-31
-1.933192e-25
6.198675e-07
1.007035e-06
2.519564e-06
7.491248e-06
1.435219e-05
2.415971e-05
4.692114e-05
1.000705e-04
1.586003e-04
2.442625e-04
3.479055e-04
7.108416e-04
9.555590e-04
1.343412e-03
2.221855e-03
3.041173e-03
4.667517e-03
9.243871e-03
1.139453e-02
1.364246e-02
2.037361e-02
2.583840e-02
2.938685e-02
4.031337e-02
5.369080e-02
5.345492e-02
5.321903e-02
6.105493e-02
6.688896e-02
9.074391e-02
1.004097e-01
1.055026e-01
1.071139e-01
1.085184e-01
1.319333e-01
1.470535e-01
1.571058e-01
1.442711e-01
1.735614e-01
2.035001e-01
1.820554e-01
2.146329e-01
2.371560e-01
2.382572e-01
2.724636e-01
3.007293e-01
2.652369e-01
2.592792e-01
3.033120e-01
3.370977e-01
3.377967e-01
2.959965e-01
3.137708e-01
3.293265e-01
3.686514e-01
3.756072e-01
3.650821e-01
3.326401e-01
3.508929e-01
3.974066e-01
3.889480e-01
3.884542e-01
3.873018e-01
3.543623e-01
3.889358e-01
4.099181e-01
4.159156e-01
4.150970e-01
3.880951e-01
3.907394e-01
4.000213e-01
4.237813e-01
4.219545e-01
4.111567e-01
4.111811e-01
4.240078e-01
4.304607e-01
4.340653e-01
4.344698e-01
4.273182e-01
4.227755e-01
4.226016e-01
4.225822e-01
4.315090e-01
4.385509e-01
4.380762e-01
4.317053e-01
4.359271e-01
4.432711e-01
4.438211e-01
4.432122e-01
4.428321e-01
4.366357e-01
4.408525e-01
4.449837e-01
4.466912e-01
4.463896e-01
4.487650e-01
4.496773e-01
4.512477e-01
4.522918e-01
4.525692e-01
4.575012e-01
4.677849e-01
4.737041e-01
4.737313e-01
4.767309e-01
