0.000000e+00
-6.909264e-83
-1.974784e-77
-3.271657e-75
3.917523e-71
3.559073e-65
1.761959e-59
-3.154848e-55
2.389927e-48
-9.292884e-43
1.312942e-36
2.197909e-31
-5.153051e-26
2.066120e-07
4.270253e-07
1.044963e-06
2.941992e-06
5.584142e-06
1.011613e-05
1.653271e-05
4.376141e-05
6.607634e-05
1.055608e-04
2.124896e-04
3.257918e-04
5.928632e-04
1.508585e-03
2.028206e-03
2.590431e-03
4.485664e-03
6.213806e-03
7.478531e-03
1.152243e-02
1.703133e-02
1.699566e-02
1.696000e-02
2.053580e-02
2.321388e-02
3.553169e-02
4.089884e-02
4.377531e-02
4.470193e-02
4.564476e-02
5.968742e-02
6.935847e-02
7.601590e-02
6.796838e-02
8.768435e-02
1.090978e-01
9.364366e-02
1.177437e-01
1.351802e-01
1.365418e-01
1.644638e-01
1.883360e-01
1.589154e-01
1.541160e-01
1.912433e-01
2.213598e-01
2.223602e-01
1.856705e-01
2.011818e-01
2.150690e-01
2.515976e-01
2.585827e-01
2.490794e-01
2.190407e-01
2.359648e-01
2.806768e-01
2.727757e-01
2.723141e-01
2.712365e-01
2.400510e-01
2.730050e-01
2.939304e-01
3.002553e-01
2.996204e-01
2.732434e-01
2.759013e-01
2.849778e-01
3.094027e-01
3.076443e-01
2.969186e-01
2.968855e-01
3.098612e-01
3.169480e-01
3.207593e-01
3.213475e-01
3.141373e-01
3.096792e-01
3.095471e-01
3.095325e-01
3.188928e-01
3.264728e-01
3.260744e-01
3.197186e-01
3.242003e-01
3.323461e-01
3.330347e-01
3.324596e-01
3.322432e-01
3.260072e-01
3.305300e-01
3.349154e-01
3.370900e-01
3.369673e-01
3.397676e-01
3.409091e-01
3.429880e-01
3.443838e-01
3.447522e-01
3.518317e-01
3.668974e-01
3.764374e-01
3.764855e-01
3.819051e-01
