0.000000e+00
-6.879841e-27
9.738649e-08
1.701996e-07
3.401069e-07
8.422068e-07
1.472517e-06
2.813723e-06
6.656912e-06
1.313025e-05
1.889425e-05
3.760760e-05
8.530148e-05
1.391582e-04
2.059857e-04
3.397379e-04
6.014290e-04
8.514268e-04
1.179795e-03
1.541276e-03
2.644263e-03
3.307452e-03
4.275821e-03
6.251155e-03
7.931133e-03
1.096198e-02
1.840624e-02
2.156205e-02
2.472239e-02
3.353694e-02
4.016015e-02
4.429587e-02
5.629564e-02
6.996775e-02
6.974463e-02
6.952153e-02
7.716744e-02
8.271510e-02
1.042391e-01
1.126439e-01
1.169494e-01
1.183159e-01
1.195432e-01
1.386856e-01
1.506265e-01
1.584277e-01
1.485487e-01
1.708955e-01
1.930082e-01
1.774267e-01
2.011032e-01
2.170579e-01
2.178631e-01
2.412610e-01
2.602213e-01
2.366116e-01
2.326285e-01
2.621037e-01
2.840701e-01
2.845900e-01
2.575017e-01
2.692028e-01
2.793676e-01
3.044008e-01
3.088280e-01
3.023173e-01
2.817722e-01
2.934770e-01
3.226644e-01
3.175587e-01
3.172728e-01
3.166056e-01
2.960456e-01
3.177836e-01
3.307502e-01
3.344682e-01
3.340316e-01
3.176013e-01
3.192693e-01
3.250268e-01
3.397013e-01
3.386117e-01
3.321452e-01
3.322702e-01
3.401538e-01
3.440877e-01
3.463581e-01
3.466738e-01
3.424192e-01
3.397407e-01
3.397187e-01
3.397164e-01
3.451821e-01
3.494875e-01
3.493091e-01
3.455409e-01
3.481557e-01
3.527963e-01
3.531963e-01
3.529111e-01
3.527211e-01
3.490448e-01
3.516547e-01
3.542456e-01
3.554275e-01
3.553190e-01
3.568630e-01
3.576431e-01
3.587700e-01
3.596017e-01
3.598292e-01
3.637686e-01
3.720054e-01
3.767704e-01
3.767914e-01
3.791765e-01
