0.000000e+00
9.466166e-77
2.019922e-70
1.804866e-69
-1.359428e-64
-3.745730e-59
2.749497e-53
-2.244130e-48
-2.797592e-42
4.131035e-36
9.824029e-31
1.007689e-24
4.864276e-07
1.075594e-06
2.048011e-06
4.595833e-06
1.163338e-05
2.054612e-05
3.493882e-05
5.405326e-05
1.296456e-04
1.868890e-04
2.840381e-04
5.292032e-04
7.765201e-04
1.319540e-03
3.045382e-03
3.950486e-03
4.918807e-03
8.039226e-03
1.075615e-02
1.263060e-02
1.859828e-02
2.639362e-02
2.629069e-02
2.618776e-02
3.102696e-02
3.465328e-02
5.049940e-02
5.718637e-02
6.075183e-02
6.188928e-02
6.295786e-02
7.997104e-02
9.136745e-02
9.911117e-02
8.946495e-02
1.122508e-01
1.363674e-01
1.191542e-01
1.457279e-01
1.647041e-01
1.658902e-01
1.957006e-01
2.207860e-01
1.894751e-01
1.842869e-01
2.234002e-01
2.543900e-01
2.551647e-01
2.170986e-01
2.332084e-01
2.474839e-01
2.844337e-01
2.911924e-01
2.813024e-01
2.509460e-01
2.680933e-01
3.125823e-01
3.045695e-01
3.039342e-01
3.024516e-01
2.716751e-01
3.046190e-01
3.251476e-01
3.311289e-01
3.303945e-01
3.042393e-01
3.068304e-01
3.158024e-01
3.393565e-01
3.375881e-01
3.270218e-01
3.270187e-01
3.397371e-01
3.462950e-01
3.497696e-01
3.504024e-01
3.433001e-01
3.388746e-01
3.386943e-01
3.386743e-01
3.476300e-01
3.548191e-01
3.543519e-01
3.481148e-01
3.523337e-01
3.598662e-01
3.604985e-01
3.600294e-01
3.596059e-01
3.534493e-01
3.576589e-01
3.619316e-01
3.639416e-01
3.635317e-01
3.660527e-01
3.670666e-01
3.687587e-01
3.699222e-01
3.702265e-01
3.758618e-01
3.877953e-01
3.950347e-01
3.950701e-01
3.988287e-01
