0.000000e+00
-3.362706e-48
-2.952640e-42
-2.740936e-40
2.940726e-36
6.721917e-31
1.220890e-24
5.715851e-07
1.623351e-06
3.539769e-06
5.382544e-06
1.188407e-05
3.046178e-05
5.342983e-05
8.380464e-05
1.487584e-04
2.863148e-04
4.263921e-04
6.195016e-04
8.412713e-04
1.560704e-03
2.016126e-03
2.705774e-03
4.179855e-03
5.486275e-03
7.945682e-03
1.436241e-02
1.721102e-02
2.011862e-02
2.848955e-02
3.499962e-02
3.913549e-02
5.146091e-02
6.595620e-02
6.571107e-02
6.546594e-02
7.374134e-02
7.981422e-02
1.039356e-01
1.135087e-01
1.184906e-01
1.200674e-01
1.214476e-01
1.438548e-01
1.580497e-01
1.673935e-01
1.555124e-01
1.824833e-01
2.095676e-01
1.903383e-01
2.195403e-01
2.394372e-01
2.404270e-01
2.700720e-01
2.942959e-01
2.640019e-01
2.588958e-01
2.966079e-01
3.250684e-01
3.256993e-01
2.905339e-01
3.056251e-01
3.187498e-01
3.514981e-01
3.572820e-01
3.486466e-01
3.217010e-01
3.369597e-01
3.753997e-01
3.685306e-01
3.681404e-01
3.672299e-01
3.400832e-01
3.686705e-01
3.858588e-01
3.907788e-01
3.901539e-01
3.681972e-01
3.703866e-01
3.780120e-01
3.974646e-01
3.959971e-01
3.872874e-01
3.873723e-01
3.978471e-01
4.030965e-01
4.060720e-01
4.064429e-01
4.007022e-01
3.970668e-01
3.969798e-01
3.969702e-01
4.042398e-01
4.099807e-01
4.096644e-01
4.045600e-01
4.080185e-01
4.140924e-01
4.145783e-01
4.141367e-01
4.138593e-01
4.088894e-01
4.123435e-01
4.157477e-01
4.172312e-01
4.170335e-01
4.190359e-01
4.199096e-01
4.212994e-01
4.222690e-01
4.225314e-01
4.271491e-01
4.367880e-01
4.423403e-01
4.423655e-01
4.451697e-01
