3.153696e-07
5.392826e-07
1.132419e-06
1.723220e-06
3.101835e-06
6.468380e-06
1.019046e-05
1.724515e-05
3.485870e-05
6.105100e-05
8.234347e-05
1.450808e-04
2.849805e-04
4.268875e-04
5.902744e-04
8.928293e-04
1.432303e-03
1.910273e-03
2.503320e-03
3.124489e-03
4.888565e-03
5.886697e-03
7.282555e-03
9.979812e-03
1.216394e-02
1.591358e-02
2.449360e-02
2.793908e-02
3.131065e-02
4.037215e-02
4.691019e-02
5.091391e-02
6.216513e-02
7.450910e-02
7.431832e-02
7.412753e-02
8.086399e-02
8.569248e-02
1.039052e-01
1.108877e-01
1.144450e-01
1.155723e-01
1.165705e-01
1.319447e-01
1.413678e-01
1.474732e-01
1.398001e-01
1.571145e-01
1.739753e-01
1.622229e-01
1.801107e-01
1.920160e-01
1.926355e-01
2.097670e-01
2.235060e-01
2.065077e-01
2.036350e-01
2.249619e-01
2.406103e-01
2.410220e-01
2.217839e-01
2.301988e-01
2.374434e-01
2.550763e-01
2.582028e-01
2.537063e-01
2.392973e-01
2.475771e-01
2.680085e-01
2.645088e-01
2.643244e-01
2.638943e-01
2.495874e-01
2.647945e-01
2.737853e-01
2.763763e-01
2.761099e-01
2.648504e-01
2.660289e-01
2.700424e-01
2.802133e-01
2.794734e-01
2.750992e-01
2.752483e-01
2.807073e-01
2.834061e-01
2.850160e-01
2.852720e-01
2.823959e-01
2.806035e-01
2.806399e-01
2.806440e-01
2.844186e-01
2.873816e-01
2.873215e-01
2.847896e-01
2.866121e-01
2.899028e-01
2.902172e-01
2.900748e-01
2.899573e-01
2.874771e-01
2.892975e-01
2.911213e-01
2.920070e-01
2.919756e-01
2.930793e-01
2.937576e-01
2.946245e-01
2.953091e-01
2.955004e-01
2.987141e-01
3.054536e-01
3.093764e-01
3.093929e-01
3.113326e-01
