0.000000e+00
-2.015826e-78
-8.856559e-72
2.801503e-70
-7.123847e-66
2.455187e-60
-1.478326e-55
-3.344344e-49
1.264985e-44
-2.671462e-37
-9.673123e-32
3.483878e-26
2.963099e-08
6.965410e-08
1.417300e-07
3.506611e-07
1.016307e-06
1.967627e-06
3.665339e-06
6.132245e-06
1.738827e-05
2.693220e-05
4.462970e-05
9.474843e-05
1.505548e-04
2.868660e-04
7.937604e-04
1.090890e-03
1.425035e-03
2.592936e-03
3.703853e-03
4.504198e-03
7.240152e-03
1.113003e-02
1.107023e-02
1.101044e-02
1.355413e-02
1.552725e-02
2.466450e-02
2.869741e-02
3.090926e-02
3.161365e-02
3.226540e-02
4.330250e-02
5.100211e-02
5.635198e-02
4.962871e-02
6.569472e-02
8.334383e-02
7.051600e-02
9.035834e-02
1.050050e-01
1.058783e-01
1.298040e-01
1.504903e-01
1.245236e-01
1.202873e-01
1.524933e-01
1.789738e-01
1.795656e-01
1.470125e-01
1.605468e-01
1.727170e-01
2.050428e-01
2.110132e-01
2.020961e-01
1.754297e-01
1.903065e-01
2.299260e-01
2.225395e-01
2.220933e-01
2.210521e-01
1.930804e-01
2.224060e-01
2.409986e-01
2.464336e-01
2.456841e-01
2.216922e-01
2.240093e-01
2.321229e-01
2.535083e-01
2.518347e-01
2.420215e-01
2.419562e-01
2.535886e-01
2.595598e-01
2.628646e-01
2.632166e-01
2.565823e-01
2.524116e-01
2.521965e-01
2.521726e-01
2.603860e-01
2.669261e-01
2.664283e-01
2.605248e-01
2.643946e-01
2.712142e-01
2.717126e-01
2.710958e-01
2.707447e-01
2.649494e-01
2.688488e-01
2.726662e-01
2.742188e-01
2.739046e-01
2.760686e-01
2.768382e-01
2.782555e-01
2.791584e-01
2.793944e-01
2.836388e-01
2.926048e-01
2.980956e-01
2.981216e-01
3.009757e-01
