0.000000e+00
8.807694e-09
2.105786e-08
3.449483e-08
6.584956e-08
1.548210e-07
2.661770e-07
5.066477e-07
1.221970e-06
2.444954e-06
3.635271e-06
7.479773e-06
1.800087e-05
3.063125e-05
4.752392e-05
8.185385e-05
1.539241e-04
2.278741e-04
3.282280e-04
4.440222e-04
8.091121e-04
1.043874e-03
1.392111e-03
2.143390e-03
2.798759e-03
4.053121e-03
7.266247e-03
8.732992e-03
1.018426e-02
1.438935e-02
1.764952e-02
1.983107e-02
2.600922e-02
3.324691e-02
3.320653e-02
3.316615e-02
3.740744e-02
4.042931e-02
5.280055e-02
5.777523e-02
6.032746e-02
6.114951e-02
6.198498e-02
7.341630e-02
8.074235e-02
8.560175e-02
7.981298e-02
9.366519e-02
1.077300e-01
9.813958e-02
1.131967e-01
1.236721e-01
1.244964e-01
1.400478e-01
1.527992e-01
1.373484e-01
1.348125e-01
1.545555e-01
1.695890e-01
1.701529e-01
1.519853e-01
1.599811e-01
1.669706e-01
1.843874e-01
1.876921e-01
1.833596e-01
1.693075e-01
1.775263e-01
1.981847e-01
1.948006e-01
1.946326e-01
1.942407e-01
1.800267e-01
1.953047e-01
2.046491e-01
2.074998e-01
2.073232e-01
1.959484e-01
1.972024e-01
2.013179e-01
2.122168e-01
2.114978e-01
2.070377e-01
2.072010e-01
2.130075e-01
2.160082e-01
2.177895e-01
2.181597e-01
2.152234e-01
2.134509e-01
2.135329e-01
2.135421e-01
2.176270e-01
2.209933e-01
2.210045e-01
2.184575e-01
2.204655e-01
2.242931e-01
2.246870e-01
2.245967e-01
2.245924e-01
2.220560e-01
2.240647e-01
2.261417e-01
2.273456e-01
2.273852e-01
2.288280e-01
2.296354e-01
2.308381e-01
2.317684e-01
2.320226e-01
2.367313e-01
2.468098e-01
2.532522e-01
2.532848e-01
2.567346e-01
