1.814847e-04
2.455660e-04
3.729579e-04
4.557024e-04
6.487840e-04
9.674497e-04
1.238139e-03
1.640274e-03
2.390965e-03
3.233980e-03
3.806445e-03
5.134176e-03
7.333433e-03
9.081406e-03
1.080316e-02
1.342344e-02
1.721743e-02
2.007009e-02
2.316020e-02
2.606044e-02
3.294730e-02
3.638067e-02
4.067034e-02
4.804557e-02
5.331801e-02
6.150948e-02
7.722071e-02
8.292228e-02
8.804291e-02
1.007667e-01
1.091022e-01
1.142148e-01
1.269015e-01
1.393393e-01
1.394262e-01
1.395130e-01
1.462049e-01
1.507894e-01
1.671569e-01
1.732722e-01
1.762775e-01
1.772494e-01
1.782682e-01
1.903817e-01
1.975786e-01
2.022239e-01
1.969680e-01
2.095306e-01
2.214183e-01
2.138008e-01
2.259976e-01
2.341161e-01
2.348487e-01
2.458217e-01
2.544385e-01
2.444681e-01
2.429025e-01
2.560498e-01
2.654205e-01
2.659288e-01
2.549421e-01
2.601401e-01
2.645860e-01
2.748629e-01
2.768830e-01
2.746396e-01
2.666651e-01
2.716547e-01
2.835122e-01
2.818759e-01
2.818422e-01
2.817638e-01
2.739974e-01
2.827446e-01
2.879030e-01
2.895603e-01
2.896136e-01
2.839148e-01
2.846968e-01
2.870115e-01
2.931468e-01
2.928287e-01
2.907392e-01
2.910755e-01
2.942714e-01
2.959096e-01
2.970308e-01
2.973953e-01
2.960638e-01
2.953333e-01
2.955664e-01
2.955923e-01
2.978289e-01
2.997458e-01
2.999939e-01
2.988725e-01
3.000646e-01
3.025194e-01
3.028652e-01
3.030107e-01
3.031212e-01
3.019846e-01
3.031585e-01
3.044659e-01
3.054773e-01
3.056622e-01
3.067427e-01
3.076013e-01
3.086572e-01
3.095851e-01
3.098448e-01
3.145686e-01
3.245380e-01
3.306264e-01
3.306558e-01
3.338353e-01
