9.179340e-08
1.627520e-07
3.576714e-07
5.654752e-07
1.050379e-06
2.310061e-06
3.769215e-06
6.665950e-06
1.431867e-05
2.615698e-05
3.639470e-05
6.711188e-05
1.396484e-04
2.166439e-04
3.094522e-04
4.842406e-04
8.100476e-04
1.110754e-03
1.491860e-03
1.901595e-03
3.091091e-03
3.789718e-03
4.775911e-03
6.743521e-03
8.359252e-03
1.122256e-02
1.793128e-02
2.073304e-02
2.345473e-02
3.093934e-02
3.642821e-02
3.990126e-02
4.957508e-02
6.034606e-02
6.023280e-02
6.011956e-02
6.614744e-02
7.041950e-02
8.699425e-02
9.343993e-02
9.671616e-02
9.776346e-02
9.876452e-02
1.130363e-01
1.218993e-01
1.276971e-01
1.206364e-01
1.370181e-01
1.531828e-01
1.420981e-01
1.592472e-01
1.708381e-01
1.716156e-01
1.884124e-01
2.019598e-01
1.854227e-01
1.826669e-01
2.036642e-01
2.192401e-01
2.197516e-01
2.008031e-01
2.091702e-01
2.164072e-01
2.341079e-01
2.373597e-01
2.329461e-01
2.186181e-01
2.269718e-01
2.476532e-01
2.442303e-01
2.440617e-01
2.436683e-01
2.293650e-01
2.447122e-01
2.539005e-01
2.566358e-01
2.564327e-01
2.451692e-01
2.464014e-01
2.504830e-01
2.610574e-01
2.603399e-01
2.559624e-01
2.561527e-01
2.617889e-01
2.646443e-01
2.663553e-01
2.666921e-01
2.638265e-01
2.620772e-01
2.621571e-01
2.621659e-01
2.660976e-01
2.692834e-01
2.692920e-01
2.667889e-01
2.687169e-01
2.723229e-01
2.726921e-01
2.726023e-01
2.725622e-01
2.700889e-01
2.720109e-01
2.739862e-01
2.750833e-01
2.751059e-01
2.764257e-01
2.772119e-01
2.782991e-01
2.791584e-01
2.793944e-01
2.836388e-01
2.926048e-01
2.980956e-01
2.981216e-01
3.009757e-01
