2.045101e-04
2.759075e-04
4.186567e-04
5.114345e-04
7.279285e-04
1.085480e-03
1.388331e-03
1.836839e-03
2.671717e-03
3.618028e-03
4.242851e-03
5.728959e-03
8.183090e-03
1.013058e-02
1.201956e-02
1.494783e-02
1.916343e-02
2.230247e-02
2.571620e-02
2.890384e-02
3.655340e-02
4.031682e-02
4.506697e-02
5.315825e-02
5.899504e-02
6.794579e-02
8.526239e-02
9.141427e-02
9.706734e-02
1.110030e-01
1.201403e-01
1.255601e-01
1.394683e-01
1.533869e-01
1.532413e-01
1.530958e-01
1.603091e-01
1.653254e-01
1.829970e-01
1.895304e-01
1.927625e-01
1.937949e-01
1.947753e-01
2.079113e-01
2.156525e-01
2.206015e-01
2.146792e-01
2.282549e-01
2.409923e-01
2.325261e-01
2.456915e-01
2.542936e-01
2.548741e-01
2.665924e-01
2.757736e-01
2.648182e-01
2.630213e-01
2.771239e-01
2.871179e-01
2.875262e-01
2.755294e-01
2.810361e-01
2.857273e-01
2.966615e-01
2.986899e-01
2.961413e-01
2.874469e-01
2.926856e-01
3.051986e-01
3.033003e-01
3.032323e-01
3.030736e-01
2.946145e-01
3.039007e-01
3.093045e-01
3.109411e-01
3.109013e-01
3.045823e-01
3.053546e-01
3.077871e-01
3.140194e-01
3.136322e-01
3.112798e-01
3.115416e-01
3.148410e-01
3.164683e-01
3.175544e-01
3.178327e-01
3.163029e-01
3.154081e-01
3.155684e-01
3.155863e-01
3.178668e-01
3.197070e-01
3.198491e-01
3.185357e-01
3.196981e-01
3.219697e-01
3.222617e-01
3.223174e-01
3.223315e-01
3.210201e-01
3.221794e-01
3.234147e-01
3.242185e-01
3.243260e-01
3.252035e-01
3.259431e-01
3.267755e-01
3.275127e-01
3.277225e-01
3.313021e-01
3.387989e-01
3.431474e-01
3.431662e-01
3.453306e-01
