1.099235e-06
1.756504e-06
3.345415e-06
4.750645e-06
8.029708e-06
1.523576e-05
2.270400e-05
3.602956e-05
6.712296e-05
1.095940e-04
1.441691e-04
2.363176e-04
4.280384e-04
6.119066e-04
8.210377e-04
1.179464e-03
1.792758e-03
2.325046e-03
2.959932e-03
3.614675e-03
5.364109e-03
6.346381e-03
7.663865e-03
1.017221e-02
1.212474e-02
1.546252e-02
2.269949e-02
2.562692e-02
2.835555e-02
3.561121e-02
4.073064e-02
4.402770e-02
5.261108e-02
6.181695e-02
6.179543e-02
6.177391e-02
6.688158e-02
7.041263e-02
8.392751e-02
8.914526e-02
9.174959e-02
9.259266e-02
9.348348e-02
1.044976e-01
1.112801e-01
1.157038e-01
1.106198e-01
1.228645e-01
1.348415e-01
1.269859e-01
1.394936e-01
1.480008e-01
1.487592e-01
1.607545e-01
1.703567e-01
1.590362e-01
1.572176e-01
1.719732e-01
1.828117e-01
1.833341e-01
1.704606e-01
1.763581e-01
1.814522e-01
1.936574e-01
1.960338e-01
1.932152e-01
1.835762e-01
1.894315e-01
2.037013e-01
2.015819e-01
2.015063e-01
2.013297e-01
1.917697e-01
2.023029e-01
2.086343e-01
2.106348e-01
2.106221e-01
2.033128e-01
2.042207e-01
2.070320e-01
2.145215e-01
2.140924e-01
2.113217e-01
2.115793e-01
2.155154e-01
2.175565e-01
2.188563e-01
2.192211e-01
2.174294e-01
2.163991e-01
2.165779e-01
2.165977e-01
2.193650e-01
2.217121e-01
2.218812e-01
2.203573e-01
2.217802e-01
2.246340e-01
2.249882e-01
2.250589e-01
2.251473e-01
2.236121e-01
2.250215e-01
2.265440e-01
2.276101e-01
2.277486e-01
2.289400e-01
2.297536e-01
2.308517e-01
2.317684e-01
2.320226e-01
2.367313e-01
2.468098e-01
2.532522e-01
2.532848e-01
2.567346e-01
