0.000000e+00
-8.180417e-74
3.043868e-66
-5.200350e-65
1.089635e-60
-8.417923e-55
-1.421562e-49
-1.315919e-44
-2.812461e-38
-1.256652e-32
-2.183524e-27
9.925352e-09
3.474838e-08
7.593932e-08
1.476173e-07
3.409706e-07
9.289711e-07
1.752610e-06
3.185575e-06
5.249995e-06
1.437625e-05
2.210205e-05
3.620693e-05
7.606568e-05
1.199573e-04
2.277398e-04
6.235482e-04
8.583110e-04
1.118901e-03
2.030079e-03
2.895267e-03
3.536232e-03
5.670936e-03
8.699308e-03
8.671560e-03
8.643812e-03
1.065114e-02
1.218667e-02
1.941669e-02
2.263127e-02
2.438181e-02
2.494399e-02
2.550219e-02
3.423616e-02
4.036994e-02
4.463707e-02
3.941758e-02
5.219850e-02
6.631797e-02
5.622639e-02
7.206242e-02
8.386765e-02
8.472794e-02
1.040135e-01
1.207227e-01
1.000068e-01
9.665581e-02
1.226325e-01
1.440891e-01
1.447138e-01
1.185410e-01
1.295126e-01
1.394014e-01
1.657204e-01
1.707363e-01
1.636271e-01
1.420429e-01
1.542177e-01
1.866541e-01
1.807976e-01
1.804505e-01
1.796405e-01
1.569280e-01
1.808758e-01
1.961967e-01
2.007984e-01
2.002815e-01
1.808168e-01
1.827529e-01
1.894071e-01
2.072530e-01
2.059213e-01
1.979730e-01
1.979398e-01
2.076116e-01
2.126483e-01
2.154653e-01
2.158474e-01
2.104662e-01
2.071341e-01
2.070136e-01
2.070002e-01
2.138652e-01
2.194197e-01
2.190883e-01
2.143478e-01
2.176075e-01
2.235445e-01
2.240247e-01
2.235804e-01
2.233789e-01
2.186805e-01
2.219759e-01
2.252554e-01
2.267665e-01
2.265875e-01
2.285801e-01
2.293755e-01
2.308077e-01
2.317684e-01
2.320226e-01
2.367313e-01
2.468098e-01
2.532522e-01
2.532848e-01
2.567346e-01
