0.000000e+00
3.599881e-50
-1.688565e-43
6.235777e-42
-3.597654e-38
4.185286e-32
-5.774464e-27
7.686521e-09
2.124495e-08
4.535014e-08
7.109423e-08
1.615802e-07
4.568948e-07
8.745461e-07
1.518167e-06
3.039020e-06
6.963645e-06
1.176350e-05
1.926241e-05
2.908341e-05
6.670293e-05
9.507382e-05
1.425765e-04
2.624175e-04
3.824180e-04
6.477909e-04
1.488505e-03
1.936060e-03
2.411549e-03
3.950941e-03
5.298032e-03
6.251337e-03
9.238271e-03
1.316232e-02
1.312830e-02
1.309429e-02
1.556510e-02
1.740426e-02
2.557905e-02
2.906534e-02
3.092096e-02
3.151662e-02
3.210595e-02
4.098485e-02
4.699069e-02
5.108683e-02
4.609520e-02
5.814043e-02
7.099812e-02
6.193713e-02
7.610853e-02
8.636481e-02
8.710670e-02
1.032550e-01
1.169415e-01
1.000647e-01
9.730605e-02
1.185687e-01
1.355661e-01
1.360906e-01
1.153793e-01
1.242020e-01
1.320553e-01
1.524353e-01
1.562858e-01
1.509207e-01
1.342698e-01
1.437592e-01
1.684779e-01
1.641415e-01
1.638956e-01
1.633218e-01
1.460722e-01
1.643539e-01
1.758225e-01
1.792633e-01
1.789218e-01
1.645124e-01
1.659877e-01
1.710009e-01
1.843224e-01
1.833586e-01
1.775612e-01
1.776091e-01
1.847951e-01
1.885086e-01
1.906289e-01
1.909592e-01
1.870714e-01
1.846745e-01
1.846432e-01
1.846397e-01
1.897165e-01
1.938265e-01
1.936599e-01
1.902482e-01
1.926823e-01
1.971642e-01
1.975592e-01
1.972969e-01
1.971812e-01
1.937976e-01
1.962492e-01
1.987113e-01
1.999221e-01
1.998417e-01
2.013841e-01
2.021076e-01
2.032784e-01
2.041153e-01
2.043409e-01
2.084598e-01
2.172803e-01
2.229345e-01
2.229626e-01
2.259736e-01
