0.000000e+00
2.838549e-41
6.450801e-35
-2.510315e-33
-6.192202e-29
-3.190103e-23
1.620948e-05
2.802121e-05
5.820782e-05
1.027083e-04
1.415977e-04
2.501686e-04
4.947412e-04
7.449048e-04
1.044728e-03
1.576365e-03
2.537145e-03
3.413044e-03
4.488329e-03
5.632991e-03
8.789666e-03
1.063503e-02
1.315374e-02
1.811276e-02
2.205770e-02
2.902669e-02
4.461427e-02
5.115830e-02
5.727337e-02
7.387413e-02
8.580501e-02
9.368849e-02
1.142159e-01
1.365791e-01
1.366092e-01
1.366393e-01
1.493028e-01
1.579772e-01
1.921651e-01
2.054632e-01
2.120926e-01
2.142482e-01
2.166019e-01
2.449960e-01
2.626874e-01
2.742215e-01
2.610543e-01
2.931343e-01
3.248219e-01
3.040644e-01
3.371800e-01
3.598329e-01
3.619993e-01
3.942904e-01
4.202100e-01
3.895631e-01
3.845938e-01
4.245376e-01
4.540817e-01
4.554881e-01
4.203078e-01
4.362773e-01
4.500873e-01
4.836223e-01
4.901666e-01
4.823257e-01
4.557462e-01
4.717623e-01
5.110671e-01
5.051125e-01
5.048647e-01
5.042864e-01
4.777889e-01
5.067078e-01
5.242645e-01
5.298326e-01
5.297271e-01
5.091578e-01
5.116066e-01
5.193214e-01
5.401231e-01
5.389298e-01
5.309826e-01
5.314145e-01
5.422888e-01
5.480711e-01
5.515172e-01
5.524213e-01
5.473248e-01
5.443340e-01
5.446348e-01
5.446682e-01
5.523238e-01
5.589252e-01
5.591597e-01
5.547931e-01
5.586533e-01
5.662731e-01
5.671135e-01
5.671254e-01
5.673701e-01
5.630117e-01
5.668320e-01
5.709240e-01
5.737232e-01
5.739814e-01
5.772571e-01
5.789509e-01
5.817677e-01
5.839393e-01
5.845232e-01
5.960766e-01
6.205578e-01
6.359758e-01
6.360600e-01
6.444934e-01
