0.000000e+00
3.793306e-84
3.753013e-79
-9.810138e-77
-2.398797e-73
2.167565e-67
-2.449093e-61
2.556913e-56
-6.502332e-50
-4.659318e-44
-1.535945e-38
1.721299e-32
-7.478397e-27
6.183264e-09
1.206610e-08
2.809911e-08
7.806340e-08
1.501730e-07
2.817145e-07
4.805370e-07
1.472284e-06
2.394175e-06
4.246126e-06
1.021928e-05
1.762917e-05
3.836237e-05
1.332701e-04
1.980101e-04
2.756706e-04
5.813338e-04
9.108105e-04
1.164339e-03
2.123738e-03
3.668335e-03
3.640944e-03
3.613554e-03
4.705342e-03
5.595521e-03
1.010458e-02
1.223269e-02
1.344769e-02
1.383426e-02
1.418908e-02
2.067119e-02
2.547904e-02
2.893598e-02
2.456185e-02
3.525872e-02
4.768737e-02
3.844564e-02
5.282935e-02
6.400542e-02
6.465528e-02
8.402024e-02
1.014102e-01
7.944361e-02
7.595180e-02
1.029877e-01
1.264738e-01
1.269448e-01
9.809532e-02
1.098138e-01
1.205864e-01
1.503037e-01
1.558810e-01
1.473800e-01
1.227871e-01
1.363317e-01
1.737301e-01
1.664870e-01
1.660386e-01
1.649922e-01
1.385444e-01
1.661599e-01
1.842040e-01
1.894949e-01
1.886894e-01
1.651532e-01
1.673676e-01
1.751859e-01
1.960508e-01
1.943498e-01
1.845486e-01
1.844166e-01
1.958663e-01
2.017736e-01
2.050202e-01
2.052998e-01
1.985662e-01
1.943308e-01
1.940565e-01
1.940260e-01
2.021683e-01
2.086337e-01
2.080438e-01
2.020235e-01
2.058449e-01
2.125100e-01
2.129606e-01
2.122663e-01
2.118462e-01
2.059318e-01
2.097984e-01
2.135485e-01
2.149339e-01
2.145478e-01
2.165637e-01
2.171972e-01
2.184311e-01
2.191625e-01
2.193512e-01
2.226357e-01
2.295877e-01
2.338751e-01
2.338945e-01
2.360935e-01
