6.865441e-09
1.134161e-08
2.242563e-08
3.277468e-08
5.692387e-08
1.124262e-07
1.720584e-07
2.852175e-07
5.732555e-07
1.000033e-06
1.381651e-06
2.521909e-06
5.426754e-06
8.778655e-06
1.321038e-05
2.233099e-05
4.201666e-05
6.275370e-05
9.189225e-05
1.264460e-04
2.435833e-04
3.218927e-04
4.439969e-04
7.214092e-04
9.775537e-04
1.489265e-03
2.928897e-03
3.615087e-03
4.326933e-03
6.481929e-03
8.241934e-03
9.403793e-03
1.296519e-02
1.736009e-02
1.729487e-02
1.722965e-02
1.984372e-02
2.177428e-02
2.981967e-02
3.311047e-02
3.484240e-02
3.539288e-02
3.589364e-02
4.391322e-02
4.913389e-02
5.263089e-02
4.824540e-02
5.842674e-02
6.892687e-02
6.146586e-02
7.292089e-02
8.092389e-02
8.137347e-02
9.362292e-02
1.038024e-01
9.112958e-02
8.901478e-02
1.048424e-01
1.171009e-01
1.174260e-01
1.023396e-01
1.087811e-01
1.144462e-01
1.288261e-01
1.314249e-01
1.276251e-01
1.158242e-01
1.225146e-01
1.396234e-01
1.365937e-01
1.364172e-01
1.360055e-01
1.239798e-01
1.366959e-01
1.444643e-01
1.467170e-01
1.464533e-01
1.365989e-01
1.375953e-01
1.410288e-01
1.498857e-01
1.492165e-01
1.453032e-01
1.453713e-01
1.501676e-01
1.525684e-01
1.539693e-01
1.541622e-01
1.515435e-01
1.499102e-01
1.498961e-01
1.498945e-01
1.532475e-01
1.558779e-01
1.557702e-01
1.534607e-01
1.550606e-01
1.579402e-01
1.581972e-01
1.580234e-01
1.578982e-01
1.556220e-01
1.572302e-01
1.588211e-01
1.595315e-01
1.594625e-01
1.603709e-01
1.608874e-01
1.615701e-01
1.620855e-01
1.622287e-01
1.645877e-01
1.695935e-01
1.727101e-01
1.727230e-01
1.742881e-01
