1.013257e-06
1.516260e-06
2.661129e-06
3.611654e-06
5.829673e-06
1.048551e-05
1.520118e-05
2.352306e-05
4.277715e-05
6.890911e-05
9.018946e-05
1.471258e-04
2.666814e-04
3.822897e-04
5.146290e-04
7.440363e-04
1.141480e-03
1.489486e-03
1.908521e-03
2.343549e-03
3.523826e-03
4.191467e-03
5.095960e-03
6.833659e-03
8.200931e-03
1.055421e-02
1.574281e-02
1.785501e-02
1.984359e-02
2.516879e-02
2.896004e-02
3.139160e-02
3.782175e-02
4.478077e-02
4.475123e-02
4.472168e-02
4.858988e-02
5.128097e-02
6.161408e-02
6.561340e-02
6.761858e-02
6.826577e-02
6.893437e-02
7.747337e-02
8.274233e-02
8.618413e-02
8.217944e-02
9.175068e-02
1.011322e-01
9.491919e-02
1.047593e-01
1.114488e-01
1.120106e-01
1.215010e-01
1.291164e-01
1.200821e-01
1.186192e-01
1.303362e-01
1.389685e-01
1.393623e-01
1.290662e-01
1.337504e-01
1.378011e-01
1.475397e-01
1.494188e-01
1.471403e-01
1.394103e-01
1.440699e-01
1.554623e-01
1.537414e-01
1.536758e-01
1.535229e-01
1.458456e-01
1.542723e-01
1.593295e-01
1.609088e-01
1.608829e-01
1.549889e-01
1.557073e-01
1.579555e-01
1.639037e-01
1.635485e-01
1.613129e-01
1.615162e-01
1.646608e-01
1.662687e-01
1.673035e-01
1.675781e-01
1.661201e-01
1.652750e-01
1.654111e-01
1.654263e-01
1.676340e-01
1.694743e-01
1.695990e-01
1.683548e-01
1.694823e-01
1.717290e-01
1.720099e-01
1.720551e-01
1.721015e-01
1.708493e-01
1.719691e-01
1.731671e-01
1.739717e-01
1.740686e-01
1.749643e-01
1.756181e-01
1.764498e-01
1.771546e-01
1.773513e-01
1.808940e-01
1.884822e-01
1.933615e-01
1.933851e-01
1.959659e-01
