0.000000e+00
-2.047209e-45
-4.745599e-38
-3.175304e-36
-1.352966e-32
-3.212242e-27
4.787855e-09
9.014107e-09
2.119634e-08
4.098915e-08
5.997967e-08
1.189361e-07
2.763304e-07
4.614137e-07
7.127758e-07
1.223580e-06
2.356133e-06
3.588841e-06
5.371160e-06
7.578246e-06
1.568621e-05
2.165592e-05
3.167326e-05
5.776759e-05
8.477909e-05
1.474664e-04
3.697932e-04
4.970487e-04
6.398834e-04
1.139308e-03
1.615002e-03
1.955271e-03
3.139140e-03
4.844883e-03
4.814965e-03
4.785046e-03
5.905495e-03
6.782356e-03
1.088882e-02
1.271450e-02
1.372467e-02
1.404524e-02
1.433274e-02
1.944001e-02
2.303572e-02
2.554747e-02
2.235447e-02
2.995605e-02
3.838316e-02
3.219200e-02
4.173811e-02
4.884440e-02
4.922561e-02
6.097893e-02
7.122994e-02
5.830413e-02
5.620171e-02
7.214953e-02
8.541318e-02
8.568376e-02
6.934693e-02
7.608657e-02
8.217867e-02
9.847104e-02
1.014681e-01
9.691765e-02
8.343697e-02
9.091031e-02
1.109671e-01
1.071790e-01
1.069481e-01
1.064093e-01
9.220486e-02
1.070716e-01
1.165185e-01
1.192532e-01
1.188538e-01
1.065994e-01
1.077715e-01
1.119019e-01
1.227214e-01
1.218490e-01
1.168402e-01
1.168234e-01
1.227501e-01
1.257473e-01
1.274379e-01
1.276011e-01
1.241856e-01
1.220356e-01
1.219336e-01
1.219223e-01
1.261032e-01
1.293702e-01
1.291180e-01
1.260791e-01
1.280445e-01
1.314907e-01
1.317509e-01
1.314375e-01
1.312196e-01
1.282292e-01
1.302166e-01
1.321432e-01
1.328690e-01
1.327006e-01
1.337107e-01
1.341581e-01
1.348235e-01
1.352683e-01
1.353894e-01
1.373126e-01
1.413959e-01
1.439557e-01
1.439656e-01
1.452270e-01
