9.120161e-08
1.361926e-07
2.366612e-07
3.170994e-07
5.047997e-07
8.810252e-07
1.249166e-06
1.892027e-06
3.372242e-06
5.390827e-06
7.044595e-06
1.172156e-05
2.244161e-05
3.374855e-05
4.760172e-05
7.446679e-05
1.274420e-04
1.787802e-04
2.470777e-04
3.236972e-04
5.658983e-04
7.164769e-04
9.418674e-04
1.421392e-03
1.842879e-03
2.633338e-03
4.696294e-03
5.610824e-03
6.547695e-03
9.255990e-03
1.136990e-02
1.270818e-02
1.673728e-02
2.150708e-02
2.142208e-02
2.133709e-02
2.406575e-02
2.607065e-02
3.409418e-02
3.728524e-02
3.895001e-02
3.947579e-02
3.992694e-02
4.747091e-02
5.226165e-02
5.542298e-02
5.137776e-02
6.053619e-02
6.975727e-02
6.316660e-02
7.315445e-02
7.996737e-02
8.027567e-02
9.049565e-02
9.887919e-02
8.836459e-02
8.657859e-02
9.962233e-02
1.095186e-01
1.097273e-01
9.747822e-02
1.026997e-01
1.072525e-01
1.186592e-01
1.206691e-01
1.176400e-01
1.082181e-01
1.135150e-01
1.269124e-01
1.245080e-01
1.243667e-01
1.240370e-01
1.145400e-01
1.245235e-01
1.305153e-01
1.322049e-01
1.319763e-01
1.242937e-01
1.250515e-01
1.277131e-01
1.344304e-01
1.338988e-01
1.308765e-01
1.309289e-01
1.345868e-01
1.363662e-01
1.374201e-01
1.375389e-01
1.355084e-01
1.342310e-01
1.342128e-01
1.342108e-01
1.367439e-01
1.386610e-01
1.385622e-01
1.367745e-01
1.379660e-01
1.400687e-01
1.402559e-01
1.401100e-01
1.399730e-01
1.382151e-01
1.394184e-01
1.405838e-01
1.410393e-01
1.409701e-01
1.415552e-01
1.419613e-01
1.423981e-01
1.427436e-01
1.428434e-01
1.442684e-01
1.472864e-01
1.491061e-01
1.491115e-01
1.499427e-01
