0.000000e+00
4.065217e-73
5.552218e-67
5.665812e-65
-7.262210e-62
2.408755e-55
9.170924e-50
1.584124e-44
-3.541406e-39
7.884276e-33
1.768942e-26
5.229431e-09
1.485976e-08
2.786414e-08
4.722476e-08
9.008301e-08
1.936683e-07
3.132833e-07
4.911143e-07
7.155712e-07
1.539039e-06
2.146407e-06
3.142787e-06
5.748933e-06
8.399085e-06
1.469152e-05
3.837093e-05
5.327291e-05
7.060891e-05
1.392048e-04
2.139074e-04
2.721428e-04
5.042714e-04
9.055899e-04
8.977233e-04
8.898566e-04
1.189086e-03
1.439878e-03
2.820168e-03
3.506767e-03
3.912267e-03
4.041011e-03
4.156980e-03
6.467879e-03
8.283092e-03
9.632164e-03
7.908230e-03
1.221630e-02
1.750593e-02
1.347398e-02
1.978065e-02
2.494286e-02
2.522609e-02
3.475033e-02
4.365772e-02
3.233290e-02
3.058051e-02
4.439465e-02
5.712233e-02
5.734603e-02
4.172789e-02
4.791212e-02
5.373651e-02
7.045871e-02
7.365112e-02
6.868579e-02
5.480438e-02
6.234565e-02
8.398421e-02
7.963514e-02
7.936084e-02
7.872076e-02
6.339925e-02
7.934491e-02
9.008551e-02
9.323903e-02
9.271651e-02
7.857279e-02
7.987428e-02
8.450055e-02
9.697470e-02
9.591134e-02
8.993178e-02
8.983804e-02
9.676082e-02
1.003250e-01
1.023004e-01
1.024359e-01
9.825028e-02
9.562116e-02
9.543726e-02
9.541683e-02
1.003730e-01
1.042680e-01
1.038742e-01
1.001196e-01
1.024417e-01
1.064610e-01
1.067259e-01
1.062712e-01
1.059629e-01
1.022623e-01
1.046251e-01
1.068933e-01
1.076403e-01
1.073717e-01
1.084956e-01
1.088760e-01
1.095313e-01
1.099099e-01
1.100099e-01
1.115208e-01
1.147305e-01
1.167586e-01
1.167657e-01
1.177387e-01
