2.916479e-07
4.044146e-07
6.342494e-07
7.951701e-07
1.170673e-06
1.828079e-06
2.410825e-06
3.337936e-06
5.225217e-06
7.436655e-06
9.118066e-06
1.315707e-05
2.082164e-05
2.757996e-05
3.512776e-05
4.743152e-05
6.863161e-05
8.714281e-05
1.095724e-04
1.333038e-04
2.023501e-04
2.436267e-04
3.028102e-04
4.298809e-04
5.391429e-04
7.479532e-04
1.311240e-03
1.571586e-03
1.841989e-03
2.666217e-03
3.338284e-03
3.772265e-03
5.149903e-03
6.875429e-03
6.843167e-03
6.810906e-03
7.840483e-03
8.600323e-03
1.184484e-02
1.317168e-02
1.387459e-02
1.409621e-02
1.428321e-02
1.762239e-02
1.980976e-02
2.127881e-02
1.937789e-02
2.371398e-02
2.821624e-02
2.493140e-02
2.990066e-02
3.336461e-02
3.351011e-02
3.892395e-02
4.345790e-02
3.771632e-02
3.673223e-02
4.380039e-02
4.933793e-02
4.943709e-02
4.255705e-02
4.542486e-02
4.795568e-02
5.447596e-02
5.563023e-02
5.384725e-02
4.841783e-02
5.141684e-02
5.917684e-02
5.774339e-02
5.765182e-02
5.743814e-02
5.189085e-02
5.767931e-02
6.120563e-02
6.218535e-02
6.203078e-02
5.744288e-02
5.787695e-02
5.943474e-02
6.336204e-02
6.302936e-02
6.121233e-02
6.122934e-02
6.339921e-02
6.443503e-02
6.505727e-02
6.510755e-02
6.385665e-02
6.307027e-02
6.304530e-02
6.304253e-02
6.455018e-02
6.564409e-02
6.556650e-02
6.447110e-02
6.516276e-02
6.637751e-02
6.648578e-02
6.638185e-02
6.626856e-02
6.518006e-02
6.588965e-02
6.655914e-02
6.676531e-02
6.670751e-02
6.696835e-02
6.722137e-02
6.741742e-02
6.758458e-02
6.763618e-02
6.816654e-02
6.929991e-02
7.002342e-02
7.002335e-02
7.028078e-02
