0.000000e+00
-9.725178e-79
-1.403896e-72
-4.747157e-71
7.163404e-67
3.199627e-61
1.596278e-55
-2.534950e-50
-2.688741e-44
-2.093849e-38
1.525096e-32
2.732614e-27
5.476790e-09
1.067867e-08
1.855515e-08
3.690008e-08
8.274111e-08
1.367882e-07
2.190544e-07
3.241689e-07
7.200753e-07
1.012596e-06
1.496389e-06
2.744361e-06
3.996813e-06
6.858512e-06
1.686014e-05
2.273089e-05
2.937620e-05
5.483866e-05
8.176725e-05
1.024799e-04
1.871890e-04
3.405955e-04
3.372633e-04
3.339310e-04
4.534626e-04
5.562105e-04
1.173129e-03
1.497871e-03
1.697169e-03
1.760284e-03
1.815826e-03
3.041889e-03
4.073362e-03
4.871171e-03
3.840764e-03
6.489692e-03
9.967087e-03
7.239587e-03
1.153292e-02
1.528053e-02
1.547229e-02
2.293985e-02
3.027926e-02
2.087916e-02
1.947715e-02
3.081036e-02
4.203579e-02
4.219214e-02
2.844363e-02
3.371476e-02
3.882694e-02
5.425653e-02
5.725734e-02
5.245736e-02
3.962167e-02
4.647597e-02
6.710549e-02
6.275140e-02
6.247099e-02
6.181667e-02
4.721176e-02
6.233384e-02
7.292356e-02
7.604056e-02
7.546259e-02
6.134542e-02
6.260269e-02
6.711619e-02
7.946904e-02
7.836021e-02
7.226680e-02
7.213234e-02
7.905787e-02
8.264040e-02
8.461358e-02
8.469554e-02
8.035114e-02
7.762261e-02
7.739609e-02
7.737093e-02
8.236249e-02
8.626558e-02
8.579747e-02
8.188163e-02
8.420973e-02
8.817253e-02
8.840425e-02
8.788422e-02
8.751414e-02
8.366218e-02
8.603834e-02
8.829244e-02
8.892113e-02
8.859470e-02
8.962084e-02
8.991038e-02
9.043216e-02
9.068712e-02
9.075375e-02
9.155619e-02
9.326574e-02
9.432838e-02
9.432996e-02
9.476392e-02
