0.000000e+00
-2.084959e-56
8.690662e-50
5.644879e-48
-8.747168e-45
-1.501510e-38
-6.238207e-33
1.373407e-27
1.946419e-09
4.226182e-09
6.456337e-09
1.376636e-08
3.467394e-08
6.045989e-08
9.660443e-08
1.707693e-07
3.358583e-07
5.143031e-07
7.646207e-07
1.065845e-06
2.081956e-06
2.783830e-06
3.862593e-06
6.472571e-06
8.889187e-06
1.407188e-05
2.998900e-05
3.858577e-05
4.771701e-05
8.028567e-05
1.113974e-04
1.344235e-04
2.203344e-04
3.613135e-04
3.590725e-04
3.568316e-04
4.623754e-04
5.476171e-04
1.046502e-03
1.299798e-03
1.451065e-03
1.499139e-03
1.542832e-03
2.457227e-03
3.210922e-03
3.788349e-03
3.047962e-03
4.950492e-03
7.419357e-03
5.495281e-03
8.527257e-03
1.114741e-02
1.129413e-02
1.649375e-02
2.158095e-02
1.508107e-02
1.410162e-02
2.197141e-02
2.973451e-02
2.985836e-02
2.035860e-02
2.401250e-02
2.755093e-02
3.822020e-02
4.031493e-02
3.702256e-02
2.814730e-02
3.290208e-02
4.718061e-02
4.420639e-02
4.401449e-02
4.356671e-02
3.346481e-02
4.394880e-02
5.128703e-02
5.346089e-02
5.307854e-02
4.334148e-02
4.421908e-02
4.735010e-02
5.594761e-02
5.518595e-02
5.099228e-02
5.091273e-02
5.573739e-02
5.823342e-02
5.962539e-02
5.970173e-02
5.670355e-02
5.483018e-02
5.468643e-02
5.467046e-02
5.816003e-02
6.088739e-02
6.058657e-02
5.789126e-02
5.952212e-02
6.234556e-02
6.252813e-02
6.218502e-02
6.193802e-02
5.926578e-02
6.093885e-02
6.253568e-02
6.301302e-02
6.280310e-02
6.353784e-02
6.380484e-02
6.421570e-02
6.444582e-02
6.450815e-02
6.529309e-02
6.695638e-02
6.803344e-02
6.803552e-02
6.849419e-02
