0.000000e+00
-3.139626e-39
-1.702041e-32
3.909638e-31
-1.027728e-26
3.892459e-09
6.459611e-09
1.169703e-08
2.608237e-08
4.866935e-08
6.923266e-08
1.317563e-07
2.893248e-07
4.650695e-07
6.920540e-07
1.132407e-06
2.034029e-06
2.940051e-06
4.158436e-06
5.563235e-06
1.014822e-05
1.318143e-05
1.783914e-05
2.892631e-05
3.938747e-05
6.202079e-05
1.370717e-04
1.791146e-04
2.263541e-04
3.966581e-04
5.644604e-04
6.858474e-04
1.136488e-03
1.834165e-03
1.819330e-03
1.804495e-03
2.284092e-03
2.670505e-03
4.609793e-03
5.509954e-03
6.023761e-03
6.186000e-03
6.324911e-03
9.077644e-03
1.110862e-02
1.256409e-02
1.067661e-02
1.520555e-02
2.045504e-02
1.648695e-02
2.258823e-02
2.730723e-02
2.752081e-02
3.574926e-02
4.316169e-02
3.370246e-02
3.218452e-02
4.370217e-02
5.374046e-02
5.389177e-02
4.148406e-02
4.646210e-02
5.104566e-02
6.373695e-02
6.606953e-02
6.237058e-02
5.179882e-02
5.754396e-02
7.346905e-02
7.031344e-02
7.011098e-02
6.963856e-02
5.828343e-02
7.006766e-02
7.772467e-02
7.991008e-02
7.952752e-02
6.941114e-02
7.033437e-02
7.366145e-02
8.238427e-02
8.163112e-02
7.743750e-02
7.738183e-02
8.221611e-02
8.463892e-02
8.599559e-02
8.607218e-02
8.316426e-02
8.132169e-02
8.119585e-02
8.118188e-02
8.459746e-02
8.720537e-02
8.693370e-02
8.433627e-02
8.591697e-02
8.861649e-02
8.879788e-02
8.848450e-02
8.824208e-02
8.569115e-02
8.729903e-02
8.882006e-02
8.926995e-02
8.908018e-02
8.976197e-02
9.005794e-02
9.044905e-02
9.068712e-02
9.075375e-02
9.155619e-02
9.326574e-02
9.432838e-02
9.432996e-02
9.476392e-02
