0.000000e+00
-1.644775e-27
2.943561e-09
4.522514e-09
8.206952e-09
1.723474e-08
2.728596e-08
4.683601e-08
9.751779e-08
1.720101e-07
2.390021e-07
4.302316e-07
8.890763e-07
1.382231e-06
2.012980e-06
3.199970e-06
5.616114e-06
8.059551e-06
1.137609e-05
1.526652e-05
2.838421e-05
3.741168e-05
5.174610e-05
8.693043e-05
1.213154e-04
1.969670e-04
4.462422e-04
5.819965e-04
7.314101e-04
1.238694e-03
1.706199e-03
2.034103e-03
3.153371e-03
4.723470e-03
4.695874e-03
4.668278e-03
5.682062e-03
6.466416e-03
1.008214e-02
1.166657e-02
1.253664e-02
1.281249e-02
1.305781e-02
1.741030e-02
2.043837e-02
2.254016e-02
1.986223e-02
2.619546e-02
3.314315e-02
2.804714e-02
3.588397e-02
4.165975e-02
4.196051e-02
5.142430e-02
5.962695e-02
4.928338e-02
4.758897e-02
6.035281e-02
7.086942e-02
7.108358e-02
5.811828e-02
6.348109e-02
6.831095e-02
8.114457e-02
8.349441e-02
7.992789e-02
6.930353e-02
7.519712e-02
9.091781e-02
8.796620e-02
8.778614e-02
8.736597e-02
7.622313e-02
8.788995e-02
9.525410e-02
9.737629e-02
9.706783e-02
8.752497e-02
8.844044e-02
9.166747e-02
1.000753e-01
9.939563e-02
9.551568e-02
9.551600e-02
1.001261e-01
1.024389e-01
1.037591e-01
1.038887e-01
1.012404e-01
9.957550e-02
9.950557e-02
9.949781e-02
1.027440e-01
1.052585e-01
1.050748e-01
1.027240e-01
1.042485e-01
1.069292e-01
1.071401e-01
1.069053e-01
1.067298e-01
1.044127e-01
1.059562e-01
1.074504e-01
1.080077e-01
1.078826e-01
1.086457e-01
1.090329e-01
1.095494e-01
1.099099e-01
1.100099e-01
1.115208e-01
1.147305e-01
1.167586e-01
1.167657e-01
1.177387e-01
