0.000000e+00
-6.352075e-73
4.966859e-67
-1.965879e-66
-7.322982e-62
3.085022e-55
-7.228993e-50
-1.825520e-44
-1.096573e-38
9.130112e-33
-7.516267e-27
3.637662e-09
1.022944e-08
1.903660e-08
3.185792e-08
6.035626e-08
1.279557e-07
2.044474e-07
3.169276e-07
4.565902e-07
9.588666e-07
1.317110e-06
1.891624e-06
3.321722e-06
4.702948e-06
7.735101e-06
1.751420e-05
2.287578e-05
2.869365e-05
4.959343e-05
6.980715e-05
8.466855e-05
1.413297e-04
2.363261e-04
2.346032e-04
2.328803e-04
3.051236e-04
3.644802e-04
7.253820e-04
9.142322e-04
1.029572e-03
1.066155e-03
1.098815e-03
1.826046e-03
2.450051e-03
2.939670e-03
2.307897e-03
3.960323e-03
6.192859e-03
4.423900e-03
7.223417e-03
9.741842e-03
9.877301e-03
1.511576e-02
2.040121e-02
1.362146e-02
1.262581e-02
2.077404e-02
2.918094e-02
2.929491e-02
1.902442e-02
2.289652e-02
2.671463e-02
3.859051e-02
4.094765e-02
3.717487e-02
2.729212e-02
3.253139e-02
4.874130e-02
4.525716e-02
4.503002e-02
4.449999e-02
3.304489e-02
4.489286e-02
5.339324e-02
5.591602e-02
5.543903e-02
4.407593e-02
4.507828e-02
4.867677e-02
5.865599e-02
5.774394e-02
5.278543e-02
5.266717e-02
5.829447e-02
6.122047e-02
6.283810e-02
6.289702e-02
5.931757e-02
5.708044e-02
5.688687e-02
5.686537e-02
6.094804e-02
6.413737e-02
6.374222e-02
6.051551e-02
6.241690e-02
6.566624e-02
6.585652e-02
6.541846e-02
6.510099e-02
6.191373e-02
6.386457e-02
6.571262e-02
6.620695e-02
6.592996e-02
6.674175e-02
6.698420e-02
6.739003e-02
6.758458e-02
6.763618e-02
6.816654e-02
6.929991e-02
7.002342e-02
7.002335e-02
7.028078e-02
