8.648973e-09
1.382444e-08
2.602955e-08
3.666212e-08
6.147289e-08
1.148102e-07
1.694440e-07
2.677286e-07
5.012315e-07
8.145988e-07
1.088591e-06
1.805758e-06
3.409234e-06
5.050502e-06
7.109032e-06
1.083075e-05
1.823928e-05
2.565498e-05
3.556885e-05
4.709666e-05
8.472537e-05
1.100525e-04
1.491366e-04
2.405753e-04
3.258283e-04
5.032176e-04
1.027643e-03
1.292685e-03
1.571060e-03
2.452863e-03
3.205583e-03
3.723363e-03
5.349085e-03
7.453424e-03
7.428827e-03
7.404230e-03
8.707983e-03
9.676907e-03
1.393135e-02
1.572605e-02
1.668114e-02
1.698617e-02
1.727548e-02
2.183539e-02
2.489444e-02
2.697561e-02
2.440028e-02
3.052465e-02
3.701876e-02
3.240241e-02
3.956934e-02
4.471683e-02
4.504842e-02
5.313554e-02
5.997711e-02
5.150002e-02
5.010277e-02
6.073518e-02
6.919798e-02
6.944060e-02
5.909402e-02
6.349164e-02
6.740176e-02
7.750493e-02
7.939178e-02
7.672124e-02
6.843950e-02
7.314093e-02
8.535597e-02
8.320538e-02
8.308324e-02
8.279824e-02
7.424263e-02
8.330946e-02
8.894962e-02
9.061704e-02
9.044266e-02
8.333664e-02
8.406352e-02
8.654372e-02
9.304853e-02
9.256405e-02
8.972735e-02
8.978041e-02
9.331384e-02
9.509877e-02
9.615207e-02
9.631161e-02
9.439248e-02
9.321115e-02
9.321146e-02
9.321149e-02
9.570248e-02
9.766854e-02
9.760450e-02
9.592327e-02
9.711629e-02
9.931351e-02
9.952147e-02
9.940513e-02
9.932446e-02
9.764893e-02
9.885578e-02
1.000584e-01
1.006201e-01
1.005829e-01
1.012799e-01
1.017078e-01
1.022576e-01
1.026818e-01
1.028007e-01
1.047504e-01
1.089260e-01
1.116451e-01
1.116566e-01
1.130368e-01
