7.494130e-06
9.550240e-06
1.336783e-05
1.575910e-05
2.133907e-05
3.023335e-05
3.772899e-05
4.922825e-05
7.173340e-05
9.755765e-05
1.167389e-04
1.629707e-04
2.498806e-04
3.265650e-04
4.100201e-04
5.482968e-04
7.780601e-04
9.709526e-04
1.198649e-03
1.429747e-03
2.054497e-03
2.398052e-03
2.863303e-03
3.749808e-03
4.445356e-03
5.622346e-03
8.239511e-03
9.277537e-03
1.027766e-02
1.295622e-02
1.486405e-02
1.603367e-02
1.927941e-02
2.280966e-02
2.276423e-02
2.271880e-02
2.464967e-02
2.600850e-02
3.119079e-02
3.317326e-02
3.417487e-02
3.449341e-02
3.478464e-02
3.911565e-02
4.176204e-02
4.348501e-02
4.136196e-02
4.621932e-02
5.094205e-02
4.768541e-02
5.269632e-02
5.603392e-02
5.622735e-02
6.102448e-02
6.487276e-02
6.017162e-02
5.937109e-02
6.532551e-02
6.970071e-02
6.984413e-02
6.451345e-02
6.686534e-02
6.889538e-02
7.381550e-02
7.471572e-02
7.349680e-02
6.949756e-02
7.181829e-02
7.753014e-02
7.660095e-02
7.655428e-02
7.644539e-02
7.248394e-02
7.674590e-02
7.926094e-02
7.999187e-02
7.993761e-02
7.686904e-02
7.720812e-02
7.833358e-02
8.118019e-02
8.097180e-02
7.981243e-02
7.990324e-02
8.145154e-02
8.218606e-02
8.268005e-02
8.277420e-02
8.198407e-02
8.151320e-02
8.156053e-02
8.156579e-02
8.263990e-02
8.344121e-02
8.347131e-02
8.279770e-02
8.331929e-02
8.431960e-02
8.444600e-02
8.444120e-02
8.440207e-02
8.371884e-02
8.424940e-02
8.478334e-02
8.505134e-02
8.506838e-02
8.534755e-02
8.568207e-02
8.596223e-02
8.623096e-02
8.631136e-02
8.744028e-02
8.983770e-02
9.136788e-02
9.137230e-02
9.207556e-02
