0.000000e+00
-7.614087e-45
8.012647e-39
-1.456878e-36
5.603252e-33
5.736597e-27
3.133920e-09
5.858227e-09
1.363533e-08
2.611116e-08
3.802823e-08
7.436155e-08
1.691286e-07
2.776885e-07
4.224924e-07
7.041616e-07
1.295899e-06
1.905722e-06
2.733182e-06
3.701065e-06
6.866952e-06
8.999680e-06
1.225577e-05
2.008626e-05
2.742107e-05
4.340852e-05
9.594711e-05
1.257348e-04
1.588473e-04
2.798778e-04
4.003055e-04
4.893256e-04
8.211581e-04
1.345975e-03
1.336154e-03
1.326333e-03
1.696257e-03
1.994431e-03
3.539600e-03
4.271142e-03
4.691334e-03
4.824557e-03
4.943046e-03
7.237538e-03
8.963731e-03
1.021591e-02
8.610835e-03
1.253399e-02
1.716957e-02
1.367021e-02
1.909967e-02
2.338279e-02
2.360660e-02
3.121806e-02
3.816092e-02
2.933876e-02
2.794075e-02
3.872604e-02
4.830838e-02
4.847837e-02
3.668612e-02
4.141133e-02
4.579717e-02
5.808767e-02
6.039625e-02
5.681460e-02
4.660399e-02
5.217436e-02
6.778894e-02
6.471064e-02
6.451634e-02
6.406293e-02
5.298010e-02
6.452354e-02
7.212739e-02
7.433627e-02
7.397715e-02
6.399301e-02
6.491899e-02
6.821454e-02
7.697625e-02
7.623475e-02
7.207100e-02
7.202537e-02
7.687984e-02
7.934500e-02
8.073000e-02
8.083161e-02
7.793401e-02
7.611131e-02
7.599808e-02
7.598550e-02
7.944062e-02
8.212091e-02
8.186887e-02
7.927992e-02
8.089409e-02
8.369815e-02
8.389633e-02
8.359838e-02
8.338007e-02
8.082394e-02
8.246800e-02
8.404304e-02
8.456377e-02
8.438974e-02
8.514820e-02
8.547359e-02
8.593812e-02
8.623096e-02
8.631136e-02
8.744028e-02
8.983770e-02
9.136788e-02
9.137230e-02
9.207556e-02
