1.196905e-13
2.868091e-13
9.229043e-13
2.000743e-12
4.515845e-12
1.421975e-11
2.880579e-11
6.599290e-11
1.997977e-10
4.688553e-10
7.571396e-10
1.826808e-09
5.305600e-09
1.006288e-08
1.709297e-08
3.298394e-08
7.135230e-08
1.153966e-07
1.808188e-07
2.627984e-07
5.606620e-07
7.750547e-07
1.120645e-06
1.985446e-06
2.823455e-06
4.668469e-06
1.057688e-05
1.378846e-05
1.722724e-05
2.932300e-05
4.055363e-05
4.865359e-05
7.777147e-05
1.228407e-04
1.222695e-04
1.216983e-04
1.548648e-04
1.802698e-04
3.347301e-04
4.138152e-04
4.612540e-04
4.763579e-04
4.903064e-04
7.989455e-04
1.071873e-03
1.291490e-03
1.009001e-03
1.774552e-03
2.869885e-03
1.984700e-03
3.402871e-03
4.769316e-03
4.849221e-03
7.975891e-03
1.133233e-02
7.017953e-03
6.413473e-03
1.155831e-02
1.740131e-02
1.747382e-02
1.038335e-02
1.295634e-02
1.559713e-02
2.440066e-02
2.622737e-02
2.328617e-02
1.597030e-02
1.979095e-02
3.242294e-02
2.957696e-02
2.939067e-02
2.895595e-02
2.009008e-02
2.924519e-02
3.621148e-02
3.832423e-02
3.790751e-02
2.853768e-02
2.934922e-02
3.225313e-02
4.056909e-02
3.977952e-02
3.557352e-02
3.546153e-02
4.020497e-02
4.271310e-02
4.410529e-02
4.414163e-02
4.102467e-02
3.909582e-02
3.891917e-02
3.889954e-02
4.239232e-02
4.514350e-02
4.478002e-02
4.195767e-02
4.359318e-02
4.639321e-02
4.654993e-02
4.614989e-02
4.585712e-02
4.305860e-02
4.474609e-02
4.634510e-02
4.674114e-02
4.648291e-02
4.716196e-02
4.734638e-02
4.766198e-02
4.779540e-02
4.783046e-02
4.808175e-02
4.861565e-02
4.896304e-02
4.896130e-02
4.902545e-02
