1.346328e-11
2.590858e-11
6.212671e-11
1.043288e-10
2.028060e-10
4.775123e-10
8.116198e-10
1.508571e-09
3.489966e-09
6.617947e-09
9.671877e-09
1.861184e-08
4.150508e-08
6.736627e-08
1.020000e-07
1.665512e-07
2.992785e-07
4.353208e-07
6.142988e-07
8.215048e-07
1.456357e-06
1.875134e-06
2.479084e-06
3.859801e-06
5.047172e-06
7.465866e-06
1.394335e-05
1.719114e-05
2.035247e-05
3.065949e-05
3.919275e-05
4.540031e-05
6.442008e-05
8.973991e-05
8.996667e-05
9.019343e-05
1.078930e-04
1.192488e-04
1.849497e-04
2.146237e-04
2.301930e-04
2.352887e-04
2.411140e-04
3.332488e-04
4.058126e-04
4.607316e-04
3.940959e-04
5.767516e-04
8.231924e-04
6.306909e-04
9.417738e-04
1.232137e-03
1.259235e-03
1.966619e-03
2.755973e-03
1.746270e-03
1.603292e-03
2.815873e-03
4.336353e-03
4.362171e-03
2.534371e-03
3.168660e-03
3.848713e-03
6.354663e-03
6.925391e-03
6.043053e-03
3.961777e-03
5.033046e-03
8.922897e-03
8.013999e-03
7.952694e-03
7.809640e-03
5.112320e-03
7.905003e-03
1.023403e-02
1.097831e-02
1.083976e-02
7.707904e-03
7.978302e-03
8.927420e-03
1.182412e-02
1.154114e-02
1.007478e-02
1.003682e-02
1.172488e-02
1.264540e-02
1.317426e-02
1.319681e-02
1.205087e-02
1.136283e-02
1.130189e-02
1.129512e-02
1.258452e-02
1.361436e-02
1.348842e-02
1.244830e-02
1.305990e-02
1.415977e-02
1.423355e-02
1.408890e-02
1.397905e-02
1.291661e-02
1.356515e-02
1.419091e-02
1.436069e-02
1.426928e-02
1.453104e-02
1.464805e-02
1.479297e-02
1.487389e-02
1.489699e-02
1.509235e-02
1.548166e-02
1.573636e-02
1.573539e-02
1.577619e-02
