1.620841e-12
3.400580e-12
9.226366e-12
1.716702e-11
3.569629e-11
9.492086e-11
1.733262e-10
3.506200e-10
9.023044e-10
1.875679e-09
2.828557e-09
5.997675e-09
1.491487e-08
2.577793e-08
4.060269e-08
7.115074e-08
1.376048e-07
2.078032e-07
3.050852e-07
4.202534e-07
8.018567e-07
1.057688e-06
1.446792e-06
2.354808e-06
3.176751e-06
4.869990e-06
9.719043e-06
1.215944e-05
1.465570e-05
2.288980e-05
2.991186e-05
3.484826e-05
5.093025e-05
7.286698e-05
7.283658e-05
7.280619e-05
8.796281e-05
9.806289e-05
1.553434e-04
1.812101e-04
1.949206e-04
1.993624e-04
2.040822e-04
2.854333e-04
3.491456e-04
3.971476e-04
3.375204e-04
4.979931e-04
7.144305e-04
5.432350e-04
8.175731e-04
1.075242e-03
1.098830e-03
1.758858e-03
2.524066e-03
1.539868e-03
1.403931e-03
2.571769e-03
4.154397e-03
4.174108e-03
2.279787e-03
2.909396e-03
3.607287e-03
6.371770e-03
7.023149e-03
5.990337e-03
3.701327e-03
4.854287e-03
9.353127e-03
8.234062e-03
8.157399e-03
7.978506e-03
4.890320e-03
8.066952e-03
1.089194e-02
1.180793e-02
1.161632e-02
7.774724e-03
8.092434e-03
9.215361e-03
1.275774e-02
1.238995e-02
1.053751e-02
1.047426e-02
1.255590e-02
1.371160e-02
1.436719e-02
1.437398e-02
1.289100e-02
1.200706e-02
1.191323e-02
1.190281e-02
1.350610e-02
1.479184e-02
1.460172e-02
1.325391e-02
1.400868e-02
1.534274e-02
1.541783e-02
1.520857e-02
1.504996e-02
1.368371e-02
1.448328e-02
1.524686e-02
1.541000e-02
1.527201e-02
1.555827e-02
1.565139e-02
1.577270e-02
1.581459e-02
1.582652e-02
1.575453e-02
1.556401e-02
1.543300e-02
1.542972e-02
1.525909e-02
