1.276589e-14
3.262402e-14
1.140108e-13
2.670960e-13
6.243156e-13
2.131229e-12
4.535026e-12
1.100904e-11
3.590324e-11
8.909447e-11
1.482494e-10
3.788845e-10
1.176269e-09
2.320372e-09
4.062443e-09
8.148105e-09
1.838352e-08
3.048398e-08
4.885703e-08
7.231261e-08
1.595933e-07
2.235399e-07
3.281168e-07
5.921667e-07
8.511270e-07
1.425304e-06
3.266477e-06
4.266738e-06
5.332687e-06
9.018551e-06
1.236368e-05
1.478605e-05
2.301908e-05
3.485734e-05
3.482087e-05
3.478439e-05
4.318206e-05
4.899205e-05
8.243674e-05
9.798335e-05
1.063504e-04
1.090631e-04
1.119625e-04
1.621419e-04
2.020015e-04
2.321628e-04
1.949516e-04
2.962163e-04
4.339093e-04
3.254225e-04
5.004751e-04
6.669339e-04
6.844834e-04
1.136523e-03
1.689043e-03
9.814709e-04
8.878229e-04
1.726235e-03
3.007140e-03
3.024600e-03
1.508506e-03
1.986064e-03
2.545122e-03
5.036794e-03
5.678815e-03
4.672118e-03
2.624930e-03
3.639251e-03
8.113771e-03
6.917989e-03
6.837716e-03
6.650400e-03
3.652354e-03
6.739783e-03
9.827459e-03
1.088966e-02
1.066554e-02
6.443578e-03
6.786541e-03
7.973923e-03
1.202227e-02
1.158215e-02
9.426490e-03
9.348827e-03
1.176490e-02
1.317299e-02
1.397846e-02
1.398664e-02
1.217150e-02
1.111807e-02
1.100330e-02
1.099055e-02
1.291538e-02
1.452102e-02
1.427666e-02
1.261147e-02
1.353913e-02
1.521022e-02
1.530015e-02
1.503022e-02
1.483638e-02
1.313568e-02
1.412623e-02
1.508959e-02
1.530592e-02
1.512794e-02
1.551481e-02
1.560599e-02
1.576743e-02
1.581459e-02
1.582652e-02
1.575453e-02
1.556401e-02
1.543300e-02
1.542972e-02
1.525909e-02
