5.355971e-14
1.326321e-13
4.450945e-13
1.003691e-12
2.307157e-12
7.572370e-12
1.573399e-11
3.715358e-11
1.169848e-10
2.826589e-10
4.639516e-10
1.154454e-09
3.477832e-09
6.741524e-09
1.165253e-08
2.298985e-08
5.100521e-08
8.376475e-08
1.331491e-07
1.958013e-07
4.277271e-07
5.970869e-07
8.732389e-07
1.573219e-06
2.260036e-06
3.790376e-06
8.777188e-06
1.152071e-05
1.447393e-05
2.493551e-05
3.472494e-05
4.181676e-05
6.738544e-05
1.070739e-04
1.065841e-04
1.060942e-04
1.353670e-04
1.577491e-04
2.943444e-04
3.644438e-04
4.065089e-04
4.199113e-04
4.323641e-04
7.080088e-04
9.537627e-04
1.152717e-03
8.971471e-04
1.595545e-03
2.607179e-03
1.786910e-03
3.105426e-03
4.394907e-03
4.472063e-03
7.478805e-03
1.074706e-02
6.546570e-03
5.964798e-03
1.096835e-02
1.675989e-02
1.683183e-02
9.815094e-03
1.234387e-02
1.495993e-02
2.379834e-02
2.564970e-02
2.266997e-02
1.532977e-02
1.915481e-02
3.196511e-02
2.905511e-02
2.886494e-02
2.842118e-02
1.944659e-02
2.871427e-02
3.584900e-02
3.802466e-02
3.759441e-02
2.799178e-02
2.882184e-02
3.178695e-02
4.033820e-02
3.952234e-02
3.518706e-02
3.506970e-02
3.995558e-02
4.255095e-02
4.399152e-02
4.402827e-02
4.080069e-02
3.880773e-02
3.862379e-02
3.860336e-02
4.221231e-02
4.506540e-02
4.468592e-02
4.176044e-02
4.345366e-02
4.635588e-02
4.651685e-02
4.609952e-02
4.579624e-02
4.289377e-02
4.464199e-02
4.630077e-02
4.671175e-02
4.644210e-02
4.714999e-02
4.733388e-02
4.766053e-02
4.779540e-02
4.783046e-02
4.808175e-02
4.861565e-02
4.896304e-02
4.896130e-02
4.902545e-02
