1.508699e-14
3.752581e-14
1.256255e-13
2.826263e-13
6.489826e-13
2.120231e-12
4.397115e-12
1.036985e-11
3.261282e-11
7.815858e-11
1.289193e-10
3.176401e-10
9.469836e-10
1.823646e-09
3.149750e-09
6.140318e-09
1.345535e-08
2.198250e-08
3.465837e-08
5.066396e-08
1.082216e-07
1.499467e-07
2.165471e-07
3.823777e-07
5.409178e-07
8.882351e-07
1.957484e-06
2.530579e-06
3.126403e-06
5.145476e-06
6.926917e-06
8.232128e-06
1.245065e-05
1.828949e-05
1.831485e-05
1.834022e-05
2.243351e-05
2.515564e-05
4.065352e-05
4.767722e-05
5.132775e-05
5.252561e-05
5.391925e-05
7.510443e-05
9.133843e-05
1.032410e-04
8.911425e-05
1.278548e-04
1.778575e-04
1.401035e-04
2.012587e-04
2.540715e-04
2.617104e-04
3.934260e-04
5.420668e-04
3.529232e-04
3.244148e-04
5.545711e-04
8.928758e-04
9.002627e-04
4.999018e-04
6.246446e-04
7.681592e-04
1.470173e-03
1.675536e-03
1.372645e-03
7.959415e-04
1.077598e-03
2.498890e-03
2.091276e-03
2.062310e-03
1.994718e-03
1.076127e-03
2.020928e-03
3.152616e-03
3.587894e-03
3.497670e-03
1.934170e-03
2.055676e-03
2.463971e-03
4.088237e-03
3.896026e-03
3.013262e-03
2.975609e-03
3.976980e-03
4.619501e-03
5.004282e-03
5.012715e-03
4.169427e-03
3.714082e-03
3.659641e-03
3.653594e-03
4.522959e-03
5.314681e-03
5.195066e-03
4.394155e-03
4.840406e-03
5.783607e-03
5.855463e-03
5.710009e-03
5.613494e-03
4.685703e-03
5.231296e-03
5.876609e-03
6.158657e-03
6.060281e-03
6.626343e-03
6.921929e-03
7.614821e-03
8.270888e-03
8.491204e-03
1.885110e-02
4.121509e-01
5.098757e+00
5.164482e+00
2.080120e+01
