4.941363e-05
7.313888e-05
1.256568e-04
1.653464e-04
2.579609e-04
4.331988e-04
5.958201e-04
8.574793e-04
1.394055e-03
2.058142e-03
2.529539e-03
3.727089e-03
5.905608e-03
7.775770e-03
9.696811e-03
1.283810e-02
1.768168e-02
2.149379e-02
2.581215e-02
2.999368e-02
4.056206e-02
4.599925e-02
5.307117e-02
6.562996e-02
7.499746e-02
8.989320e-02
1.202010e-01
1.313845e-01
1.418449e-01
1.683803e-01
1.862601e-01
1.969483e-01
2.252019e-01
2.542808e-01
2.539230e-01
2.535651e-01
2.688801e-01
2.795670e-01
3.181902e-01
3.325633e-01
3.397264e-01
3.420078e-01
3.441211e-01
3.738898e-01
3.916300e-01
4.029788e-01
3.890858e-01
4.206100e-01
4.505150e-01
4.302536e-01
4.613848e-01
4.817418e-01
4.830210e-01
5.113032e-01
5.335621e-01
5.065144e-01
5.019878e-01
5.364267e-01
5.610187e-01
5.618444e-01
5.319313e-01
5.453815e-01
5.568480e-01
5.840397e-01
5.889553e-01
5.823529e-01
5.604490e-01
5.733716e-01
6.045586e-01
5.995290e-01
5.993044e-01
5.987802e-01
5.773186e-01
6.004760e-01
6.140232e-01
6.180524e-01
6.178031e-01
6.013793e-01
6.032328e-01
6.093003e-01
6.248433e-01
6.238335e-01
6.175403e-01
6.179033e-01
6.261139e-01
6.302609e-01
6.327709e-01
6.333109e-01
6.292675e-01
6.267980e-01
6.269747e-01
6.269944e-01
6.326758e-01
6.373270e-01
6.374075e-01
6.338624e-01
6.366873e-01
6.419620e-01
6.425139e-01
6.424396e-01
6.424269e-01
6.389519e-01
6.417470e-01
6.446567e-01
6.463758e-01
6.464609e-01
6.485291e-01
6.497265e-01
6.514315e-01
6.527855e-01
6.531572e-01
6.599892e-01
6.741514e-01
6.823055e-01
6.823453e-01
6.865367e-01
