5.375256e-10
8.759752e-10
1.691837e-09
2.418016e-09
4.112535e-09
7.827327e-09
1.166849e-08
1.857702e-08
3.500856e-08
5.694490e-08
7.611678e-08
1.248650e-07
2.296757e-07
3.320883e-07
4.567593e-07
6.631859e-07
1.038699e-06
1.386742e-06
1.807044e-06
2.261706e-06
3.511947e-06
4.272145e-06
5.294421e-06
7.465429e-06
9.188077e-06
1.245983e-05
2.025189e-05
2.386432e-05
2.721106e-05
3.752367e-05
4.543449e-05
5.106670e-05
6.709326e-05
8.680745e-05
8.713616e-05
8.746486e-05
1.007871e-04
1.086394e-04
1.536714e-04
1.728522e-04
1.823231e-04
1.854622e-04
1.893599e-04
2.431939e-04
2.828927e-04
3.116480e-04
2.779931e-04
3.694672e-04
4.840883e-04
3.978552e-04
5.361949e-04
6.526433e-04
6.666615e-04
9.358835e-04
1.221781e-03
8.561946e-04
7.989806e-04
1.242951e-03
1.782912e-03
1.792987e-03
1.142557e-03
1.366599e-03
1.603645e-03
2.496798e-03
2.706092e-03
2.389783e-03
1.644819e-03
2.024165e-03
3.426776e-03
3.098340e-03
3.074363e-03
3.018414e-03
2.046021e-03
3.049216e-03
3.908967e-03
4.186668e-03
4.133957e-03
2.975413e-03
3.073300e-03
3.418484e-03
4.496769e-03
4.387804e-03
3.839526e-03
3.823502e-03
4.460170e-03
4.808282e-03
5.013161e-03
5.020933e-03
4.578408e-03
4.317536e-03
4.292302e-03
4.289499e-03
4.783785e-03
5.171291e-03
5.123120e-03
4.724244e-03
4.955420e-03
5.384020e-03
5.416309e-03
5.360261e-03
5.312907e-03
4.896342e-03
5.147844e-03
5.390605e-03
5.452014e-03
5.416492e-03
5.503635e-03
5.566909e-03
5.620422e-03
5.656263e-03
5.667489e-03
5.734966e-03
6.023192e-03
9.845739e-03
9.912713e-03
3.208357e-02
