2.279784e-15
6.107775e-15
2.232479e-14
5.460036e-14
1.299144e-13
4.635422e-13
1.017047e-12
2.562244e-12
8.813699e-12
2.240601e-11
3.875796e-11
1.014833e-10
3.268608e-10
6.606867e-10
1.195864e-09
2.436817e-09
5.647124e-09
9.604934e-09
1.566645e-08
2.360849e-08
5.303468e-08
7.539587e-08
1.117713e-07
2.057647e-07
2.979002e-07
5.082149e-07
1.179551e-06
1.556973e-06
1.950077e-06
3.311025e-06
4.541906e-06
5.482947e-06
8.495733e-06
1.275367e-05
1.279670e-05
1.283973e-05
1.590068e-05
1.794268e-05
2.983687e-05
3.533788e-05
3.820722e-05
3.915542e-05
4.031097e-05
5.705760e-05
7.008305e-05
7.968534e-05
6.852309e-05
9.986328e-05
1.407584e-04
1.101862e-04
1.603158e-04
2.042035e-04
2.109651e-04
3.210013e-04
4.457862e-04
2.879138e-04
2.642990e-04
4.576800e-04
7.453387e-04
7.526237e-04
4.130141e-04
5.186828e-04
6.408492e-04
1.249769e-03
1.432787e-03
1.166984e-03
6.672015e-04
9.116834e-04
2.179190e-03
1.811731e-03
1.785736e-03
1.725077e-03
9.123566e-04
1.749675e-03
2.787319e-03
3.196154e-03
3.113268e-03
1.677633e-03
1.789058e-03
2.160031e-03
3.679682e-03
3.498557e-03
2.672009e-03
2.636437e-03
3.577512e-03
4.190719e-03
4.557292e-03
4.566102e-03
3.766821e-03
3.337694e-03
3.286532e-03
3.280848e-03
4.104718e-03
4.847974e-03
4.734152e-03
3.987334e-03
4.402953e-03
5.221013e-03
5.271189e-03
5.140248e-03
5.051961e-03
4.250909e-03
4.717497e-03
5.195308e-03
5.323231e-03
5.238513e-03
5.447596e-03
5.508304e-03
5.613541e-03
5.656263e-03
5.667489e-03
5.734966e-03
6.023192e-03
9.845739e-03
9.912713e-03
3.208357e-02
