0.000000e+00
1.630039e-24
1.144123e-05
1.644411e-05
2.811818e-05
5.378465e-05
8.032017e-05
1.272326e-04
2.355189e-04
3.809503e-04
4.997421e-04
8.073897e-04
1.434591e-03
2.026208e-03
2.696253e-03
3.814472e-03
5.698866e-03
7.321285e-03
9.226882e-03
1.117968e-02
1.627172e-02
1.911753e-02
2.287089e-02
2.996241e-02
3.539073e-02
4.463290e-02
6.419143e-02
7.208685e-02
7.930749e-02
9.837723e-02
1.116621e-01
1.203488e-01
1.422973e-01
1.655400e-01
1.655989e-01
1.656577e-01
1.785899e-01
1.873636e-01
2.211640e-01
2.341584e-01
2.405764e-01
2.426685e-01
2.449940e-01
2.719331e-01
2.885047e-01
2.992712e-01
2.872028e-01
3.168094e-01
3.457065e-01
3.270745e-01
3.570209e-01
3.773980e-01
3.794522e-01
4.079753e-01
4.307081e-01
4.041681e-01
3.999442e-01
4.348286e-01
4.603432e-01
4.616877e-01
4.315509e-01
4.453054e-01
4.574692e-01
4.861703e-01
4.918502e-01
4.853553e-01
4.628428e-01
4.766523e-01
5.101584e-01
5.053015e-01
5.051342e-01
5.047438e-01
4.824551e-01
5.070673e-01
5.219481e-01
5.267518e-01
5.267797e-01
5.097721e-01
5.119113e-01
5.184690e-01
5.362449e-01
5.352972e-01
5.288126e-01
5.293269e-01
5.385588e-01
5.434924e-01
5.465107e-01
5.474020e-01
5.432878e-01
5.409295e-01
5.413114e-01
5.413539e-01
5.478549e-01
5.535618e-01
5.539270e-01
5.504248e-01
5.537770e-01
5.605296e-01
5.613310e-01
5.614758e-01
5.617870e-01
5.582810e-01
5.615779e-01
5.651891e-01
5.678434e-01
5.681772e-01
5.712204e-01
5.729096e-01
5.756101e-01
5.777494e-01
5.783282e-01
5.897776e-01
6.140408e-01
6.293257e-01
6.294093e-01
6.377679e-01
