2.622021e-13
5.403068e-13
1.414868e-12
2.553742e-12
5.211270e-12
1.337708e-11
2.397477e-11
4.746646e-11
1.192384e-10
2.404038e-10
3.637694e-10
7.461524e-10
1.794728e-09
3.046580e-09
4.783086e-09
8.167370e-09
1.543864e-08
2.316106e-08
3.361881e-08
4.601105e-08
8.525573e-08
1.117769e-07
1.508555e-07
2.415223e-07
3.211701e-07
4.855549e-07
9.328062e-07
1.158830e-06
1.380562e-06
2.092733e-06
2.679250e-06
3.111764e-06
4.387235e-06
6.032760e-06
6.057954e-06
6.083148e-06
7.206888e-06
7.907571e-06
1.183951e-05
1.354736e-05
1.439748e-05
1.467992e-05
1.503587e-05
1.976235e-05
2.323385e-05
2.568429e-05
2.288055e-05
3.060737e-05
4.005216e-05
3.320221e-05
4.432162e-05
5.325336e-05
5.473375e-05
7.492942e-05
9.570835e-05
6.948535e-05
6.503997e-05
9.780333e-05
1.392209e-04
1.405630e-04
9.101890e-05
1.073476e-04
1.247461e-04
2.022166e-04
2.246920e-04
1.939776e-04
1.291842e-04
1.611522e-04
3.078621e-04
2.691674e-04
2.658963e-04
2.582635e-04
1.619414e-04
2.601507e-04
3.736918e-04
4.182748e-04
4.095910e-04
2.531320e-04
2.648882e-04
3.051079e-04
4.698586e-04
4.505098e-04
3.622305e-04
3.566059e-04
4.580142e-04
5.250518e-04
5.646205e-04
5.654301e-04
4.785353e-04
4.330524e-04
4.258233e-04
4.250203e-04
5.149325e-04
5.946289e-04
5.812159e-04
5.019538e-04
5.448903e-04
6.351048e-04
6.413358e-04
6.260642e-04
6.159586e-04
5.276669e-04
5.780343e-04
6.300087e-04
6.440234e-04
6.344990e-04
6.535443e-04
6.632641e-04
6.744835e-04
6.796027e-04
6.811119e-04
6.827771e-04
6.885980e-04
7.007755e-04
7.005891e-04
6.997228e-04
