1.143576e-06
1.420134e-06
1.915798e-06
2.203842e-06
2.875984e-06
3.863864e-06
4.640112e-06
5.748215e-06
7.739741e-06
9.757853e-06
1.120883e-05
1.420209e-05
1.911513e-05
2.288829e-05
2.684165e-05
3.228991e-05
4.057053e-05
4.708463e-05
5.399255e-05
6.069887e-05
7.671291e-05
8.527083e-05
9.563730e-05
1.159744e-04
1.302405e-04
1.549068e-04
2.064110e-04
2.277034e-04
2.464899e-04
3.026868e-04
3.424795e-04
3.682111e-04
4.428558e-04
5.300665e-04
5.304297e-04
5.307929e-04
5.864030e-04
6.185237e-04
7.938765e-04
8.639285e-04
8.986439e-04
9.098212e-04
9.211487e-04
1.111130e-03
1.242015e-03
1.333593e-03
1.217504e-03
1.499332e-03
1.818747e-03
1.575403e-03
1.946167e-03
2.220192e-03
2.237028e-03
2.750033e-03
3.225109e-03
2.612475e-03
2.504585e-03
3.254335e-03
4.053148e-03
4.085019e-03
3.099696e-03
3.454409e-03
3.841407e-03
5.784135e-03
6.611735e-03
5.711396e-03
3.987312e-03
5.015625e-03
1.336404e-02
1.108357e-02
1.108023e-02
1.107245e-02
5.481479e-03
1.288418e-02
2.814050e-02
3.802008e-02
3.911573e-02
1.647512e-02
2.000137e-02
2.833480e-02
8.535110e-02
8.092736e-02
5.670023e-02
6.216509e-02
1.163177e-01
1.623957e-01
2.081550e-01
2.296068e-01
1.813667e-01
1.614729e-01
1.737934e-01
1.751619e-01
2.814670e-01
4.248684e-01
4.627018e-01
3.802576e-01
4.981737e-01
8.889062e-01
9.729034e-01
1.031724e+00
1.077393e+00
8.761476e-01
1.132221e+00
1.510870e+00
1.918567e+00
2.021912e+00
2.592281e+00
3.231853e+00
4.161957e+00
5.239718e+00
5.601743e+00
1.756441e+01
1.868537e+02
1.136892e+03
1.146740e+03
3.017104e+03
