6.560517e-13
1.392513e-12
3.788985e-12
7.061525e-12
1.469789e-11
3.917467e-11
7.184638e-11
1.461035e-10
3.800792e-10
7.869080e-10
1.208104e-09
2.546554e-09
6.325965e-09
1.094836e-08
1.745242e-08
3.039496e-08
5.875554e-08
8.935660e-08
1.313819e-07
1.817220e-07
3.441573e-07
4.553058e-07
6.211823e-07
1.010702e-06
1.357868e-06
2.082974e-06
4.101244e-06
5.136086e-06
6.160767e-06
9.502463e-06
1.230174e-05
1.437017e-05
2.061989e-05
2.887380e-05
2.898245e-05
2.909110e-05
3.483333e-05
3.846227e-05
5.927839e-05
6.853673e-05
7.323206e-05
7.478779e-05
7.671574e-05
1.036829e-04
1.241189e-04
1.390323e-04
1.217462e-04
1.698296e-04
2.314614e-04
1.854157e-04
2.603827e-04
3.249335e-04
3.343371e-04
4.932662e-04
6.710914e-04
4.452070e-04
4.110996e-04
6.863920e-04
1.074278e-03
1.082769e-03
6.223099e-04
7.699417e-04
9.367490e-04
1.689399e-03
1.894295e-03
1.590650e-03
9.692190e-04
1.277116e-03
2.672166e-03
2.300131e-03
2.273473e-03
2.211269e-03
1.284194e-03
2.239583e-03
3.252057e-03
3.617371e-03
3.544966e-03
2.160709e-03
2.272271e-03
2.653342e-03
4.035404e-03
3.882623e-03
3.150131e-03
3.121404e-03
3.959844e-03
4.466112e-03
4.763586e-03
4.771947e-03
4.121422e-03
3.755896e-03
3.714615e-03
3.710029e-03
4.405044e-03
4.995735e-03
4.911155e-03
4.312119e-03
4.650767e-03
5.296349e-03
5.338338e-03
5.241586e-03
5.171800e-03
4.538326e-03
4.912505e-03
5.285376e-03
5.382855e-03
5.320685e-03
5.473667e-03
5.535567e-03
5.616745e-03
5.656263e-03
5.667489e-03
5.734966e-03
6.023192e-03
9.845739e-03
9.912713e-03
3.208357e-02
