0.000000e+00
-4.195990e-58
-3.200968e-52
1.131855e-50
-2.134510e-46
1.180342e-40
-2.018533e-34
-1.777946e-29
5.208830e-24
1.370556e-05
2.021061e-05
4.202223e-05
1.002405e-04
1.683858e-04
2.552195e-04
4.331831e-04
7.922541e-04
1.143670e-03
1.614083e-03
2.140095e-03
3.780419e-03
4.786535e-03
6.272883e-03
9.362603e-03
1.202609e-02
1.691063e-02
2.915770e-02
3.444061e-02
3.975549e-02
5.476932e-02
6.617436e-02
7.334785e-02
9.433581e-02
1.184889e-01
1.180998e-01
1.177106e-01
1.313299e-01
1.412201e-01
1.800031e-01
1.952102e-01
2.030610e-01
2.055465e-01
2.077289e-01
2.426668e-01
2.645667e-01
2.788886e-01
2.607339e-01
3.018715e-01
3.427895e-01
3.138947e-01
3.577561e-01
3.873639e-01
3.889038e-01
4.325739e-01
4.680023e-01
4.237756e-01
4.162734e-01
4.714545e-01
5.126666e-01
5.136322e-01
4.627090e-01
4.846693e-01
5.036783e-01
5.507920e-01
5.591048e-01
5.467887e-01
5.080685e-01
5.300663e-01
5.851073e-01
5.753643e-01
5.748141e-01
5.735301e-01
5.347076e-01
5.756307e-01
6.001155e-01
6.071492e-01
6.062875e-01
5.751017e-01
5.782318e-01
5.890986e-01
6.168385e-01
6.147842e-01
6.024363e-01
6.025464e-01
6.174216e-01
6.249222e-01
6.291351e-01
6.296921e-01
6.216011e-01
6.164816e-01
6.163510e-01
6.163365e-01
6.266616e-01
6.348808e-01
6.344410e-01
6.272517e-01
6.321669e-01
6.408224e-01
6.415101e-01
6.408938e-01
6.405489e-01
6.335548e-01
6.384494e-01
6.433006e-01
6.454862e-01
6.452207e-01
6.481690e-01
6.493490e-01
6.513873e-01
6.527855e-01
6.531572e-01
6.599892e-01
6.741514e-01
6.823055e-01
6.823453e-01
6.865367e-01
