1.691161e-13
3.808447e-13
1.123430e-12
2.249443e-12
4.876957e-12
1.406215e-11
2.701265e-11
5.812571e-11
1.622654e-10
3.560383e-10
5.585595e-10
1.253560e-09
3.343299e-09
6.024732e-09
9.861500e-09
1.796803e-08
3.643273e-08
5.676671e-08
8.562464e-08
1.206984e-07
2.396004e-07
3.220033e-07
4.487982e-07
7.518856e-07
1.030117e-06
1.617016e-06
3.321299e-06
4.199464e-06
5.093187e-06
8.045170e-06
1.056555e-05
1.238634e-05
1.812638e-05
2.584282e-05
2.588790e-05
2.593298e-05
3.126977e-05
3.473536e-05
5.435359e-05
6.309857e-05
6.758727e-05
6.906221e-05
7.079425e-05
9.667727e-05
1.162960e-04
1.306167e-04
1.136513e-04
1.600328e-04
2.194616e-04
1.746167e-04
2.470672e-04
3.092068e-04
3.180116e-04
4.719554e-04
6.448270e-04
4.245023e-04
3.911723e-04
6.587192e-04
1.043659e-03
1.051517e-03
5.949487e-04
7.389265e-04
9.030919e-04
1.673466e-03
1.889495e-03
1.567955e-03
9.334164e-04
1.244925e-03
2.729125e-03
2.318255e-03
2.288874e-03
2.220315e-03
1.245902e-03
2.248112e-03
3.370303e-03
3.785689e-03
3.700240e-03
2.157383e-03
2.279183e-03
2.693189e-03
4.255543e-03
4.076442e-03
3.236223e-03
3.201561e-03
4.156564e-03
4.749893e-03
5.102725e-03
5.111148e-03
4.336493e-03
3.909991e-03
3.860037e-03
3.854488e-03
4.665802e-03
5.387777e-03
5.282537e-03
4.549162e-03
4.961548e-03
5.825644e-03
5.893883e-03
5.767547e-03
5.681769e-03
4.830820e-03
5.338402e-03
5.934781e-03
6.203691e-03
6.122345e-03
6.651106e-03
6.951895e-03
7.618722e-03
8.270888e-03
8.491204e-03
1.885110e-02
4.121509e-01
5.098757e+00
5.164482e+00
2.080120e+01
