2.234944e-14
5.086503e-14
1.512446e-13
3.047968e-13
6.631061e-13
1.929740e-12
3.736030e-12
8.108843e-12
2.297481e-11
5.063559e-11
8.066712e-11
1.817081e-10
4.889715e-10
8.876344e-10
1.472330e-09
2.690884e-09
5.502516e-09
8.665544e-09
1.315835e-08
1.869262e-08
3.731059e-08
5.047886e-08
7.063461e-08
1.193712e-07
1.640364e-07
2.598410e-07
5.367710e-07
6.825261e-07
8.288337e-07
1.311594e-06
1.723256e-06
2.031212e-06
2.965072e-06
4.208704e-06
4.225625e-06
4.242546e-06
5.105313e-06
5.657805e-06
8.779059e-06
1.016180e-05
1.086068e-05
1.109243e-05
1.138113e-05
1.530084e-05
1.822060e-05
2.029553e-05
1.791145e-05
2.449775e-05
3.263139e-05
2.671585e-05
3.634067e-05
4.416604e-05
4.545785e-05
6.325146e-05
8.166785e-05
5.846178e-05
5.456679e-05
8.359544e-05
1.207547e-04
1.220302e-04
7.762419e-05
9.218783e-05
1.077735e-04
1.787509e-04
2.000248e-04
1.712741e-04
1.119139e-04
1.411313e-04
2.807717e-04
2.429371e-04
2.397409e-04
2.322827e-04
1.417938e-04
2.339805e-04
3.471561e-04
3.935618e-04
3.844829e-04
2.275261e-04
2.390936e-04
2.782668e-04
4.484615e-04
4.277651e-04
3.356187e-04
3.295472e-04
4.350861e-04
5.078966e-04
5.513001e-04
5.521484e-04
4.571780e-04
4.087729e-04
4.009081e-04
4.000344e-04
4.964204e-04
5.849910e-04
5.696314e-04
4.822983e-04
5.292530e-04
6.300038e-04
6.367849e-04
6.191877e-04
6.080238e-04
5.098907e-04
5.654823e-04
6.238882e-04
6.400816e-04
6.290812e-04
6.516435e-04
6.612956e-04
6.742465e-04
6.796027e-04
6.811119e-04
6.827771e-04
6.885980e-04
7.007755e-04
7.005891e-04
6.997228e-04
