0.000000e+00
-2.740195e-44
5.441253e-38
1.907240e-36
1.688800e-32
-1.542381e-26
5.477119e-09
1.133277e-08
3.055792e-08
6.194208e-08
1.006018e-07
2.081875e-07
5.186870e-07
9.001878e-07
1.495871e-06
2.557215e-06
4.968149e-06
7.730815e-06
1.144089e-05
1.602237e-05
2.980211e-05
3.986510e-05
5.383312e-05
8.820336e-05
1.168753e-04
1.796285e-04
3.397205e-04
4.258972e-04
5.016267e-04
7.486257e-04
9.418151e-04
1.100107e-03
1.498199e-03
1.976757e-03
1.998845e-03
2.020934e-03
2.353940e-03
2.536603e-03
3.576494e-03
4.006642e-03
4.207274e-03
4.276265e-03
4.381273e-03
5.378642e-03
6.057632e-03
6.515343e-03
6.068040e-03
7.363111e-03
8.783595e-03
7.889065e-03
9.389425e-03
1.042889e-02
1.064083e-02
1.237131e-02
1.379901e-02
1.211076e-02
1.177603e-02
1.401713e-02
1.583065e-02
1.594140e-02
1.376780e-02
1.464696e-02
1.544258e-02
1.765819e-02
1.812497e-02
1.757184e-02
1.578112e-02
1.679371e-02
1.939178e-02
1.900330e-02
1.896514e-02
1.887610e-02
1.701293e-02
1.888432e-02
2.014009e-02
2.055839e-02
2.051206e-02
1.895864e-02
1.909360e-02
1.957992e-02
2.101667e-02
2.091763e-02
2.030231e-02
2.020332e-02
2.097100e-02
2.141427e-02
2.162167e-02
2.161587e-02
2.118225e-02
2.092317e-02
2.087416e-02
2.086871e-02
2.141680e-02
2.182107e-02
2.177617e-02
2.141424e-02
2.160382e-02
2.205503e-02
2.207402e-02
2.201158e-02
2.200172e-02
2.162170e-02
2.184858e-02
2.209683e-02
2.218878e-02
2.218160e-02
2.227932e-02
2.233902e-02
2.243809e-02
2.248744e-02
2.249907e-02
2.272381e-02
2.324187e-02
2.325202e-02
2.325188e-02
2.321872e-02
