0.000000e+00
2.759496e-33
-2.836744e-27
9.721639e-10
3.240678e-09
8.078202e-09
1.430815e-08
2.820162e-08
7.123432e-08
1.381294e-07
2.172782e-07
4.288340e-07
1.006086e-06
1.684478e-06
2.706056e-06
4.465529e-06
8.302470e-06
1.255038e-05
1.808893e-05
2.476546e-05
4.419889e-05
5.799682e-05
7.676332e-05
1.215924e-04
1.581409e-04
2.359717e-04
4.273482e-04
5.273629e-04
6.140252e-04
8.915499e-04
1.104172e-03
1.274936e-03
1.699520e-03
2.199093e-03
2.221603e-03
2.244113e-03
2.585390e-03
2.771609e-03
3.808609e-03
4.228161e-03
4.425609e-03
4.493156e-03
4.593357e-03
5.556815e-03
6.200207e-03
6.634427e-03
6.206648e-03
7.428723e-03
8.729957e-03
7.912420e-03
9.282953e-03
1.024811e-02
1.042134e-02
1.197078e-02
1.324551e-02
1.174532e-02
1.143705e-02
1.344014e-02
1.503019e-02
1.511864e-02
1.321807e-02
1.399224e-02
1.468190e-02
1.659813e-02
1.700328e-02
1.652182e-02
1.496813e-02
1.585294e-02
1.809225e-02
1.777074e-02
1.773506e-02
1.765180e-02
1.605206e-02
1.767061e-02
1.873353e-02
1.908322e-02
1.903899e-02
1.771744e-02
1.783150e-02
1.825250e-02
1.947146e-02
1.938893e-02
1.886614e-02
1.878161e-02
1.942904e-02
1.979803e-02
1.996310e-02
2.000034e-02
1.959936e-02
1.940032e-02
1.936361e-02
1.935953e-02
1.981990e-02
2.016233e-02
2.009623e-02
1.981640e-02
1.997177e-02
2.034876e-02
2.036895e-02
2.031726e-02
2.031290e-02
2.000149e-02
2.018551e-02
2.039617e-02
2.046764e-02
2.046533e-02
2.054713e-02
2.061081e-02
2.069301e-02
2.073849e-02
2.074931e-02
2.095639e-02
2.143411e-02
2.144423e-02
2.144408e-02
2.141348e-02
