6.353605e-08
9.785602e-08
1.794068e-07
2.476033e-07
4.067379e-07
7.409856e-07
1.074308e-06
1.648515e-06
2.936597e-06
4.709861e-06
6.011704e-06
9.732191e-06
1.736445e-05
2.466102e-05
3.258201e-05
4.712976e-05
7.203064e-05
9.334554e-05
1.195583e-04
1.465849e-04
2.239347e-04
2.669150e-04
3.281373e-04
4.456136e-04
5.430538e-04
7.102549e-04
1.111152e-03
1.272046e-03
1.439186e-03
1.893551e-03
2.235609e-03
2.439972e-03
3.062493e-03
3.787283e-03
3.767070e-03
3.746857e-03
4.139390e-03
4.443636e-03
5.593910e-03
6.041871e-03
6.284400e-03
6.359207e-03
6.408815e-03
7.493987e-03
8.177358e-03
8.633631e-03
8.019687e-03
9.333903e-03
1.066889e-02
9.681086e-03
1.112836e-02
1.212238e-02
1.213586e-02
1.363076e-02
1.487659e-02
1.328362e-02
1.300848e-02
1.494095e-02
1.642317e-02
1.644433e-02
1.457930e-02
1.535015e-02
1.603443e-02
1.776525e-02
1.803405e-02
1.754699e-02
1.611611e-02
1.690434e-02
1.890936e-02
1.854853e-02
1.852534e-02
1.847123e-02
1.699315e-02
1.850597e-02
1.940715e-02
1.968223e-02
1.960893e-02
1.840243e-02
1.851946e-02
1.893145e-02
1.992401e-02
1.984563e-02
1.936701e-02
1.935407e-02
1.989014e-02
2.017761e-02
2.032883e-02
2.032036e-02
1.999499e-02
1.978713e-02
1.979078e-02
1.979119e-02
2.017002e-02
2.043912e-02
2.042822e-02
2.012506e-02
2.029073e-02
2.059949e-02
2.061048e-02
2.058029e-02
2.057618e-02
2.027441e-02
2.044919e-02
2.063753e-02
2.068059e-02
2.068463e-02
2.075799e-02
2.081740e-02
2.087847e-02
2.092011e-02
2.092816e-02
2.113124e-02
2.161005e-02
2.158125e-02
2.158193e-02
2.157096e-02
