7.583566e-07
1.132077e-06
1.896082e-06
2.468835e-06
3.805338e-06
6.266279e-06
8.574295e-06
1.241351e-05
2.069365e-05
2.985580e-05
3.860754e-05
5.591391e-05
8.940855e-05
1.187905e-04
1.550782e-04
2.038626e-04
2.871804e-04
3.619884e-04
4.433098e-04
5.283756e-04
7.260392e-04
8.451760e-04
9.847664e-04
1.271285e-03
1.468519e-03
1.832471e-03
2.538852e-03
2.855108e-03
3.103338e-03
3.810629e-03
4.283680e-03
4.637871e-03
5.423921e-03
6.233181e-03
6.269517e-03
6.305854e-03
6.811874e-03
7.070141e-03
8.395147e-03
8.882528e-03
9.104125e-03
9.179946e-03
9.292521e-03
1.028324e-02
1.089547e-02
1.130390e-02
1.092157e-02
1.199365e-02
1.307658e-02
1.242108e-02
1.351112e-02
1.423437e-02
1.436120e-02
1.542691e-02
1.626573e-02
1.529793e-02
1.509372e-02
1.640075e-02
1.738636e-02
1.744365e-02
1.627619e-02
1.675992e-02
1.718599e-02
1.831712e-02
1.853738e-02
1.827327e-02
1.736495e-02
1.789309e-02
1.914129e-02
1.897703e-02
1.895920e-02
1.891758e-02
1.803130e-02
1.891849e-02
1.950267e-02
1.968617e-02
1.967045e-02
1.897574e-02
1.904210e-02
1.927311e-02
1.990651e-02
1.986443e-02
1.960536e-02
1.956789e-02
1.990635e-02
2.009565e-02
2.020768e-02
2.020255e-02
2.001223e-02
1.990413e-02
1.988607e-02
1.988407e-02
2.013001e-02
2.028663e-02
2.029977e-02
2.014165e-02
2.021416e-02
2.042478e-02
2.043985e-02
2.042222e-02
2.041555e-02
2.026830e-02
2.036099e-02
2.047179e-02
2.050835e-02
2.052754e-02
2.058348e-02
2.064096e-02
2.069896e-02
2.073849e-02
2.074931e-02
2.095639e-02
2.143411e-02
2.144423e-02
2.144408e-02
2.141348e-02
