0.000000e+00
-1.035277e-80
2.159042e-75
1.437058e-72
-1.381897e-68
-7.786366e-64
1.342927e-56
-7.608505e-52
-9.336288e-46
6.758519e-40
3.398589e-34
-3.333923e-28
1.128584e-10
2.887677e-10
6.116482e-10
1.633459e-09
5.055188e-09
1.008025e-08
1.943105e-08
3.335867e-08
1.020828e-07
1.622519e-07
2.813145e-07
6.350401e-07
1.060930e-06
2.163430e-06
6.933777e-06
9.974186e-06
1.369411e-05
2.783534e-05
4.304892e-05
5.424115e-05
9.870622e-05
1.728187e-04
1.705358e-04
1.682530e-04
2.198065e-04
2.650457e-04
4.946773e-04
6.063332e-04
6.741061e-04
6.951882e-04
7.106506e-04
1.088752e-03
1.385109e-03
1.605728e-03
1.310137e-03
2.023343e-03
2.911574e-03
2.212619e-03
3.288440e-03
4.201087e-03
4.224804e-03
5.984052e-03
7.717610e-03
5.480665e-03
5.152873e-03
7.810455e-03
1.046328e-02
1.048319e-02
7.219149e-03
8.454683e-03
9.666448e-03
1.334881e-02
1.404066e-02
1.284714e-02
9.794255e-03
1.141782e-02
1.639746e-02
1.527829e-02
1.521780e-02
1.507664e-02
1.152942e-02
1.516736e-02
1.777805e-02
1.854964e-02
1.837597e-02
1.485736e-02
1.517093e-02
1.628893e-02
1.933014e-02
1.904606e-02
1.749540e-02
1.746103e-02
1.917269e-02
2.007606e-02
2.054793e-02
2.056441e-02
1.944047e-02
1.874516e-02
1.870006e-02
1.869505e-02
1.991714e-02
2.090054e-02
2.079375e-02
1.976083e-02
2.034638e-02
2.131481e-02
2.136009e-02
2.123865e-02
2.113888e-02
2.014666e-02
2.072238e-02
2.132691e-02
2.146131e-02
2.138595e-02
2.165361e-02
2.170527e-02
2.183381e-02
2.188774e-02
2.189611e-02
2.210869e-02
2.260979e-02
2.257932e-02
2.258004e-02
2.256869e-02
