0.000000e+00
5.212100e-73
1.622778e-68
-7.314555e-65
-4.393789e-61
1.408293e-55
4.385005e-50
1.052069e-44
1.038889e-39
-2.001763e-32
-2.410759e-27
6.265657e-09
2.061611e-08
4.231324e-08
8.140956e-08
1.642587e-07
3.895703e-07
6.896372e-07
1.146356e-06
1.771148e-06
3.975804e-06
5.785643e-06
8.566671e-06
1.622298e-05
2.336843e-05
4.077376e-05
9.308047e-05
1.245569e-04
1.540292e-04
2.581161e-04
3.479520e-04
4.244381e-04
6.345581e-04
9.093666e-04
9.216912e-04
9.340158e-04
1.138265e-03
1.255699e-03
1.960804e-03
2.269929e-03
2.418769e-03
2.469942e-03
2.547776e-03
3.331251e-03
3.889745e-03
4.278879e-03
3.893730e-03
5.025350e-03
6.315892e-03
5.482435e-03
6.889491e-03
7.920159e-03
8.120041e-03
9.906808e-03
1.142882e-02
9.621581e-03
9.261569e-03
1.167441e-02
1.371169e-02
1.382156e-02
1.138786e-02
1.237004e-02
1.325995e-02
1.583249e-02
1.639960e-02
1.574488e-02
1.361910e-02
1.480356e-02
1.795656e-02
1.746083e-02
1.740573e-02
1.727718e-02
1.505486e-02
1.732040e-02
1.887060e-02
1.937370e-02
1.932181e-02
1.738366e-02
1.755113e-02
1.815316e-02
1.994147e-02
1.981704e-02
1.902916e-02
1.891348e-02
1.986818e-02
2.042661e-02
2.067568e-02
2.070516e-02
2.010434e-02
1.980810e-02
1.972967e-02
1.972096e-02
2.040863e-02
2.094686e-02
2.085288e-02
2.040803e-02
2.066624e-02
2.120762e-02
2.123334e-02
2.116442e-02
2.114207e-02
2.066280e-02
2.094425e-02
2.125008e-02
2.138224e-02
2.135823e-02
2.146435e-02
2.153084e-02
2.164944e-02
2.169883e-02
2.171010e-02
2.192691e-02
2.242688e-02
2.243706e-02
2.243691e-02
2.240502e-02
