0.000000e+00
-1.172158e-40
-1.903360e-34
1.411346e-32
1.368674e-28
7.421081e-11
1.508832e-10
3.459402e-10
1.045969e-09
2.518896e-09
4.014955e-09
9.976435e-09
2.976865e-08
5.761069e-08
9.754100e-08
1.947350e-07
4.313123e-07
7.010009e-07
1.113013e-06
1.629000e-06
3.586370e-06
4.972501e-06
7.317311e-06
1.296126e-05
1.867004e-05
3.080078e-05
7.034215e-05
9.070241e-05
1.137448e-04
1.884455e-04
2.565128e-04
3.019543e-04
4.606498e-04
6.838132e-04
6.773381e-04
6.708630e-04
8.095567e-04
9.234523e-04
1.428309e-03
1.650584e-03
1.777268e-03
1.816622e-03
1.845043e-03
2.484322e-03
2.936214e-03
3.255278e-03
2.826686e-03
3.805357e-03
4.907224e-03
4.062986e-03
5.333340e-03
6.311002e-03
6.328098e-03
7.993259e-03
9.506812e-03
7.555906e-03
7.248842e-03
9.581106e-03
1.163147e-02
1.165562e-02
9.099938e-03
1.010775e-02
1.105046e-02
1.365017e-02
1.408980e-02
1.329955e-02
1.114305e-02
1.231975e-02
1.557757e-02
1.489980e-02
1.485891e-02
1.476350e-02
1.241618e-02
1.482411e-02
1.641853e-02
1.686504e-02
1.676612e-02
1.463357e-02
1.482559e-02
1.552291e-02
1.730343e-02
1.714443e-02
1.627293e-02
1.624993e-02
1.723240e-02
1.775351e-02
1.801988e-02
1.802577e-02
1.739436e-02
1.700678e-02
1.698475e-02
1.698230e-02
1.767783e-02
1.822301e-02
1.816102e-02
1.759501e-02
1.792288e-02
1.845041e-02
1.847601e-02
1.841170e-02
1.837646e-02
1.780798e-02
1.814422e-02
1.848996e-02
1.855768e-02
1.852744e-02
1.867379e-02
1.873417e-02
1.880165e-02
1.884472e-02
1.885206e-02
1.903451e-02
1.946538e-02
1.943987e-02
1.944046e-02
1.943038e-02
