0.000000e+00
-2.110847e-57
2.336581e-50
2.066047e-48
7.849461e-45
-1.566943e-39
-1.230790e-33
-1.423894e-28
1.283552e-09
3.202573e-09
5.523849e-09
1.386206e-08
4.293297e-08
8.453372e-08
1.520567e-07
3.007673e-07
6.810612e-07
1.144362e-06
1.841923e-06
2.743311e-06
5.984418e-06
8.444299e-06
1.228383e-05
2.228000e-05
3.164243e-05
5.286679e-05
1.169584e-04
1.522377e-04
1.869925e-04
3.064797e-04
4.090312e-04
4.852641e-04
7.182688e-04
1.025126e-03
1.027967e-03
1.030808e-03
1.242056e-03
1.377800e-03
2.090622e-03
2.394687e-03
2.548990e-03
2.599982e-03
2.662122e-03
3.458461e-03
4.010888e-03
4.400264e-03
3.957325e-03
5.096938e-03
6.359174e-03
5.476717e-03
6.880160e-03
7.879569e-03
8.010718e-03
9.738568e-03
1.121012e-02
9.381155e-03
9.028819e-03
1.136066e-02
1.331706e-02
1.337440e-02
1.098245e-02
1.193947e-02
1.280606e-02
1.523138e-02
1.571019e-02
1.504268e-02
1.303562e-02
1.413235e-02
1.707881e-02
1.657112e-02
1.652576e-02
1.641991e-02
1.429776e-02
1.645684e-02
1.787258e-02
1.830643e-02
1.823530e-02
1.640129e-02
1.656597e-02
1.714914e-02
1.874758e-02
1.862124e-02
1.787879e-02
1.782322e-02
1.868535e-02
1.916967e-02
1.940455e-02
1.940667e-02
1.886365e-02
1.856730e-02
1.851434e-02
1.850845e-02
1.913105e-02
1.960786e-02
1.955307e-02
1.909452e-02
1.933667e-02
1.982981e-02
1.983911e-02
1.977629e-02
1.977108e-02
1.930972e-02
1.957353e-02
1.985273e-02
1.993944e-02
1.992764e-02
2.003309e-02
2.009496e-02
2.018164e-02
2.023600e-02
2.023869e-02
2.044201e-02
2.090345e-02
2.089182e-02
2.089301e-02
2.088070e-02
