2.169379e-07
3.398909e-07
6.056054e-07
8.205789e-07
1.322213e-06
2.313132e-06
3.287548e-06
4.976284e-06
8.812622e-06
1.328623e-05
1.767947e-05
2.679013e-05
4.530511e-05
6.226171e-05
8.380079e-05
1.138707e-04
1.670440e-04
2.161897e-04
2.711869e-04
3.296929e-04
4.709580e-04
5.579035e-04
6.622657e-04
8.804890e-04
1.034951e-03
1.325940e-03
1.909858e-03
2.176090e-03
2.389556e-03
3.006386e-03
3.428949e-03
3.746185e-03
4.466046e-03
5.220389e-03
5.254039e-03
5.287688e-03
5.764022e-03
6.015078e-03
7.290875e-03
7.770158e-03
7.986370e-03
8.060185e-03
8.168551e-03
9.154740e-03
9.781060e-03
1.019047e-02
9.793791e-03
1.089090e-02
1.200295e-02
1.131821e-02
1.245404e-02
1.319759e-02
1.334001e-02
1.446881e-02
1.535220e-02
1.432048e-02
1.410582e-02
1.548731e-02
1.653344e-02
1.660706e-02
1.534956e-02
1.587692e-02
1.632809e-02
1.753531e-02
1.778872e-02
1.749766e-02
1.652472e-02
1.709244e-02
1.844512e-02
1.824216e-02
1.822334e-02
1.817942e-02
1.721983e-02
1.819000e-02
1.883663e-02
1.903212e-02
1.901002e-02
1.824671e-02
1.832209e-02
1.857531e-02
1.926783e-02
1.922291e-02
1.893640e-02
1.889162e-02
1.924067e-02
1.946217e-02
1.957122e-02
1.956739e-02
1.937397e-02
1.924879e-02
1.924528e-02
1.924489e-02
1.949511e-02
1.967059e-02
1.967045e-02
1.949830e-02
1.959055e-02
1.981688e-02
1.983610e-02
1.980464e-02
1.980670e-02
1.963407e-02
1.974026e-02
1.985589e-02
1.990277e-02
1.992032e-02
1.997576e-02
2.003363e-02
2.008856e-02
2.012946e-02
2.014007e-02
2.034083e-02
2.080420e-02
2.081437e-02
2.081425e-02
2.078462e-02
