1.507668e-06
2.170189e-06
3.508206e-06
4.474941e-06
6.730787e-06
1.070801e-05
1.430057e-05
2.013997e-05
3.213188e-05
4.556818e-05
5.675637e-05
8.106816e-05
1.262240e-04
1.646026e-04
2.081993e-04
2.715419e-04
3.745751e-04
4.606513e-04
5.561269e-04
6.515218e-04
8.848148e-04
1.015214e-03
1.173936e-03
1.485116e-03
1.704924e-03
2.085426e-03
2.850001e-03
3.160007e-03
3.423087e-03
4.163801e-03
4.654859e-03
4.979989e-03
5.791547e-03
6.636349e-03
6.646086e-03
6.655822e-03
7.149143e-03
7.437387e-03
8.712980e-03
9.176886e-03
9.401863e-03
9.475796e-03
9.562674e-03
1.053957e-02
1.113104e-02
1.152976e-02
1.109249e-02
1.215248e-02
1.320610e-02
1.251350e-02
1.360339e-02
1.429727e-02
1.437477e-02
1.540300e-02
1.622110e-02
1.522743e-02
1.502954e-02
1.629858e-02
1.724472e-02
1.728204e-02
1.613608e-02
1.659451e-02
1.702290e-02
1.809262e-02
1.828450e-02
1.801320e-02
1.714424e-02
1.764563e-02
1.882973e-02
1.864454e-02
1.862663e-02
1.858483e-02
1.772861e-02
1.861511e-02
1.914305e-02
1.931052e-02
1.928750e-02
1.861648e-02
1.867628e-02
1.889404e-02
1.948683e-02
1.944692e-02
1.919751e-02
1.917760e-02
1.947409e-02
1.965421e-02
1.976817e-02
1.975428e-02
1.955285e-02
1.946287e-02
1.945890e-02
1.945846e-02
1.966912e-02
1.982359e-02
1.983413e-02
1.967047e-02
1.973908e-02
1.994844e-02
1.995568e-02
1.993814e-02
1.994069e-02
1.976851e-02
1.986898e-02
1.999979e-02
2.004224e-02
2.004101e-02
2.007593e-02
2.013608e-02
2.018871e-02
2.023600e-02
2.023869e-02
2.044201e-02
2.090345e-02
2.089182e-02
2.089301e-02
2.088070e-02
