0.000000e+00
-9.866564e-45
-1.061848e-38
3.489749e-37
-1.925930e-34
-6.910422e-28
1.661623e-09
3.618631e-09
1.030054e-08
2.232731e-08
3.605220e-08
8.057127e-08
2.166739e-07
3.921442e-07
6.567705e-07
1.193153e-06
2.441546e-06
3.850541e-06
5.847480e-06
8.296663e-06
1.642904e-05
2.224438e-05
3.086077e-05
5.205355e-05
7.082376e-05
1.111269e-04
2.230646e-04
2.811615e-04
3.367387e-04
5.201101e-04
6.700124e-04
7.784444e-04
1.098110e-03
1.499634e-03
1.503462e-03
1.507291e-03
1.774313e-03
1.943562e-03
2.798475e-03
3.153025e-03
3.330597e-03
3.389199e-03
3.460000e-03
4.349643e-03
4.949227e-03
5.366658e-03
4.893570e-03
6.095219e-03
7.401477e-03
6.499236e-03
7.924126e-03
8.922141e-03
9.045563e-03
1.071261e-02
1.211327e-02
1.037454e-02
1.004188e-02
1.225327e-02
1.405663e-02
1.412069e-02
1.190412e-02
1.280230e-02
1.358843e-02
1.579832e-02
1.622538e-02
1.561818e-02
1.380999e-02
1.481784e-02
1.744273e-02
1.698332e-02
1.694730e-02
1.686324e-02
1.496254e-02
1.689223e-02
1.813616e-02
1.851398e-02
1.843962e-02
1.685103e-02
1.699401e-02
1.750929e-02
1.890484e-02
1.879388e-02
1.815860e-02
1.810568e-02
1.884115e-02
1.925889e-02
1.946722e-02
1.947582e-02
1.901234e-02
1.874443e-02
1.871916e-02
1.871636e-02
1.923747e-02
1.965617e-02
1.959665e-02
1.920822e-02
1.942571e-02
1.984979e-02
1.986290e-02
1.981632e-02
1.979361e-02
1.939889e-02
1.963570e-02
1.987546e-02
1.996111e-02
1.994741e-02
2.003999e-02
2.010638e-02
2.018234e-02
2.023600e-02
2.023869e-02
2.044201e-02
2.090345e-02
2.089182e-02
2.089301e-02
2.088070e-02
