9.730983e-11
1.889430e-10
4.716798e-10
8.195131e-10
1.631171e-09
4.040855e-09
7.081748e-09
1.359167e-08
3.255720e-08
6.568850e-08
9.497917e-08
1.955942e-07
4.660439e-07
7.878171e-07
1.196517e-06
2.075772e-06
3.909985e-06
5.759151e-06
8.327844e-06
1.128335e-05
2.118915e-05
2.752150e-05
3.745416e-05
5.910631e-05
7.923043e-05
1.181695e-04
2.293077e-04
2.808264e-04
3.369038e-04
5.059340e-04
6.477526e-04
7.379951e-04
1.036751e-03
1.423040e-03
1.411321e-03
1.399602e-03
1.627205e-03
1.808638e-03
2.561610e-03
2.876021e-03
3.051504e-03
3.105948e-03
3.144688e-03
3.987181e-03
4.553439e-03
4.943253e-03
4.418159e-03
5.587619e-03
6.846749e-03
5.896046e-03
7.317041e-03
8.346337e-03
8.365436e-03
1.004030e-02
1.151020e-02
9.621484e-03
9.311228e-03
1.157472e-02
1.346321e-02
1.347911e-02
1.112027e-02
1.206585e-02
1.294005e-02
1.524329e-02
1.562486e-02
1.494975e-02
1.304164e-02
1.407321e-02
1.687420e-02
1.630815e-02
1.627825e-02
1.620849e-02
1.418124e-02
1.624884e-02
1.757151e-02
1.793319e-02
1.785910e-02
1.610040e-02
1.626601e-02
1.685061e-02
1.831093e-02
1.818576e-02
1.746233e-02
1.744429e-02
1.825668e-02
1.866289e-02
1.889616e-02
1.889907e-02
1.838003e-02
1.808099e-02
1.806252e-02
1.806047e-02
1.862532e-02
1.904907e-02
1.901148e-02
1.854809e-02
1.881349e-02
1.925415e-02
1.926698e-02
1.921473e-02
1.919558e-02
1.876396e-02
1.901565e-02
1.928438e-02
1.935196e-02
1.932163e-02
1.945165e-02
1.950614e-02
1.956893e-02
1.961238e-02
1.961994e-02
1.980995e-02
2.025849e-02
2.023178e-02
2.023241e-02
2.022192e-02
