0.000000e+00
1.836978e-79
-2.846481e-73
3.367581e-71
-4.129390e-68
1.146305e-61
1.143043e-56
-2.473873e-50
1.006362e-44
-1.296602e-38
1.965050e-33
-6.863090e-28
1.656200e-09
3.879210e-09
8.357462e-09
1.924253e-08
5.335718e-08
1.043264e-07
1.898043e-07
3.165291e-07
8.230283e-07
1.277456e-06
2.033334e-06
4.306658e-06
6.618453e-06
1.272680e-05
3.359378e-05
4.722525e-05
6.061606e-05
1.109411e-04
1.576127e-04
1.985851e-04
3.184742e-04
4.864630e-04
4.936903e-04
5.009175e-04
6.312281e-04
7.094124e-04
1.195119e-03
1.417761e-03
1.527840e-03
1.565802e-03
1.624402e-03
2.225003e-03
2.668967e-03
2.984251e-03
2.667723e-03
3.608831e-03
4.714085e-03
3.985229e-03
5.219561e-03
6.148916e-03
6.331268e-03
8.006923e-03
9.474307e-03
7.722209e-03
7.386601e-03
9.710686e-03
1.173684e-02
1.185925e-02
9.426996e-03
1.038951e-02
1.127688e-02
1.391439e-02
1.451087e-02
1.381853e-02
1.163549e-02
1.283880e-02
1.613721e-02
1.561894e-02
1.556032e-02
1.542355e-02
1.309349e-02
1.545946e-02
1.711772e-02
1.766262e-02
1.760077e-02
1.551633e-02
1.569224e-02
1.633050e-02
1.827249e-02
1.813619e-02
1.728141e-02
1.714511e-02
1.817391e-02
1.878569e-02
1.909387e-02
1.908924e-02
1.845889e-02
1.811484e-02
1.803836e-02
1.802987e-02
1.876465e-02
1.935943e-02
1.924563e-02
1.877256e-02
1.903116e-02
1.964025e-02
1.967386e-02
1.958320e-02
1.955495e-02
1.902878e-02
1.934222e-02
1.966342e-02
1.980057e-02
1.978089e-02
1.989105e-02
1.996302e-02
2.008270e-02
2.012946e-02
2.014007e-02
2.034083e-02
2.080420e-02
2.081437e-02
2.081425e-02
2.078462e-02
