1.283383e-10
2.467832e-10
6.079576e-10
1.044867e-09
2.064380e-09
5.043831e-09
8.762668e-09
1.664023e-08
3.929318e-08
7.839962e-08
1.126624e-07
2.291569e-07
5.375130e-07
8.999621e-07
1.356756e-06
2.329416e-06
4.337000e-06
6.333418e-06
9.092505e-06
1.223831e-05
2.268901e-05
2.930336e-05
3.960181e-05
6.185762e-05
8.234998e-05
1.216863e-04
2.323928e-04
2.831411e-04
3.381562e-04
5.023371e-04
6.390332e-04
7.255563e-04
1.008572e-03
1.371533e-03
1.361173e-03
1.350813e-03
1.563094e-03
1.731890e-03
2.425119e-03
2.712216e-03
2.871520e-03
2.921224e-03
2.958918e-03
3.718809e-03
4.228502e-03
4.575224e-03
4.104737e-03
5.146231e-03
6.259059e-03
5.419658e-03
6.668022e-03
7.569764e-03
7.585265e-03
9.031438e-03
1.028881e-02
8.673530e-03
8.406783e-03
1.035567e-02
1.195361e-02
1.197732e-02
9.969469e-03
1.077685e-02
1.151506e-02
1.345509e-02
1.378677e-02
1.322119e-02
1.160249e-02
1.248506e-02
1.482045e-02
1.435924e-02
1.433020e-02
1.426242e-02
1.257231e-02
1.430928e-02
1.540290e-02
1.572041e-02
1.565432e-02
1.418124e-02
1.432046e-02
1.480940e-02
1.601867e-02
1.591420e-02
1.531675e-02
1.530980e-02
1.597443e-02
1.631997e-02
1.650140e-02
1.650504e-02
1.608638e-02
1.582832e-02
1.582514e-02
1.582478e-02
1.628048e-02
1.664102e-02
1.661026e-02
1.622756e-02
1.644617e-02
1.680694e-02
1.682669e-02
1.678091e-02
1.676562e-02
1.639391e-02
1.661293e-02
1.684173e-02
1.689235e-02
1.687597e-02
1.697746e-02
1.702316e-02
1.707900e-02
1.711592e-02
1.712267e-02
1.728800e-02
1.767885e-02
1.765610e-02
1.765663e-02
1.764726e-02
