0.000000e+00
-1.838593e-85
-1.773725e-79
2.867478e-78
2.650267e-73
-9.599020e-68
-1.158459e-62
-2.240285e-58
5.481256e-51
-1.076153e-44
5.745458e-39
-3.836814e-34
4.512284e-28
6.572828e-10
1.534793e-09
3.903452e-09
1.214208e-08
2.547701e-08
4.952461e-08
8.716489e-08
2.525801e-07
4.104600e-07
6.889583e-07
1.578636e-06
2.541931e-06
5.231203e-06
1.531206e-05
2.226281e-05
2.934772e-05
5.706040e-05
8.407758e-05
1.081789e-04
1.821925e-04
2.909455e-04
2.951890e-04
2.994325e-04
3.857252e-04
4.394356e-04
7.779392e-04
9.377036e-04
1.017984e-03
1.045531e-03
1.087022e-03
1.536934e-03
1.875148e-03
2.119903e-03
1.869245e-03
2.609088e-03
3.492351e-03
2.900424e-03
3.901226e-03
4.668411e-03
4.814028e-03
6.230373e-03
7.492337e-03
5.978241e-03
5.698070e-03
7.683984e-03
9.457503e-03
9.561069e-03
7.426238e-03
8.268681e-03
9.045123e-03
1.138385e-02
1.190643e-02
1.128186e-02
9.356864e-03
1.041190e-02
1.337344e-02
1.289676e-02
1.284392e-02
1.272064e-02
1.062775e-02
1.275667e-02
1.424710e-02
1.474939e-02
1.469897e-02
1.278910e-02
1.295048e-02
1.353438e-02
1.529737e-02
1.516989e-02
1.439150e-02
1.426866e-02
1.522208e-02
1.576621e-02
1.603482e-02
1.603368e-02
1.545938e-02
1.513851e-02
1.506801e-02
1.506018e-02
1.574001e-02
1.628563e-02
1.617503e-02
1.573830e-02
1.597920e-02
1.653853e-02
1.656304e-02
1.648526e-02
1.646191e-02
1.596457e-02
1.625960e-02
1.656225e-02
1.667905e-02
1.665884e-02
1.675302e-02
1.682131e-02
1.692394e-02
1.696587e-02
1.697487e-02
1.714332e-02
1.753288e-02
1.754173e-02
1.754158e-02
1.751604e-02
