0.000000e+00
-5.760956e-58
-2.818932e-52
1.000199e-50
-2.222030e-46
-4.968444e-41
2.755359e-35
1.018124e-29
2.213122e-11
6.677858e-11
1.189207e-10
3.654942e-10
1.406352e-09
3.170104e-09
6.063962e-09
1.417818e-08
3.763503e-08
6.832649e-08
1.204279e-07
1.920028e-07
5.042248e-07
7.520654e-07
1.207328e-06
2.431295e-06
3.787241e-06
6.986295e-06
1.904925e-05
2.600068e-05
3.418026e-05
6.295428e-05
9.146144e-05
1.114861e-04
1.860992e-04
3.003352e-04
2.969126e-04
2.934899e-04
3.687410e-04
4.326096e-04
7.345682e-04
8.741411e-04
9.557576e-04
9.812368e-04
1.000675e-03
1.434780e-03
1.758341e-03
1.992494e-03
1.678191e-03
2.413958e-03
3.281994e-03
2.608296e-03
3.634916e-03
4.455200e-03
4.476371e-03
5.963922e-03
7.363260e-03
5.557566e-03
5.281596e-03
7.435782e-03
9.439276e-03
9.456666e-03
6.974447e-03
7.937669e-03
8.856971e-03
1.149637e-02
1.198321e-02
1.115239e-02
8.955694e-03
1.013081e-02
1.355336e-02
1.282128e-02
1.278044e-02
1.268515e-02
1.023115e-02
1.274389e-02
1.446338e-02
1.496388e-02
1.485122e-02
1.254179e-02
1.275058e-02
1.349386e-02
1.545560e-02
1.528114e-02
1.429503e-02
1.426679e-02
1.536765e-02
1.593290e-02
1.625003e-02
1.625236e-02
1.554536e-02
1.510427e-02
1.507859e-02
1.507574e-02
1.584641e-02
1.646330e-02
1.639832e-02
1.574518e-02
1.611721e-02
1.672174e-02
1.674423e-02
1.667108e-02
1.662283e-02
1.600534e-02
1.636197e-02
1.674224e-02
1.682751e-02
1.677902e-02
1.695296e-02
1.699647e-02
1.707578e-02
1.711592e-02
1.712267e-02
1.728800e-02
1.767885e-02
1.765610e-02
1.765663e-02
1.764726e-02
