1.141140e-08
1.986121e-08
4.102863e-08
6.175895e-08
1.101325e-07
2.228789e-07
3.457253e-07
5.822972e-07
1.180710e-06
1.997132e-06
2.775645e-06
4.770242e-06
9.327122e-06
1.393896e-05
1.985188e-05
2.971388e-05
4.839446e-05
6.613066e-05
8.794005e-05
1.117194e-04
1.778507e-04
2.189894e-04
2.733674e-04
3.910595e-04
4.827015e-04
6.565469e-04
1.057272e-03
1.239542e-03
1.401472e-03
1.890015e-03
2.245562e-03
2.490669e-03
3.148781e-03
3.889709e-03
3.898687e-03
3.907665e-03
4.370898e-03
4.644240e-03
5.949302e-03
6.454042e-03
6.699244e-03
6.779848e-03
6.874764e-03
8.023039e-03
8.755199e-03
9.247241e-03
8.694177e-03
1.007144e-02
1.147991e-02
1.052652e-02
1.202566e-02
1.301410e-02
1.313932e-02
1.469777e-02
1.594829e-02
1.440605e-02
1.409918e-02
1.609151e-02
1.761292e-02
1.766646e-02
1.579024e-02
1.687897e-02
1.723838e-02
1.902953e-02
1.936461e-02
1.888679e-02
1.742483e-02
1.824542e-02
2.029682e-02
1.996624e-02
1.994235e-02
1.988662e-02
1.837278e-02
1.990625e-02
2.085685e-02
2.115144e-02
2.109581e-02
1.988509e-02
1.999537e-02
2.038956e-02
2.144115e-02
2.135744e-02
2.089061e-02
2.084902e-02
2.140999e-02
2.171215e-02
2.188762e-02
2.188084e-02
2.156134e-02
2.136093e-02
2.132794e-02
2.132428e-02
2.172084e-02
2.201317e-02
2.197834e-02
2.172219e-02
2.186122e-02
2.218028e-02
2.219357e-02
2.216186e-02
2.216454e-02
2.185682e-02
2.202523e-02
2.223304e-02
2.229725e-02
2.230619e-02
2.235959e-02
2.242503e-02
2.249666e-02
2.255505e-02
2.255798e-02
2.278486e-02
2.329904e-02
2.328536e-02
2.328670e-02
2.327310e-02
