0.000000e+00
-5.246002e-58
3.562816e-52
7.521327e-50
8.446792e-46
-1.404437e-40
2.539068e-36
1.729331e-29
3.250784e-11
9.620347e-11
1.693772e-10
5.094349e-10
1.910406e-09
4.241148e-09
8.014130e-09
1.844748e-08
4.810361e-08
8.639320e-08
1.507393e-07
2.383535e-07
6.155337e-07
9.117788e-07
1.451830e-06
2.888884e-06
4.467933e-06
8.158782e-06
2.189926e-05
2.974027e-05
3.893760e-05
7.107104e-05
1.026852e-04
1.247998e-04
2.068064e-04
3.315300e-04
3.277927e-04
3.240555e-04
4.058481e-04
4.751368e-04
8.010220e-04
9.511270e-04
1.038758e-03
1.066107e-03
1.086908e-03
1.551390e-03
1.896374e-03
2.145787e-03
1.810986e-03
2.593335e-03
3.513637e-03
2.799786e-03
3.886752e-03
4.753015e-03
4.775113e-03
6.341565e-03
7.812600e-03
5.914313e-03
5.623740e-03
7.888537e-03
9.989259e-03
1.000737e-02
7.403896e-03
8.415109e-03
9.375392e-03
1.214139e-02
1.265080e-02
1.178259e-02
9.482739e-03
1.071309e-02
1.429104e-02
1.352635e-02
1.348377e-02
1.338441e-02
1.081808e-02
1.344570e-02
1.524107e-02
1.576338e-02
1.564572e-02
1.323457e-02
1.345269e-02
1.422907e-02
1.627640e-02
1.609449e-02
1.506561e-02
1.503612e-02
1.618477e-02
1.677438e-02
1.710515e-02
1.710759e-02
1.637025e-02
1.591014e-02
1.588349e-02
1.588053e-02
1.668427e-02
1.732773e-02
1.726018e-02
1.657886e-02
1.696695e-02
1.759732e-02
1.762067e-02
1.754458e-02
1.749449e-02
1.685067e-02
1.722240e-02
1.761929e-02
1.770836e-02
1.765794e-02
1.783972e-02
1.788515e-02
1.796809e-02
1.801016e-02
1.801722e-02
1.819140e-02
1.860297e-02
1.857880e-02
1.857936e-02
1.856963e-02
