2.409593e-07
3.531196e-07
6.047168e-07
7.975740e-07
1.247600e-06
2.120847e-06
2.945031e-06
4.294000e-06
7.143190e-06
1.085176e-05
1.345474e-05
2.056298e-05
3.422066e-05
4.657334e-05
5.946432e-05
8.223153e-05
1.191869e-04
1.495459e-04
1.856791e-04
2.217833e-04
3.210446e-04
3.742394e-04
4.476776e-04
5.837011e-04
6.932024e-04
8.741932e-04
1.286633e-03
1.445903e-03
1.607727e-03
2.034917e-03
2.345160e-03
2.527559e-03
3.068015e-03
3.670797e-03
3.654547e-03
3.638297e-03
3.959577e-03
4.203285e-03
5.102716e-03
5.446517e-03
5.631484e-03
5.688587e-03
5.726876e-03
6.521526e-03
7.012298e-03
7.336157e-03
6.899841e-03
7.826728e-03
8.736122e-03
8.066123e-03
9.052495e-03
9.713236e-03
9.722107e-03
1.068584e-02
1.148608e-02
1.046773e-02
1.029496e-02
1.151252e-02
1.244765e-02
1.245915e-02
1.129561e-02
1.177167e-02
1.220183e-02
1.325589e-02
1.342649e-02
1.312442e-02
1.225955e-02
1.274396e-02
1.394253e-02
1.372827e-02
1.371682e-02
1.369008e-02
1.280345e-02
1.370636e-02
1.424415e-02
1.440203e-02
1.436356e-02
1.365322e-02
1.372242e-02
1.396604e-02
1.454590e-02
1.449689e-02
1.422927e-02
1.422318e-02
1.454424e-02
1.469134e-02
1.479477e-02
1.478794e-02
1.459880e-02
1.448378e-02
1.448876e-02
1.448931e-02
1.469685e-02
1.486086e-02
1.485728e-02
1.468575e-02
1.477322e-02
1.495406e-02
1.496578e-02
1.495729e-02
1.495431e-02
1.477514e-02
1.487560e-02
1.498794e-02
1.501896e-02
1.501699e-02
1.507179e-02
1.511925e-02
1.514858e-02
1.517929e-02
1.518538e-02
1.533148e-02
1.567739e-02
1.565760e-02
1.565805e-02
1.564940e-02
