3.152218e-07
4.595892e-07
7.823012e-07
1.028541e-06
1.603132e-06
2.714299e-06
3.761899e-06
5.472406e-06
9.085206e-06
1.378508e-05
1.708022e-05
2.610344e-05
4.347136e-05
5.922197e-05
7.565475e-05
1.048237e-04
1.524156e-04
1.915540e-04
2.384094e-04
2.852943e-04
4.150834e-04
4.845847e-04
5.815892e-04
7.619934e-04
9.075910e-04
1.150488e-03
1.709269e-03
1.926310e-03
2.148437e-03
2.739051e-03
3.173170e-03
3.427403e-03
4.188372e-03
5.047922e-03
5.024632e-03
5.001341e-03
5.463158e-03
5.817586e-03
7.120651e-03
7.622535e-03
7.894125e-03
7.977608e-03
8.030563e-03
9.216405e-03
9.945706e-03
1.042697e-02
9.776792e-03
1.116743e-02
1.254593e-02
1.153779e-02
1.303027e-02
1.404413e-02
1.406047e-02
1.555755e-02
1.678379e-02
1.521953e-02
1.493328e-02
1.684813e-02
1.830606e-02
1.832081e-02
1.649306e-02
1.724713e-02
1.791666e-02
1.959524e-02
1.984380e-02
1.938100e-02
1.799587e-02
1.878244e-02
2.069378e-02
2.033581e-02
2.031777e-02
2.027568e-02
1.886410e-02
2.029274e-02
2.116898e-02
2.140599e-02
2.134121e-02
2.020504e-02
2.032008e-02
2.071675e-02
2.164551e-02
2.157157e-02
2.112638e-02
2.111714e-02
2.161113e-02
2.188429e-02
2.203272e-02
2.203391e-02
2.173013e-02
2.155364e-02
2.153863e-02
2.153696e-02
2.187680e-02
2.213309e-02
2.212035e-02
2.184025e-02
2.200362e-02
2.228916e-02
2.230593e-02
2.229019e-02
2.226701e-02
2.199019e-02
2.216061e-02
2.233768e-02
2.239464e-02
2.238857e-02
2.245833e-02
2.253149e-02
2.258674e-02
2.263148e-02
2.264010e-02
2.285995e-02
2.337806e-02
2.334626e-02
2.334701e-02
2.333526e-02
