1.337813e-07
2.142130e-07
3.918442e-07
5.404637e-07
8.872626e-07
1.592743e-06
2.301332e-06
3.555684e-06
6.474600e-06
9.941698e-06
1.342667e-05
2.074744e-05
3.598765e-05
5.024228e-05
6.864435e-05
9.466599e-05
1.415976e-04
1.857589e-04
2.356981e-04
2.895243e-04
4.209730e-04
5.031320e-04
6.028144e-04
8.142734e-04
9.650824e-04
1.252942e-03
1.841594e-03
2.114492e-03
2.333263e-03
2.975466e-03
3.416672e-03
3.752636e-03
4.517822e-03
5.329664e-03
5.368247e-03
5.406830e-03
5.927544e-03
6.196294e-03
7.603146e-03
8.131680e-03
8.375855e-03
8.459307e-03
8.582500e-03
9.687608e-03
1.038827e-02
1.085477e-02
1.041211e-02
1.165503e-02
1.292377e-02
1.214147e-02
1.343903e-02
1.429810e-02
1.446794e-02
1.577258e-02
1.682985e-02
1.559442e-02
1.535620e-02
1.696611e-02
1.819193e-02
1.827539e-02
1.680890e-02
1.741531e-02
1.795097e-02
1.938519e-02
1.966438e-02
1.933397e-02
1.818493e-02
1.883433e-02
2.045154e-02
2.023201e-02
2.020700e-02
2.014861e-02
1.899765e-02
2.015790e-02
2.090605e-02
2.115591e-02
2.112180e-02
2.021698e-02
2.030621e-02
2.060413e-02
2.143327e-02
2.138737e-02
2.102790e-02
2.097128e-02
2.141259e-02
2.166939e-02
2.179423e-02
2.180229e-02
2.154943e-02
2.141513e-02
2.139305e-02
2.139059e-02
2.168803e-02
2.192380e-02
2.190194e-02
2.170286e-02
2.182418e-02
2.207359e-02
2.209419e-02
2.205040e-02
2.207025e-02
2.185903e-02
2.197163e-02
2.212985e-02
2.218300e-02
2.219504e-02
2.225943e-02
2.232819e-02
2.239229e-02
2.243773e-02
2.244934e-02
2.267357e-02
2.319053e-02
2.320064e-02
2.320049e-02
2.316747e-02
