0.000000e+00
-4.057264e-40
-4.641792e-34
1.171928e-31
-7.182579e-28
3.490135e-10
6.933741e-10
1.571335e-09
4.708620e-09
1.062275e-08
1.749183e-08
4.074140e-08
1.149856e-07
2.140152e-07
3.661995e-07
6.848787e-07
1.447665e-06
2.326118e-06
3.595086e-06
5.174715e-06
1.056224e-05
1.445916e-05
2.035331e-05
3.499199e-05
4.823084e-05
7.688985e-05
1.585063e-04
2.012650e-04
2.426551e-04
3.801977e-04
4.939369e-04
5.762428e-04
8.218978e-04
1.133233e-03
1.135843e-03
1.138453e-03
1.346704e-03
1.478969e-03
2.148194e-03
2.427764e-03
2.569617e-03
2.616072e-03
2.669398e-03
3.376205e-03
3.853612e-03
4.185029e-03
3.804293e-03
4.764836e-03
5.808833e-03
5.083840e-03
6.227612e-03
7.025913e-03
7.126008e-03
8.468596e-03
9.590867e-03
8.192739e-03
7.920036e-03
9.707155e-03
1.116154e-02
1.120250e-02
9.413370e-03
1.013679e-02
1.077734e-02
1.255140e-02
1.289875e-02
1.241503e-02
1.094604e-02
1.175511e-02
1.386381e-02
1.350721e-02
1.347369e-02
1.339547e-02
1.186830e-02
1.342766e-02
1.443332e-02
1.472710e-02
1.468045e-02
1.338823e-02
1.350441e-02
1.392524e-02
1.504435e-02
1.495709e-02
1.443402e-02
1.439579e-02
1.500667e-02
1.533228e-02
1.549984e-02
1.550413e-02
1.512567e-02
1.492324e-02
1.489089e-02
1.488730e-02
1.532289e-02
1.564406e-02
1.560156e-02
1.529215e-02
1.546511e-02
1.580231e-02
1.581360e-02
1.577414e-02
1.576057e-02
1.544526e-02
1.563178e-02
1.583324e-02
1.589527e-02
1.588795e-02
1.595396e-02
1.600843e-02
1.606955e-02
1.611293e-02
1.611531e-02
1.627620e-02
1.664211e-02
1.663380e-02
1.663471e-02
1.662437e-02
