0.000000e+00
5.448248e-41
1.698354e-34
1.101391e-32
-5.665007e-29
3.674435e-11
7.673209e-11
1.816873e-10
5.726762e-10
1.422438e-09
2.306851e-09
5.922810e-09
1.837326e-08
3.638929e-08
6.274728e-08
1.282900e-07
2.918973e-07
4.822137e-07
7.774286e-07
1.152161e-06
2.601630e-06
3.645034e-06
5.429567e-06
9.792487e-06
1.426055e-05
2.388796e-05
5.587313e-05
7.258781e-05
9.159637e-05
1.538574e-04
2.111863e-04
2.496361e-04
3.851865e-04
5.775856e-04
5.720172e-04
5.664487e-04
6.868283e-04
7.859789e-04
1.228903e-03
1.424938e-03
1.536942e-03
1.571725e-03
1.596752e-03
2.164774e-03
2.568656e-03
2.854443e-03
2.470987e-03
3.349099e-03
4.341913e-03
3.580599e-03
4.730096e-03
5.613513e-03
5.629573e-03
7.145335e-03
8.526859e-03
6.746482e-03
6.466661e-03
8.594938e-03
1.047397e-02
1.049576e-02
8.155318e-03
9.077132e-03
9.940577e-03
1.232852e-02
1.273384e-02
1.200689e-02
1.002595e-02
1.110588e-02
1.410438e-02
1.347730e-02
1.344029e-02
1.335391e-02
1.119402e-02
1.341010e-02
1.487986e-02
1.529205e-02
1.520081e-02
1.323438e-02
1.341154e-02
1.405405e-02
1.569666e-02
1.554973e-02
1.474493e-02
1.472402e-02
1.563085e-02
1.611175e-02
1.635807e-02
1.636340e-02
1.578019e-02
1.542207e-02
1.540152e-02
1.539924e-02
1.604173e-02
1.654503e-02
1.648763e-02
1.596480e-02
1.626756e-02
1.675503e-02
1.677876e-02
1.671911e-02
1.668608e-02
1.616114e-02
1.647162e-02
1.679036e-02
1.685278e-02
1.682447e-02
1.695907e-02
1.701453e-02
1.707651e-02
1.711592e-02
1.712267e-02
1.728800e-02
1.767885e-02
1.765610e-02
1.765663e-02
1.764726e-02
