0.000000e+00
-5.129026e-81
7.163702e-75
1.771451e-73
3.327962e-69
-6.563811e-64
2.233440e-57
-8.792848e-53
1.274374e-46
-3.153258e-40
1.279408e-34
4.646884e-29
2.796927e-11
7.692252e-11
1.726060e-10
4.961840e-10
1.669983e-09
3.503622e-09
7.083482e-09
1.264328e-08
4.186700e-08
6.873975e-08
1.238754e-07
2.959349e-07
5.111119e-07
1.093420e-06
3.772747e-06
5.557858e-06
7.775555e-06
1.648375e-05
2.616050e-05
3.342295e-05
6.294487e-05
1.136927e-04
1.121284e-04
1.105641e-04
1.466002e-04
1.785056e-04
3.446117e-04
4.267308e-04
4.769690e-04
4.926120e-04
5.042123e-04
7.890014e-04
1.015574e-03
1.185690e-03
9.583210e-04
1.511849e-03
2.210320e-03
1.659157e-03
2.510258e-03
3.241304e-03
3.261375e-03
4.690168e-03
6.108596e-03
4.278002e-03
4.011719e-03
6.185464e-03
8.382381e-03
8.399211e-03
5.699344e-03
6.717855e-03
7.722393e-03
1.079406e-02
1.137549e-02
1.037478e-02
7.827504e-03
9.179635e-03
1.336166e-02
1.241812e-02
1.236705e-02
1.224788e-02
9.272812e-03
1.232504e-02
1.452904e-02
1.518263e-02
1.503584e-02
1.206440e-02
1.232881e-02
1.327047e-02
1.584439e-02
1.560313e-02
1.428958e-02
1.426024e-02
1.571077e-02
1.647745e-02
1.687894e-02
1.689261e-02
1.593792e-02
1.534794e-02
1.530905e-02
1.530473e-02
1.634249e-02
1.717771e-02
1.708603e-02
1.620899e-02
1.670614e-02
1.752949e-02
1.756809e-02
1.746402e-02
1.737892e-02
1.653549e-02
1.702504e-02
1.753762e-02
1.765143e-02
1.758669e-02
1.781311e-02
1.785687e-02
1.796509e-02
1.801016e-02
1.801722e-02
1.819140e-02
1.860297e-02
1.857880e-02
1.857936e-02
1.856963e-02
