4.870497e-07
6.978710e-07
1.159900e-06
1.500808e-06
2.296307e-06
3.790503e-06
5.169505e-06
7.388002e-06
1.194457e-05
1.775709e-05
2.176205e-05
3.253836e-05
5.275648e-05
7.069195e-05
8.915425e-05
1.213371e-04
1.727143e-04
2.143364e-04
2.634030e-04
3.119623e-04
4.439496e-04
5.138722e-04
6.097236e-04
7.855140e-04
9.258692e-04
1.155743e-03
1.673403e-03
1.871212e-03
2.071702e-03
2.596802e-03
2.976164e-03
3.197839e-03
3.852286e-03
4.577392e-03
4.557728e-03
4.538064e-03
4.922551e-03
5.214108e-03
6.283474e-03
6.690385e-03
6.909679e-03
6.977334e-03
7.022323e-03
7.958942e-03
8.536221e-03
8.915713e-03
8.402991e-03
9.489781e-03
1.055166e-02
9.769076e-03
1.092001e-02
1.168888e-02
1.169892e-02
1.281697e-02
1.374378e-02
1.256433e-02
1.236422e-02
1.377383e-02
1.485441e-02
1.486772e-02
1.352346e-02
1.407371e-02
1.457107e-02
1.578646e-02
1.598270e-02
1.563443e-02
1.463800e-02
1.519691e-02
1.657649e-02
1.633066e-02
1.631767e-02
1.628735e-02
1.526607e-02
1.630580e-02
1.692438e-02
1.710651e-02
1.706197e-02
1.624532e-02
1.632516e-02
1.660570e-02
1.727255e-02
1.721646e-02
1.690932e-02
1.690211e-02
1.727112e-02
1.744018e-02
1.755964e-02
1.755147e-02
1.733446e-02
1.720265e-02
1.720887e-02
1.720957e-02
1.744754e-02
1.763671e-02
1.763311e-02
1.743596e-02
1.753615e-02
1.774463e-02
1.775802e-02
1.774871e-02
1.774618e-02
1.753991e-02
1.765534e-02
1.778539e-02
1.782184e-02
1.782002e-02
1.788462e-02
1.793959e-02
1.797413e-02
1.801016e-02
1.801722e-02
1.819140e-02
1.860297e-02
1.857880e-02
1.857936e-02
1.856963e-02
