0.000000e+00
-1.434667e-33
-1.452293e-27
3.203398e-10
1.067843e-09
2.839178e-09
5.231508e-09
1.080590e-08
2.901329e-08
5.890447e-08
9.503398e-08
1.968107e-07
4.888714e-07
8.468382e-07
1.397894e-06
2.388331e-06
4.620581e-06
7.153103e-06
1.054446e-05
1.470492e-05
2.724159e-05
3.629796e-05
4.891606e-05
7.954979e-05
1.051580e-04
1.604827e-04
3.011177e-04
3.756483e-04
4.414619e-04
6.544054e-04
8.205647e-04
9.537815e-04
1.292558e-03
1.697744e-03
1.714668e-03
1.731591e-03
2.009240e-03
2.164287e-03
3.021964e-03
3.372333e-03
3.538934e-03
3.595704e-03
3.678234e-03
4.495605e-03
5.045408e-03
5.416613e-03
5.044142e-03
6.097407e-03
7.224598e-03
6.508819e-03
7.703176e-03
8.548573e-03
8.694796e-03
1.005948e-02
1.118793e-02
9.853528e-03
9.582897e-03
1.135569e-02
1.277128e-02
1.284656e-02
1.115128e-02
1.184109e-02
1.245674e-02
1.416818e-02
1.452793e-02
1.409378e-02
1.270347e-02
1.349306e-02
1.550161e-02
1.520737e-02
1.517556e-02
1.510135e-02
1.366662e-02
1.511949e-02
1.607406e-02
1.638603e-02
1.634561e-02
1.515403e-02
1.525693e-02
1.563673e-02
1.673092e-02
1.665565e-02
1.618291e-02
1.610985e-02
1.669232e-02
1.702235e-02
1.717144e-02
1.720350e-02
1.684242e-02
1.666097e-02
1.662845e-02
1.662484e-02
1.703898e-02
1.734694e-02
1.728828e-02
1.703311e-02
1.717498e-02
1.751283e-02
1.753103e-02
1.748453e-02
1.747914e-02
1.719716e-02
1.736379e-02
1.755263e-02
1.761559e-02
1.761233e-02
1.768525e-02
1.774115e-02
1.781290e-02
1.785254e-02
1.786195e-02
1.803949e-02
1.844983e-02
1.845897e-02
1.845882e-02
1.843214e-02
