0.000000e+00
-1.028506e-84
-2.133741e-78
-1.044437e-76
2.281607e-72
1.249829e-66
5.048603e-61
-8.449361e-56
3.923535e-50
-6.548881e-44
2.271781e-38
-1.295188e-32
2.073126e-27
3.437674e-09
7.200814e-09
1.705188e-08
4.780924e-08
9.193035e-08
1.674538e-07
2.767590e-07
7.405018e-07
1.142366e-06
1.836203e-06
3.894534e-06
6.058724e-06
1.159088e-05
3.151676e-05
4.400111e-05
5.698348e-05
1.060984e-04
1.528265e-04
1.896954e-04
3.115736e-04
4.888286e-04
4.905596e-04
4.922906e-04
6.237185e-04
7.112471e-04
1.209275e-03
1.437492e-03
1.555198e-03
1.594238e-03
1.642927e-03
2.296956e-03
2.772302e-03
3.121799e-03
2.726042e-03
3.777164e-03
5.010333e-03
4.131191e-03
5.541224e-03
6.603974e-03
6.747923e-03
8.701691e-03
1.043163e-02
8.270903e-03
7.874524e-03
1.062116e-02
1.305959e-02
1.312988e-02
1.016204e-02
1.132619e-02
1.240771e-02
1.558271e-02
1.623035e-02
1.532419e-02
1.269228e-02
1.411909e-02
1.811892e-02
1.739078e-02
1.732973e-02
1.718726e-02
1.432071e-02
1.723535e-02
1.923907e-02
1.984810e-02
1.974203e-02
1.715515e-02
1.738182e-02
1.819899e-02
2.048523e-02
2.030795e-02
1.923416e-02
1.912947e-02
2.037968e-02
2.106787e-02
2.143006e-02
2.142653e-02
2.066078e-02
2.019772e-02
2.011583e-02
2.010673e-02
2.101040e-02
2.171756e-02
2.160880e-02
2.096285e-02
2.132470e-02
2.204073e-02
2.207490e-02
2.195744e-02
2.192901e-02
2.124773e-02
2.164018e-02
2.206179e-02
2.218816e-02
2.214550e-02
2.230902e-02
2.238207e-02
2.249235e-02
2.255505e-02
2.255798e-02
2.278486e-02
2.329904e-02
2.328536e-02
2.328670e-02
2.327310e-02
