0.000000e+00
9.023372e-58
-3.066893e-52
-2.509893e-50
-6.695169e-46
3.929914e-40
-5.679989e-35
4.992010e-29
5.962049e-11
1.694839e-10
3.307230e-10
9.590015e-10
3.594710e-09
7.975236e-09
1.621226e-08
3.560794e-08
9.251983e-08
1.722854e-07
3.013765e-07
4.844550e-07
1.187831e-06
1.785424e-06
2.757978e-06
5.521542e-06
8.255925e-06
1.508245e-05
3.723472e-05
5.083173e-05
6.419476e-05
1.120787e-04
1.550859e-04
1.908924e-04
2.951842e-04
4.363896e-04
4.410275e-04
4.456654e-04
5.490202e-04
6.133307e-04
9.813366e-04
1.144630e-03
1.226017e-03
1.253545e-03
1.292013e-03
1.718845e-03
2.025076e-03
2.239065e-03
2.015530e-03
2.645496e-03
3.363241e-03
2.885109e-03
3.675196e-03
4.257168e-03
4.356033e-03
5.367178e-03
6.233663e-03
5.184984e-03
4.990106e-03
6.352574e-03
7.514277e-03
7.571331e-03
6.174080e-03
6.736267e-03
7.243223e-03
8.701165e-03
9.009128e-03
8.626157e-03
7.429984e-03
8.090951e-03
9.883407e-03
9.590055e-03
9.562363e-03
9.497743e-03
8.230418e-03
9.510628e-03
1.038045e-02
1.066701e-02
1.063140e-02
9.525670e-03
9.621974e-03
9.969193e-03
1.097073e-02
1.089820e-02
1.044742e-02
1.039552e-02
1.092043e-02
1.122982e-02
1.138481e-02
1.139431e-02
1.106043e-02
1.088059e-02
1.083525e-02
1.083021e-02
1.121973e-02
1.152227e-02
1.146965e-02
1.121260e-02
1.135635e-02
1.166499e-02
1.168477e-02
1.164507e-02
1.163186e-02
1.134842e-02
1.151767e-02
1.168692e-02
1.174712e-02
1.173621e-02
1.179272e-02
1.184004e-02
1.189881e-02
1.192614e-02
1.193270e-02
1.204907e-02
1.231954e-02
1.232576e-02
1.232561e-02
1.230616e-02
