2.851270e-11
6.153920e-11
1.686356e-10
3.190447e-10
6.700197e-10
1.802901e-09
3.333347e-09
6.920849e-09
1.848195e-08
3.850821e-08
6.011143e-08
1.285585e-07
3.263681e-07
5.703748e-07
9.216683e-07
1.618728e-06
3.167357e-06
4.841942e-06
7.148465e-06
9.904072e-06
1.876170e-05
2.483639e-05
3.372705e-05
5.462958e-05
7.281807e-05
1.102243e-04
2.100313e-04
2.595351e-04
3.067004e-04
4.568117e-04
5.763593e-04
6.596909e-04
9.036121e-04
1.199711e-03
1.201450e-03
1.203189e-03
1.394083e-03
1.515574e-03
2.101122e-03
2.338622e-03
2.457705e-03
2.496588e-03
2.540325e-03
3.119026e-03
3.500336e-03
3.759545e-03
3.455361e-03
4.203659e-03
4.995124e-03
4.446796e-03
5.302345e-03
5.890632e-03
5.957045e-03
6.907425e-03
7.698685e-03
6.716102e-03
6.528857e-03
7.772708e-03
8.756885e-03
8.786220e-03
7.571361e-03
8.066529e-03
8.499518e-03
9.682536e-03
9.901970e-03
9.586773e-03
8.608133e-03
9.155367e-03
1.053213e-02
1.029680e-02
1.027865e-02
1.023629e-02
9.232121e-03
1.025189e-02
1.089848e-02
1.109071e-02
1.105759e-02
1.022716e-02
1.029953e-02
1.056650e-02
1.128750e-02
1.123152e-02
1.090713e-02
1.088221e-02
1.125903e-02
1.146778e-02
1.158844e-02
1.158314e-02
1.135389e-02
1.121551e-02
1.119543e-02
1.119320e-02
1.147017e-02
1.167028e-02
1.164815e-02
1.145412e-02
1.155371e-02
1.177173e-02
1.178570e-02
1.175893e-02
1.175716e-02
1.155008e-02
1.166694e-02
1.179374e-02
1.183134e-02
1.183340e-02
1.187622e-02
1.191364e-02
1.195526e-02
1.198753e-02
1.198948e-02
1.210756e-02
1.237711e-02
1.237106e-02
1.237169e-02
1.236288e-02
