0.000000e+00
-1.258063e-81
-1.498915e-75
8.124907e-74
-2.210152e-70
-4.612769e-64
-4.573916e-59
-1.949435e-53
1.957533e-47
-3.484189e-41
-2.423282e-35
8.008787e-30
4.041519e-12
1.225936e-11
2.976154e-11
9.464163e-11
3.577759e-10
8.055800e-10
1.740351e-09
3.279525e-09
1.212325e-08
2.083221e-08
3.962225e-08
1.024624e-07
1.852906e-07
4.238043e-07
1.619254e-06
2.465383e-06
3.538742e-06
7.944504e-06
1.306082e-05
1.700501e-05
3.354291e-05
6.317320e-05
6.225161e-05
6.133002e-05
8.295642e-05
1.023495e-04
2.064514e-04
2.590622e-04
2.915081e-04
3.016269e-04
3.092630e-04
4.971062e-04
6.496636e-04
7.649045e-04
6.112788e-04
9.899276e-04
1.475728e-03
1.091156e-03
1.686460e-03
2.205936e-03
2.220748e-03
3.247857e-03
4.279233e-03
2.950087e-03
2.759240e-03
4.333119e-03
5.941066e-03
5.959460e-03
3.981391e-03
4.722624e-03
5.460923e-03
7.726731e-03
8.165518e-03
7.419686e-03
5.536488e-03
6.534416e-03
9.634653e-03
8.932524e-03
8.893100e-03
8.801103e-03
6.605084e-03
8.862622e-03
1.050572e-02
1.099688e-02
1.088902e-02
8.670280e-03
8.866896e-03
9.565488e-03
1.147992e-02
1.130458e-02
1.033229e-02
1.030797e-02
1.138740e-02
1.195495e-02
1.226305e-02
1.226456e-02
1.155481e-02
1.111400e-02
1.109078e-02
1.108820e-02
1.187051e-02
1.248282e-02
1.241705e-02
1.175638e-02
1.212376e-02
1.273559e-02
1.274023e-02
1.269787e-02
1.262812e-02
1.199780e-02
1.237944e-02
1.274913e-02
1.283651e-02
1.278228e-02
1.295518e-02
1.299078e-02
1.306524e-02
1.309985e-02
1.310518e-02
1.323132e-02
1.352814e-02
1.350939e-02
1.350951e-02
1.350179e-02
