8.159116e-12
1.736982e-11
4.888287e-11
9.399778e-11
1.992720e-10
5.558541e-10
1.047725e-09
2.192469e-09
5.879264e-09
1.291502e-08
1.957215e-08
4.406174e-08
1.167087e-07
2.101488e-07
3.356795e-07
6.211005e-07
1.259134e-06
1.939164e-06
2.923749e-06
4.099119e-06
8.249848e-06
1.102554e-05
1.551444e-05
2.571206e-05
3.551905e-05
5.522905e-05
1.144383e-04
1.430395e-04
1.745782e-04
2.723271e-04
3.567477e-04
4.114594e-04
5.958974e-04
8.409183e-04
8.335775e-04
8.262366e-04
9.733564e-04
1.091479e-03
1.592405e-03
1.804738e-03
1.924002e-03
1.961045e-03
1.987754e-03
2.568398e-03
2.964055e-03
3.238202e-03
2.869857e-03
3.696905e-03
4.597941e-03
3.915866e-03
4.938250e-03
5.686635e-03
5.702097e-03
6.935113e-03
8.024827e-03
6.624691e-03
6.396941e-03
8.073885e-03
9.488356e-03
9.501025e-03
7.735770e-03
8.440963e-03
9.095008e-03
1.083291e-02
1.112397e-02
1.061167e-02
9.171436e-03
9.950987e-03
1.207401e-02
1.164286e-02
1.161984e-02
1.156612e-02
1.002906e-02
1.159748e-02
1.260566e-02
1.288262e-02
1.282562e-02
1.148397e-02
1.160995e-02
1.205519e-02
1.316970e-02
1.307364e-02
1.251948e-02
1.250710e-02
1.312828e-02
1.343919e-02
1.361705e-02
1.361924e-02
1.322200e-02
1.299183e-02
1.297752e-02
1.297593e-02
1.340877e-02
1.373283e-02
1.370325e-02
1.334792e-02
1.355170e-02
1.388870e-02
1.389913e-02
1.385874e-02
1.384247e-02
1.350971e-02
1.370429e-02
1.390917e-02
1.395988e-02
1.393607e-02
1.403319e-02
1.407444e-02
1.412122e-02
1.415318e-02
1.415894e-02
1.429481e-02
1.461684e-02
1.459850e-02
1.459891e-02
1.459061e-02
