1.376745e-06
1.985872e-06
3.193054e-06
4.052085e-06
6.056609e-06
9.580455e-06
1.277160e-05
1.789971e-05
2.850798e-05
3.997644e-05
5.037734e-05
7.077214e-05
1.086023e-04
1.407477e-04
1.788015e-04
2.296945e-04
3.134503e-04
3.858668e-04
4.632759e-04
5.423146e-04
7.237919e-04
8.289659e-04
9.517079e-04
1.195497e-03
1.362155e-03
1.657248e-03
2.221789e-03
2.463266e-03
2.655456e-03
3.185348e-03
3.536521e-03
3.790661e-03
4.355795e-03
4.929670e-03
4.952500e-03
4.975330e-03
5.318398e-03
5.506162e-03
6.392053e-03
6.715846e-03
6.865176e-03
6.915387e-03
6.983295e-03
7.636130e-03
8.029432e-03
8.292260e-03
8.032340e-03
8.729210e-03
9.411019e-03
8.990814e-03
9.679129e-03
1.012583e-02
1.020271e-02
1.085473e-02
1.136851e-02
1.077181e-02
1.064586e-02
1.144376e-02
1.203386e-02
1.206690e-02
1.136261e-02
1.165690e-02
1.191294e-02
1.258728e-02
1.272407e-02
1.256241e-02
1.202318e-02
1.233227e-02
1.307088e-02
1.296950e-02
1.296018e-02
1.293841e-02
1.240863e-02
1.294312e-02
1.328221e-02
1.339094e-02
1.338269e-02
1.297095e-02
1.301546e-02
1.315863e-02
1.351587e-02
1.349453e-02
1.333412e-02
1.332049e-02
1.352979e-02
1.362944e-02
1.368852e-02
1.369638e-02
1.357396e-02
1.352415e-02
1.351639e-02
1.351552e-02
1.365245e-02
1.375032e-02
1.374764e-02
1.364998e-02
1.370209e-02
1.382479e-02
1.383498e-02
1.382670e-02
1.382794e-02
1.372820e-02
1.379293e-02
1.385586e-02
1.389176e-02
1.391039e-02
1.392491e-02
1.396541e-02
1.400266e-02
1.402969e-02
1.403727e-02
1.417550e-02
1.449595e-02
1.450353e-02
1.450338e-02
1.448158e-02
