0.000000e+00
-1.940629e-82
1.672178e-75
-4.110816e-74
-1.508337e-69
1.768549e-64
-2.974601e-58
9.518788e-53
1.558756e-47
-8.654419e-42
-7.770018e-36
5.115270e-30
6.244756e-12
1.876775e-11
4.812462e-11
1.490252e-10
5.727777e-10
1.337535e-09
2.932473e-09
5.643885e-09
2.068756e-08
3.633776e-08
6.828979e-08
1.820494e-07
3.245749e-07
7.551994e-07
2.783516e-06
4.277124e-06
5.995272e-06
1.328935e-05
2.130586e-05
2.798043e-05
5.303115e-05
9.467448e-05
9.475058e-05
9.482668e-05
1.276116e-04
1.518341e-04
2.961425e-04
3.672359e-04
4.064969e-04
4.193573e-04
4.341439e-04
6.623025e-04
8.398063e-04
9.729916e-04
8.163150e-04
1.233634e-03
1.749663e-03
1.371589e-03
1.980976e-03
2.465444e-03
2.522087e-03
3.456440e-03
4.323260e-03
3.235021e-03
3.046575e-03
4.407969e-03
5.683237e-03
5.715084e-03
4.163078e-03
4.763009e-03
5.328196e-03
7.033878e-03
7.387069e-03
6.879859e-03
5.462792e-03
6.228852e-03
8.435899e-03
8.014582e-03
7.981549e-03
7.904468e-03
6.326071e-03
7.937534e-03
9.065522e-03
9.403137e-03
9.347776e-03
7.872015e-03
8.000530e-03
8.462488e-03
9.768895e-03
9.661324e-03
9.036293e-03
8.984895e-03
9.702774e-03
1.009984e-02
1.029477e-02
1.030320e-02
9.847661e-03
9.584834e-03
9.539545e-03
9.534514e-03
1.005676e-02
1.045951e-02
1.040152e-02
1.001660e-02
1.022918e-02
1.064693e-02
1.065974e-02
1.060177e-02
1.056981e-02
1.017752e-02
1.040524e-02
1.064496e-02
1.071429e-02
1.068609e-02
1.078318e-02
1.081983e-02
1.087931e-02
1.091131e-02
1.091315e-02
1.101991e-02
1.126405e-02
1.125835e-02
1.125891e-02
1.125034e-02
