0.000000e+00
3.248337e-65
2.705067e-59
-1.427560e-57
1.933121e-53
-7.831201e-48
1.356457e-42
1.393695e-36
-2.022226e-31
8.017587e-13
1.613739e-12
6.293122e-12
3.252160e-11
8.783541e-11
1.946591e-10
5.501092e-10
1.820168e-09
3.780796e-09
7.568472e-09
1.339566e-08
4.354982e-08
7.096466e-08
1.265597e-07
2.977334e-07
5.088407e-07
1.071667e-06
3.593500e-06
5.240102e-06
7.266220e-06
1.509096e-05
2.361170e-05
2.992984e-05
5.514489e-05
9.734317e-05
9.607761e-05
9.481204e-05
1.243240e-04
1.500957e-04
2.812634e-04
3.449467e-04
3.833961e-04
3.953748e-04
4.043104e-04
6.174025e-04
7.837040e-04
9.069211e-04
7.423342e-04
1.138245e-03
1.624900e-03
1.243467e-03
1.829465e-03
2.319148e-03
2.332513e-03
3.256359e-03
4.151398e-03
2.997623e-03
2.826566e-03
4.199829e-03
5.532312e-03
5.544126e-03
3.900295e-03
4.527334e-03
5.136777e-03
6.946546e-03
7.275321e-03
6.699712e-03
5.205297e-03
6.001768e-03
8.398996e-03
7.874866e-03
7.843399e-03
7.769972e-03
6.062395e-03
7.816776e-03
9.039297e-03
9.407192e-03
9.331431e-03
7.674107e-03
7.820453e-03
8.345983e-03
9.756416e-03
9.626583e-03
8.917912e-03
8.903121e-03
9.685885e-03
1.010080e-02
1.033268e-02
1.033799e-02
9.820067e-03
9.495491e-03
9.478053e-03
9.476116e-03
1.004238e-02
1.049210e-02
1.044083e-02
9.972692e-03
1.023187e-02
1.067973e-02
1.069789e-02
1.063868e-02
1.059626e-02
1.014832e-02
1.041679e-02
1.068639e-02
1.075043e-02
1.071316e-02
1.083597e-02
1.086546e-02
1.092048e-02
1.094722e-02
1.095181e-02
1.105544e-02
1.130212e-02
1.128799e-02
1.128827e-02
1.128081e-02
