1.723582e-08
2.743227e-08
5.252352e-08
7.466885e-08
1.263443e-07
2.401846e-07
3.573404e-07
5.650825e-07
1.047213e-06
1.729933e-06
2.244886e-06
3.740767e-06
6.903361e-06
9.993675e-06
1.340792e-05
1.975289e-05
3.078220e-05
4.036402e-05
5.223385e-05
6.454033e-05
1.000796e-04
1.200226e-04
1.483795e-04
2.030921e-04
2.486145e-04
3.267572e-04
5.137860e-04
5.891743e-04
6.666600e-04
8.771772e-04
1.034549e-03
1.128819e-03
1.413071e-03
1.738758e-03
1.730174e-03
1.721589e-03
1.898791e-03
2.033603e-03
2.543644e-03
2.741533e-03
2.848267e-03
2.881284e-03
2.903968e-03
3.371097e-03
3.663406e-03
3.857335e-03
3.596829e-03
4.155503e-03
4.710494e-03
4.300635e-03
4.905798e-03
5.315084e-03
5.321288e-03
5.927070e-03
6.432706e-03
5.788393e-03
5.679040e-03
6.450215e-03
7.047591e-03
7.054716e-03
6.311004e-03
6.614541e-03
6.888689e-03
7.567775e-03
7.678649e-03
7.483713e-03
6.924732e-03
7.235996e-03
8.013630e-03
7.872840e-03
7.864983e-03
7.846647e-03
7.272686e-03
7.857658e-03
8.207811e-03
8.309450e-03
8.284893e-03
7.821399e-03
7.865906e-03
8.023874e-03
8.401575e-03
8.369063e-03
8.193194e-03
8.189513e-03
8.399256e-03
8.495185e-03
8.561722e-03
8.557656e-03
8.433272e-03
8.357213e-03
8.359436e-03
8.359683e-03
8.496303e-03
8.602064e-03
8.598576e-03
8.486361e-03
8.544133e-03
8.660810e-03
8.668598e-03
8.662052e-03
8.658323e-03
8.541724e-03
8.607323e-03
8.678889e-03
8.697247e-03
8.694987e-03
8.727362e-03
8.757479e-03
8.774786e-03
8.793166e-03
8.796971e-03
8.878721e-03
9.074269e-03
9.062491e-03
9.062686e-03
9.055639e-03
