0.000000e+00
-9.572732e-88
5.048724e-81
-6.812895e-80
-6.120884e-76
-1.583046e-69
-3.635022e-64
-2.473649e-59
1.033445e-52
7.094587e-47
2.542516e-41
2.566104e-35
1.590664e-29
6.858197e-12
1.822341e-11
5.556220e-11
2.190821e-10
5.373869e-10
1.217166e-09
2.439218e-09
9.301687e-09
1.698747e-08
3.283815e-08
9.305894e-08
1.699247e-07
4.208749e-07
1.643419e-06
2.621608e-06
3.724713e-06
8.570560e-06
1.401046e-05
1.905775e-05
3.687273e-05
6.683039e-05
6.764226e-05
6.845413e-05
9.367039e-05
1.111245e-04
2.255651e-04
2.836604e-04
3.147510e-04
3.252639e-04
3.399331e-04
5.241678e-04
6.712985e-04
7.813241e-04
6.625541e-04
1.008468e-03
1.443129e-03
1.138888e-03
1.649308e-03
2.062750e-03
2.131089e-03
2.934352e-03
3.680038e-03
2.771329e-03
2.612923e-03
3.782887e-03
4.884384e-03
4.939953e-03
3.609685e-03
4.125773e-03
4.612185e-03
6.111289e-03
6.444070e-03
6.023186e-03
4.783523e-03
5.456056e-03
7.412389e-03
7.073351e-03
7.039302e-03
6.959849e-03
5.577770e-03
6.986716e-03
7.992997e-03
8.327148e-03
8.287964e-03
6.983163e-03
7.093538e-03
7.492535e-03
8.687948e-03
8.596341e-03
8.052992e-03
7.981038e-03
8.634271e-03
9.003107e-03
9.188648e-03
9.188178e-03
8.786345e-03
8.557175e-03
8.512685e-03
8.507743e-03
8.976923e-03
9.352511e-03
9.279891e-03
8.963424e-03
9.138985e-03
9.522522e-03
9.539671e-03
9.485166e-03
9.464576e-03
9.114372e-03
9.321856e-03
9.531332e-03
9.605888e-03
9.587778e-03
9.656028e-03
9.697907e-03
9.762394e-03
9.787831e-03
9.793315e-03
9.887241e-03
1.010627e-02
1.011060e-02
1.011045e-02
1.009324e-02
