1.905892e-12
4.137191e-12
1.202626e-11
2.405771e-11
5.213271e-11
1.532196e-10
2.990500e-10
6.545343e-10
1.868147e-09
4.304664e-09
6.709074e-09
1.592830e-08
4.501450e-08
8.428984e-08
1.390438e-07
2.678729e-07
5.688315e-07
9.011237e-07
1.395386e-06
1.998357e-06
4.202599e-06
5.717709e-06
8.213071e-06
1.403240e-05
1.973835e-05
3.148501e-05
6.782501e-05
8.580029e-05
1.057633e-04
1.685129e-04
2.236204e-04
2.596915e-04
3.818846e-04
5.465512e-04
5.419266e-04
5.373021e-04
6.370762e-04
7.174615e-04
1.061236e-03
1.207670e-03
1.289883e-03
1.315570e-03
1.335344e-03
1.738071e-03
2.014892e-03
2.205784e-03
1.948194e-03
2.527069e-03
3.159403e-03
2.680291e-03
3.396943e-03
3.925158e-03
3.935704e-03
4.802467e-03
5.566220e-03
4.584913e-03
4.424522e-03
5.607339e-03
6.597726e-03
6.611951e-03
5.370835e-03
5.866781e-03
6.323196e-03
7.541501e-03
7.752460e-03
7.394182e-03
6.377630e-03
6.929761e-03
8.412038e-03
8.116550e-03
8.097770e-03
8.053947e-03
6.983152e-03
8.083732e-03
8.784403e-03
8.987403e-03
8.945034e-03
8.001349e-03
8.089609e-03
8.401098e-03
9.178379e-03
9.110384e-03
8.725461e-03
8.720551e-03
9.149227e-03
9.370973e-03
9.488414e-03
9.490556e-03
9.219888e-03
9.052671e-03
9.049179e-03
9.048791e-03
9.343989e-03
9.575563e-03
9.554505e-03
9.307878e-03
9.448560e-03
9.681084e-03
9.694008e-03
9.663994e-03
9.651870e-03
9.411952e-03
9.553296e-03
9.698883e-03
9.730241e-03
9.718348e-03
9.780835e-03
9.809871e-03
9.843677e-03
9.865802e-03
9.870001e-03
9.962664e-03
1.018372e-02
1.017081e-02
1.017105e-02
1.016383e-02
