0.000000e+00
-1.216513e-84
-1.242925e-78
1.222220e-76
-6.430837e-73
4.269934e-67
-1.238222e-62
9.558551e-58
2.069305e-50
-1.789940e-44
-1.520451e-38
-1.219354e-32
-3.232752e-27
2.068415e-09
4.434985e-09
1.080730e-08
3.133275e-08
6.151756e-08
1.142552e-07
1.918857e-07
5.298632e-07
8.288005e-07
1.353514e-06
2.939991e-06
4.635629e-06
9.058979e-06
2.542091e-05
3.585945e-05
4.681773e-05
8.885477e-05
1.294794e-04
1.617402e-04
2.699385e-04
4.295374e-04
4.310981e-04
4.326589e-04
5.519188e-04
6.321935e-04
1.092728e-03
1.305036e-03
1.416890e-03
1.453829e-03
1.498660e-03
2.116601e-03
2.571958e-03
2.904371e-03
2.526668e-03
3.539068e-03
4.737393e-03
3.881275e-03
5.258007e-03
6.303153e-03
6.441467e-03
8.377396e-03
1.010057e-02
7.945949e-03
7.556390e-03
1.029013e-02
1.274017e-02
1.281845e-02
9.824117e-03
1.099095e-02
1.207783e-02
1.528654e-02
1.594525e-02
1.502685e-02
1.237254e-02
1.381134e-02
1.787861e-02
1.713126e-02
1.706395e-02
1.690687e-02
1.401345e-02
1.697683e-02
1.902152e-02
1.963917e-02
1.952335e-02
1.688994e-02
1.711978e-02
1.794585e-02
2.030519e-02
2.012119e-02
1.899709e-02
1.890986e-02
2.018094e-02
2.090373e-02
2.126556e-02
2.124977e-02
2.046352e-02
2.000017e-02
1.991043e-02
1.990046e-02
2.083449e-02
2.155452e-02
2.144252e-02
2.077684e-02
2.113735e-02
2.188926e-02
2.192078e-02
2.180655e-02
2.177461e-02
2.105827e-02
2.146933e-02
2.190804e-02
2.203585e-02
2.198418e-02
2.215971e-02
2.223111e-02
2.234295e-02
2.240540e-02
2.240832e-02
2.263370e-02
2.314449e-02
2.313097e-02
2.313229e-02
2.311883e-02
