0.000000e+00
1.625607e-78
-1.145225e-72
-1.428392e-70
-1.156809e-66
7.371599e-61
-1.835242e-55
-3.424480e-51
-2.154496e-44
-1.382124e-38
-5.498530e-32
-1.659763e-26
9.120360e-09
1.954644e-08
3.907789e-08
8.227683e-08
2.054365e-07
3.761548e-07
6.443087e-07
1.021543e-06
2.407074e-06
3.581528e-06
5.431086e-06
1.068432e-05
1.572892e-05
2.837551e-05
6.803270e-05
9.264309e-05
1.160265e-04
2.004303e-04
2.751079e-04
3.395735e-04
5.199610e-04
7.621279e-04
7.730243e-04
7.839208e-04
9.668238e-04
1.072993e-03
1.722254e-03
2.011474e-03
2.151542e-03
2.200009e-03
2.276045e-03
3.024787e-03
3.566561e-03
3.945770e-03
3.569174e-03
4.686391e-03
5.970462e-03
5.137266e-03
6.549813e-03
7.599892e-03
7.803378e-03
9.649082e-03
1.124703e-02
9.353187e-03
8.980645e-03
1.148893e-02
1.364086e-02
1.377363e-02
1.119335e-02
1.223348e-02
1.316506e-02
1.592651e-02
1.652654e-02
1.582236e-02
1.355951e-02
1.480891e-02
1.821003e-02
1.768264e-02
1.762469e-02
1.748946e-02
1.508770e-02
1.751264e-02
1.919571e-02
1.975394e-02
1.970558e-02
1.759274e-02
1.777520e-02
1.843019e-02
2.039116e-02
2.025451e-02
1.939713e-02
1.924490e-02
2.028816e-02
2.090333e-02
2.120677e-02
2.120090e-02
2.057359e-02
2.022592e-02
2.014744e-02
2.013872e-02
2.090500e-02
2.147635e-02
2.138016e-02
2.090915e-02
2.116767e-02
2.177139e-02
2.180299e-02
2.171559e-02
2.170491e-02
2.116252e-02
2.148399e-02
2.180817e-02
2.194387e-02
2.192332e-02
2.203565e-02
2.211318e-02
2.223759e-02
2.228866e-02
2.230020e-02
2.252294e-02
2.303651e-02
2.304664e-02
2.304649e-02
2.301369e-02
