1.407021e-12
2.706210e-12
6.737184e-12
1.199547e-11
2.426550e-11
6.375070e-11
1.174662e-10
2.441261e-10
6.670359e-10
1.504416e-09
2.340472e-09
5.568720e-09
1.609535e-08
3.075897e-08
5.182562e-08
1.027721e-07
2.271633e-07
3.694743e-07
5.870685e-07
8.597584e-07
1.894205e-06
2.628147e-06
3.864835e-06
6.840268e-06
9.834574e-06
1.618254e-05
3.658593e-05
4.699385e-05
5.866728e-05
9.610258e-05
1.296491e-04
1.519357e-04
2.283241e-04
3.330821e-04
3.302350e-04
3.273879e-04
3.915779e-04
4.436700e-04
6.695017e-04
7.666672e-04
8.217539e-04
8.389033e-04
8.515943e-04
1.121226e-03
1.308311e-03
1.437593e-03
1.263752e-03
1.656181e-03
2.086949e-03
1.760413e-03
2.248961e-03
2.612034e-03
2.620532e-03
3.218369e-03
3.747114e-03
3.068692e-03
2.956591e-03
3.774518e-03
4.458247e-03
4.468089e-03
3.611019e-03
3.953909e-03
4.266744e-03
5.112076e-03
5.256724e-03
5.003922e-03
4.300855e-03
4.688272e-03
5.711745e-03
5.505449e-03
5.493425e-03
5.465367e-03
4.720820e-03
5.484576e-03
5.974872e-03
6.109037e-03
6.082112e-03
5.428636e-03
5.488149e-03
5.702533e-03
6.240054e-03
6.193545e-03
5.928405e-03
5.922656e-03
6.222084e-03
6.371856e-03
6.456499e-03
6.454379e-03
6.266958e-03
6.156975e-03
6.150138e-03
6.149379e-03
6.355314e-03
6.513220e-03
6.498904e-03
6.328568e-03
6.427677e-03
6.586426e-03
6.593337e-03
6.576087e-03
6.561861e-03
6.397876e-03
6.497404e-03
6.596867e-03
6.618973e-03
6.609927e-03
6.649972e-03
6.671473e-03
6.694636e-03
6.710002e-03
6.713043e-03
6.773485e-03
6.919204e-03
6.909335e-03
6.909444e-03
6.902574e-03
