7.181707e-06
9.766440e-06
1.465357e-05
1.787820e-05
2.540278e-05
3.758182e-05
4.799175e-05
6.407286e-05
9.513734e-05
1.278986e-04
1.542236e-04
2.084702e-04
3.032562e-04
3.796709e-04
4.637896e-04
5.805209e-04
7.629044e-04
9.097860e-04
1.067287e-03
1.220367e-03
1.582097e-03
1.778465e-03
2.010957e-03
2.455252e-03
2.759577e-03
3.274594e-03
4.265894e-03
4.657488e-03
4.984203e-03
5.883468e-03
6.465427e-03
6.848300e-03
7.785483e-03
8.731119e-03
8.743692e-03
8.756266e-03
9.303709e-03
9.614759e-03
1.098642e-02
1.147969e-02
1.171734e-02
1.179440e-02
1.187687e-02
1.289968e-02
1.350426e-02
1.391367e-02
1.347258e-02
1.454757e-02
1.559130e-02
1.491451e-02
1.598397e-02
1.667375e-02
1.675384e-02
1.775363e-02
1.853245e-02
1.759605e-02
1.739858e-02
1.861858e-02
1.952273e-02
1.954123e-02
1.846278e-02
1.892047e-02
1.932546e-02
2.033429e-02
2.050144e-02
2.024641e-02
1.943368e-02
1.990296e-02
2.101884e-02
2.085154e-02
2.083922e-02
2.081049e-02
1.999329e-02
2.082966e-02
2.133378e-02
2.148817e-02
2.145158e-02
2.082890e-02
2.089229e-02
2.109830e-02
2.163987e-02
2.160901e-02
2.138322e-02
2.135366e-02
2.163704e-02
2.180594e-02
2.190851e-02
2.190342e-02
2.172493e-02
2.163330e-02
2.163616e-02
2.163648e-02
2.182859e-02
2.197096e-02
2.197905e-02
2.182126e-02
2.190257e-02
2.209212e-02
2.209958e-02
2.209818e-02
2.208772e-02
2.192743e-02
2.203012e-02
2.215415e-02
2.219625e-02
2.220122e-02
2.223210e-02
2.231108e-02
2.235332e-02
2.240540e-02
2.240832e-02
2.263370e-02
2.314449e-02
2.313097e-02
2.313229e-02
2.311883e-02
