0.000000e+00
1.633202e-36
-3.913490e-31
4.935723e-13
1.645308e-12
4.461851e-12
8.356415e-12
1.783121e-11
5.090989e-11
1.082202e-10
1.825870e-10
4.100664e-10
1.172142e-09
2.255892e-09
4.144826e-09
8.213783e-09
1.963311e-08
3.527802e-08
6.049567e-08
9.643843e-08
2.404917e-07
3.657615e-07
5.789724e-07
1.210181e-06
1.872301e-06
3.590974e-06
9.767093e-06
1.371303e-05
1.781961e-05
3.313463e-05
4.771348e-05
5.972971e-05
9.761710e-05
1.522641e-04
1.532700e-04
1.542760e-04
1.943648e-04
2.211412e-04
3.720547e-04
4.405463e-04
4.763457e-04
4.882101e-04
5.029338e-04
6.932052e-04
8.313557e-04
9.293196e-04
8.197224e-04
1.114342e-03
1.452248e-03
1.218642e-03
1.598152e-03
1.885518e-03
1.921964e-03
2.421387e-03
2.859392e-03
2.322969e-03
2.224779e-03
2.910801e-03
3.499622e-03
3.522319e-03
2.808082e-03
3.091868e-03
3.352227e-03
4.096153e-03
4.247788e-03
4.043124e-03
3.430342e-03
3.769242e-03
4.683791e-03
4.527932e-03
4.513868e-03
4.481051e-03
3.826478e-03
4.492411e-03
4.937714e-03
5.077119e-03
5.055421e-03
4.482345e-03
4.531675e-03
4.713836e-03
5.224823e-03
5.185148e-03
4.951205e-03
4.926399e-03
5.204194e-03
5.355511e-03
5.428799e-03
5.438920e-03
5.264253e-03
5.168375e-03
5.154581e-03
5.153049e-03
5.351081e-03
5.498529e-03
5.472746e-03
5.337833e-03
5.413228e-03
5.570611e-03
5.579141e-03
5.556670e-03
5.548520e-03
5.406100e-03
5.490048e-03
5.578344e-03
5.603221e-03
5.596987e-03
5.629439e-03
5.651006e-03
5.677302e-03
5.691061e-03
5.694451e-03
5.745091e-03
5.864538e-03
5.864014e-03
5.863840e-03
5.850311e-03
