0.000000e+00
2.123843e-45
-4.970596e-38
-2.304704e-36
1.433614e-32
-1.918510e-27
5.155392e-09
1.069740e-08
2.894896e-08
5.884893e-08
9.572445e-08
1.986828e-07
4.966871e-07
8.637822e-07
1.437725e-06
2.463051e-06
4.796570e-06
7.474338e-06
1.107681e-05
1.552952e-05
2.895056e-05
3.876183e-05
5.240039e-05
8.599088e-05
1.140550e-04
1.755332e-04
3.326850e-04
4.173598e-04
4.918636e-04
7.349149e-04
9.252729e-04
1.081215e-03
1.473937e-03
1.946332e-03
1.968126e-03
1.989920e-03
2.318806e-03
2.499474e-03
3.527541e-03
3.952935e-03
4.151582e-03
4.219872e-03
4.323686e-03
5.311091e-03
5.983742e-03
6.437127e-03
5.993487e-03
7.277150e-03
8.685266e-03
7.798053e-03
9.285820e-03
1.031703e-02
1.052687e-02
1.224400e-02
1.366127e-02
1.198503e-02
1.165287e-02
1.387721e-02
1.567842e-02
1.578725e-02
1.363021e-02
1.450235e-02
1.529249e-02
1.749304e-02
1.795650e-02
1.740669e-02
1.562898e-02
1.663396e-02
1.921481e-02
1.882848e-02
1.879058e-02
1.870214e-02
1.685114e-02
1.871047e-02
1.995803e-02
2.037348e-02
2.032733e-02
1.878365e-02
1.891777e-02
1.940110e-02
2.082847e-02
2.072997e-02
2.011848e-02
2.002027e-02
2.078305e-02
2.122335e-02
2.142945e-02
2.142368e-02
2.099272e-02
2.073516e-02
2.068652e-02
2.068111e-02
2.122567e-02
2.162739e-02
2.158278e-02
2.122298e-02
2.141148e-02
2.185969e-02
2.187857e-02
2.181656e-02
2.180668e-02
2.142896e-02
2.165449e-02
2.190109e-02
2.199232e-02
2.198514e-02
2.208217e-02
2.214143e-02
2.223970e-02
2.228866e-02
2.230020e-02
2.252294e-02
2.303651e-02
2.304664e-02
2.304649e-02
2.301369e-02
