0.000000e+00
-2.990896e-43
-4.103210e-37
-2.891716e-36
-2.352523e-31
9.743846e-14
2.060220e-13
5.037962e-13
1.704682e-12
4.513190e-12
7.752365e-12
2.239954e-11
8.465644e-11
1.937835e-10
3.831983e-10
9.451102e-10
2.750291e-09
5.347256e-09
1.011331e-08
1.717458e-08
5.179764e-08
8.214573e-08
1.420387e-07
3.209570e-07
5.358435e-07
1.093530e-06
3.495753e-06
5.022081e-06
6.879176e-06
1.389326e-05
2.135111e-05
2.681055e-05
4.812902e-05
8.286152e-05
8.185453e-05
8.084754e-05
1.047198e-04
1.252378e-04
2.274652e-04
2.761947e-04
3.050997e-04
3.141214e-04
3.209879e-04
4.786123e-04
5.986126e-04
6.867360e-04
5.696125e-04
8.485572e-04
1.183894e-03
9.232282e-04
1.322377e-03
1.646877e-03
1.654961e-03
2.247694e-03
2.808832e-03
2.085987e-03
1.975676e-03
2.838081e-03
3.644445e-03
3.653701e-03
2.655514e-03
3.041398e-03
3.410524e-03
4.474234e-03
4.662511e-03
4.331323e-03
3.449272e-03
3.925177e-03
5.298973e-03
5.005921e-03
4.988180e-03
4.946782e-03
3.962591e-03
4.973022e-03
5.663986e-03
5.860523e-03
5.817312e-03
4.891217e-03
4.973674e-03
5.272389e-03
6.053190e-03
5.981842e-03
5.595622e-03
5.585501e-03
6.020030e-03
6.249754e-03
6.369567e-03
6.371693e-03
6.089876e-03
5.916674e-03
5.905429e-03
5.904180e-03
6.214136e-03
6.455909e-03
6.426920e-03
6.174201e-03
6.319686e-03
6.556176e-03
6.567998e-03
6.537628e-03
6.518896e-03
6.265887e-03
6.415227e-03
6.565806e-03
6.594874e-03
6.579087e-03
6.640580e-03
6.665711e-03
6.693394e-03
6.710002e-03
6.713043e-03
6.773485e-03
6.919204e-03
6.909335e-03
6.909444e-03
6.902574e-03
