0.000000e+00
-3.182499e-65
9.381196e-59
8.430941e-57
-5.681093e-53
-8.232115e-48
-1.433809e-41
-1.591325e-36
1.279588e-30
2.583819e-12
5.043813e-12
1.453782e-11
5.722752e-11
1.346075e-10
2.947636e-10
7.187788e-10
2.196758e-09
4.609151e-09
9.087032e-09
1.625585e-08
5.023881e-08
8.382451e-08
1.466763e-07
3.570978e-07
6.005987e-07
1.308476e-06
4.261340e-06
6.369564e-06
8.656278e-06
1.788406e-05
2.741446e-05
3.573813e-05
6.341543e-05
1.063989e-04
1.074122e-04
1.084255e-04
1.421794e-04
1.651566e-04
3.043376e-04
3.712595e-04
4.063311e-04
4.180995e-04
4.338307e-04
6.312719e-04
7.816011e-04
8.905739e-04
7.713444e-04
1.106470e-03
1.509433e-03
1.229993e-03
1.691225e-03
2.051485e-03
2.106062e-03
2.769015e-03
3.362775e-03
2.636650e-03
2.506573e-03
3.439757e-03
4.282388e-03
4.316795e-03
3.301587e-03
3.701125e-03
4.072072e-03
5.175054e-03
5.409367e-03
5.101285e-03
4.192303e-03
4.691858e-03
6.086663e-03
5.842160e-03
5.818682e-03
5.763896e-03
4.779982e-03
5.782752e-03
6.481084e-03
6.704337e-03
6.675201e-03
5.776335e-03
5.854249e-03
6.134692e-03
6.943389e-03
6.878580e-03
6.512876e-03
6.466146e-03
6.903366e-03
7.154382e-03
7.280461e-03
7.282866e-03
7.008960e-03
6.860134e-03
6.828698e-03
6.825206e-03
7.139086e-03
7.383277e-03
7.346879e-03
7.120023e-03
7.244229e-03
7.503539e-03
7.517799e-03
7.476789e-03
7.465763e-03
7.235660e-03
7.370604e-03
7.505240e-03
7.558130e-03
7.543095e-03
7.593024e-03
7.624415e-03
7.667222e-03
7.686183e-03
7.690606e-03
7.762346e-03
7.930407e-03
7.932449e-03
7.932284e-03
7.917046e-03
