0.000000e+00
3.979978e-65
-3.018162e-59
-1.722531e-57
-1.502859e-53
1.357764e-47
5.605194e-45
-8.228460e-37
1.386670e-32
1.281362e-12
2.544798e-12
7.509402e-12
3.038259e-11
7.261698e-11
1.616135e-10
4.010949e-10
1.257882e-09
2.690729e-09
5.403927e-09
9.831539e-09
3.150045e-08
5.345680e-08
9.541615e-08
2.399764e-07
4.112660e-07
9.231188e-07
3.145286e-06
4.776757e-06
6.568176e-06
1.395228e-05
2.175790e-05
2.865656e-05
5.206984e-05
8.921514e-05
9.005212e-05
9.088909e-05
1.205298e-04
1.408732e-04
2.662012e-04
3.272840e-04
3.595815e-04
3.704151e-04
3.848674e-04
5.686662e-04
7.104574e-04
8.141047e-04
7.004626e-04
1.020456e-03
1.409399e-03
1.138448e-03
1.587751e-03
1.940751e-03
1.994188e-03
2.653232e-03
3.248775e-03
2.519112e-03
2.389655e-03
3.325442e-03
4.177758e-03
4.213584e-03
3.186491e-03
3.589880e-03
3.963761e-03
5.086836e-03
5.324932e-03
5.015868e-03
4.088751e-03
4.594099e-03
6.025169e-03
5.775394e-03
5.751293e-03
5.695053e-03
4.681649e-03
5.720616e-03
6.441568e-03
6.669895e-03
6.638443e-03
5.708316e-03
5.787611e-03
6.076441e-03
6.918229e-03
6.853559e-03
6.468788e-03
6.427836e-03
6.880325e-03
7.134377e-03
7.262222e-03
7.269274e-03
6.984332e-03
6.826336e-03
6.796333e-03
6.793000e-03
7.120871e-03
7.373319e-03
7.334582e-03
7.104712e-03
7.233316e-03
7.496686e-03
7.506995e-03
7.471514e-03
7.455248e-03
7.217313e-03
7.354590e-03
7.501513e-03
7.555943e-03
7.540090e-03
7.592132e-03
7.620045e-03
7.667132e-03
7.686183e-03
7.690606e-03
7.762346e-03
7.930407e-03
7.932449e-03
7.932284e-03
7.917046e-03
