1.090711e-10
1.798827e-10
3.421345e-10
4.885469e-10
8.301954e-10
1.574229e-09
2.357470e-09
3.835229e-09
7.579819e-09
1.236800e-08
1.748017e-08
2.931936e-08
5.755070e-08
8.733915e-08
1.295396e-07
1.990109e-07
3.467503e-07
5.062126e-07
7.166156e-07
9.707655e-07
1.772349e-06
2.349946e-06
3.199263e-06
5.324481e-06
7.238706e-06
1.148824e-05
2.385155e-05
3.056962e-05
3.721801e-05
5.943336e-05
7.844022e-05
9.261681e-05
1.350794e-04
1.903544e-04
1.908695e-04
1.913846e-04
2.283338e-04
2.528635e-04
3.766647e-04
4.290958e-04
4.558706e-04
4.646145e-04
4.744595e-04
6.086121e-04
7.007309e-04
7.639283e-04
6.903753e-04
8.752510e-04
1.076266e-03
9.358646e-04
1.157331e-03
1.314510e-03
1.331363e-03
1.590385e-03
1.808770e-03
1.538096e-03
1.488289e-03
1.829993e-03
2.108702e-03
2.119307e-03
1.776276e-03
1.915315e-03
2.038818e-03
2.376632e-03
2.442292e-03
2.350493e-03
2.070542e-03
2.225713e-03
2.627575e-03
2.555876e-03
2.550134e-03
2.536734e-03
2.247979e-03
2.541912e-03
2.734115e-03
2.789299e-03
2.780219e-03
2.535727e-03
2.558016e-03
2.637709e-03
2.847561e-03
2.830574e-03
2.734041e-03
2.726398e-03
2.838741e-03
2.900438e-03
2.933226e-03
2.932496e-03
2.865491e-03
2.822510e-03
2.819853e-03
2.819558e-03
2.899180e-03
2.954850e-03
2.950633e-03
2.891324e-03
2.923708e-03
2.988488e-03
2.993444e-03
2.984137e-03
2.979781e-03
2.920672e-03
2.955840e-03
2.990307e-03
2.999271e-03
2.998737e-03
3.010649e-03
3.023600e-03
3.033155e-03
3.040185e-03
3.042175e-03
3.065312e-03
3.120725e-03
3.116510e-03
3.116337e-03
3.104903e-03
