0.000000e+00
3.077636e-31
5.973444e-13
1.073264e-12
2.183808e-12
5.553799e-12
9.983060e-12
2.021085e-11
5.355549e-11
1.069597e-10
1.736524e-10
3.589681e-10
9.091012e-10
1.600769e-09
2.717151e-09
4.768213e-09
9.732734e-09
1.573983e-08
2.425745e-08
3.532200e-08
7.288811e-08
1.027351e-07
1.486749e-07
2.779964e-07
4.040073e-07
7.253721e-07
1.874753e-06
2.631034e-06
3.434891e-06
6.620652e-06
9.871690e-06
1.259957e-05
2.206487e-05
3.712031e-05
3.727890e-05
3.743750e-05
4.909775e-05
5.741055e-05
1.070214e-04
1.310009e-04
1.440858e-04
1.483847e-04
1.534278e-04
2.277462e-04
2.846638e-04
3.265723e-04
2.778772e-04
4.080716e-04
5.660441e-04
4.519672e-04
6.359937e-04
7.811050e-04
7.975567e-04
1.066293e-03
1.312004e-03
1.006903e-03
9.536861e-04
1.336160e-03
1.684955e-03
1.695866e-03
1.271785e-03
1.437651e-03
1.592397e-03
2.047836e-03
2.139873e-03
2.009176e-03
1.631167e-03
1.835462e-03
2.413348e-03
2.307923e-03
2.299540e-03
2.279979e-03
1.865679e-03
2.285264e-03
2.572492e-03
2.662703e-03
2.647717e-03
2.273096e-03
2.306440e-03
2.424855e-03
2.753485e-03
2.726326e-03
2.571223e-03
2.557998e-03
2.740185e-03
2.836355e-03
2.889515e-03
2.889307e-03
2.778453e-03
2.709693e-03
2.699296e-03
2.698142e-03
2.828747e-03
2.926338e-03
2.911404e-03
2.818985e-03
2.870435e-03
2.972839e-03
2.977777e-03
2.963853e-03
2.956087e-03
2.858634e-03
2.915122e-03
2.975250e-03
2.988936e-03
2.983770e-03
3.003679e-03
3.017256e-03
3.032407e-03
3.040185e-03
3.042175e-03
3.065312e-03
3.120725e-03
3.116510e-03
3.116337e-03
3.104903e-03
