0.000000e+00
6.621677e-60
-9.584041e-55
8.052226e-52
-1.282927e-48
-6.588905e-42
4.228841e-36
-2.902376e-31
7.759128e-13
1.955742e-12
3.630294e-12
9.313145e-12
3.077467e-11
6.362225e-11
1.244928e-10
2.560505e-10
6.330008e-10
1.159465e-09
1.999761e-09
3.201475e-09
7.916507e-09
1.211264e-08
1.918235e-08
4.153517e-08
6.570983e-08
1.351819e-07
4.331370e-07
6.591927e-07
9.132696e-07
2.041161e-06
3.336594e-06
4.516265e-06
8.997909e-06
1.705214e-05
1.715446e-05
1.725678e-05
2.409388e-05
2.919955e-05
6.291148e-05
8.055400e-05
9.050337e-05
9.379310e-05
9.781649e-05
1.587042e-04
2.087985e-04
2.470119e-04
2.030830e-04
3.263910e-04
4.859000e-04
3.692337e-04
5.605781e-04
7.211411e-04
7.419040e-04
1.060825e-03
1.364754e-03
9.869020e-04
9.244535e-04
1.398638e-03
1.860448e-03
1.875461e-03
1.318024e-03
1.531702e-03
1.735827e-03
2.367603e-03
2.500692e-03
2.315278e-03
1.791679e-03
2.073303e-03
2.905454e-03
2.749935e-03
2.736668e-03
2.705709e-03
2.114587e-03
2.716819e-03
3.146923e-03
3.284082e-03
3.262162e-03
2.699788e-03
2.747282e-03
2.920703e-03
3.426172e-03
3.384530e-03
3.146099e-03
3.124708e-03
3.402672e-03
3.556209e-03
3.634560e-03
3.635311e-03
3.460763e-03
3.359977e-03
3.342287e-03
3.340323e-03
3.541908e-03
3.694951e-03
3.672512e-03
3.528501e-03
3.606806e-03
3.767855e-03
3.776887e-03
3.753137e-03
3.740695e-03
3.590822e-03
3.678134e-03
3.768196e-03
3.795197e-03
3.783816e-03
3.815870e-03
3.834286e-03
3.858146e-03
3.868130e-03
3.870558e-03
3.902121e-03
3.977272e-03
3.974145e-03
3.973971e-03
3.961841e-03
