0.000000e+00
-1.026407e-66
-1.787901e-60
1.322391e-59
8.147072e-55
-1.221119e-49
9.625169e-44
2.678153e-38
-5.296307e-34
2.686225e-14
4.907150e-14
1.547651e-13
6.268679e-13
1.464451e-12
2.932261e-12
7.150045e-12
2.037594e-11
3.906253e-11
7.242826e-11
1.210803e-10
3.518975e-10
5.529623e-10
9.407258e-10
2.124669e-09
3.536194e-09
7.333289e-09
2.469630e-08
3.670624e-08
5.161294e-08
1.156730e-07
1.931610e-07
2.558567e-07
5.458358e-07
1.155630e-06
1.137963e-06
1.120296e-06
1.638368e-06
2.123908e-06
5.484426e-06
7.461459e-06
8.781174e-06
9.196136e-06
9.537182e-06
1.881283e-05
2.777300e-05
3.531590e-05
2.545417e-05
5.266889e-05
9.375984e-05
5.983529e-05
1.144737e-04
1.702993e-04
1.728715e-04
3.063303e-04
4.559976e-04
2.633908e-04
2.379342e-04
4.648126e-04
7.387110e-04
7.413730e-04
4.101901e-04
5.270958e-04
6.509255e-04
1.079836e-03
1.168389e-03
1.018710e-03
6.656079e-04
8.485395e-04
1.481992e-03
1.332218e-03
1.322883e-03
1.301099e-03
8.587526e-04
1.313611e-03
1.673425e-03
1.786156e-03
1.762401e-03
1.273411e-03
1.315320e-03
1.464209e-03
1.895801e-03
1.853395e-03
1.631406e-03
1.625634e-03
1.871706e-03
2.005403e-03
2.080782e-03
2.081784e-03
1.911978e-03
1.808134e-03
1.800425e-03
1.799568e-03
1.982784e-03
2.129486e-03
2.110387e-03
1.956500e-03
2.041581e-03
2.189623e-03
2.196301e-03
2.174849e-03
2.159066e-03
2.008757e-03
2.097530e-03
2.184942e-03
2.204184e-03
2.190318e-03
2.227126e-03
2.236367e-03
2.252000e-03
2.258456e-03
2.259677e-03
2.274037e-03
2.310988e-03
2.302547e-03
2.302476e-03
2.294902e-03
