0.000000e+00
2.367931e-31
4.691815e-13
8.635800e-13
1.783897e-12
4.655917e-12
8.469576e-12
1.745020e-11
4.678475e-11
9.665490e-11
1.537754e-10
3.318996e-10
8.755967e-10
1.577183e-09
2.668697e-09
4.906869e-09
1.047000e-08
1.717972e-08
2.729802e-08
4.062475e-08
9.174146e-08
1.329696e-07
2.023515e-07
4.033809e-07
6.159636e-07
1.161394e-06
3.268362e-06
4.621401e-06
6.125417e-06
1.198656e-05
1.794448e-05
2.257537e-05
3.931844e-05
6.541588e-05
6.526899e-05
6.512211e-05
8.420326e-05
9.842322e-05
1.761518e-04
2.126239e-04
2.327036e-04
2.391868e-04
2.459009e-04
3.566846e-04
4.388742e-04
4.990091e-04
4.256626e-04
6.108041e-04
8.292589e-04
6.677907e-04
9.215584e-04
1.115757e-03
1.132857e-03
1.484570e-03
1.801523e-03
1.400039e-03
1.331318e-03
1.826749e-03
2.266716e-03
2.277598e-03
1.734035e-03
1.948610e-03
2.144990e-03
2.710626e-03
2.818100e-03
2.654502e-03
2.183795e-03
2.438190e-03
3.145997e-03
3.009764e-03
2.999561e-03
2.975753e-03
2.467390e-03
2.986464e-03
3.333043e-03
3.433003e-03
3.414862e-03
2.960802e-03
3.001363e-03
3.145689e-03
3.536975e-03
3.504795e-03
3.315828e-03
3.307794e-03
3.521003e-03
3.634968e-03
3.698374e-03
3.698608e-03
3.560316e-03
3.481124e-03
3.470914e-03
3.469780e-03
3.622490e-03
3.737074e-03
3.725565e-03
3.608853e-03
3.670509e-03
3.791657e-03
3.797723e-03
3.781801e-03
3.773880e-03
3.652603e-03
3.724827e-03
3.792671e-03
3.810443e-03
3.804120e-03
3.827962e-03
3.843870e-03
3.860782e-03
3.872050e-03
3.872969e-03
3.904823e-03
3.979581e-03
3.973018e-03
3.973103e-03
3.964877e-03
