3.245040e-11
5.573179e-11
1.115177e-10
1.650709e-10
2.900357e-10
5.777201e-10
8.921121e-10
1.506107e-09
3.125981e-09
5.272658e-09
7.625913e-09
1.322681e-08
2.700962e-08
4.192465e-08
6.344667e-08
9.929285e-08
1.769574e-07
2.623244e-07
3.760692e-07
5.154166e-07
9.616606e-07
1.290602e-06
1.781504e-06
3.046514e-06
4.210509e-06
6.878002e-06
1.503547e-05
1.965235e-05
2.429357e-05
4.034223e-05
5.451395e-05
6.531329e-05
9.859082e-05
1.435580e-04
1.439959e-04
1.444337e-04
1.753269e-04
1.959891e-04
3.037653e-04
3.503085e-04
3.746255e-04
3.825679e-04
3.915193e-04
5.150962e-04
6.013368e-04
6.615342e-04
5.917368e-04
7.690636e-04
9.655408e-04
8.272732e-04
1.045672e-03
1.203985e-03
1.221249e-03
1.486284e-03
1.716006e-03
1.431031e-03
1.380926e-03
1.735747e-03
2.030449e-03
2.041121e-03
1.679355e-03
1.824400e-03
1.955900e-03
2.319156e-03
2.387451e-03
2.289652e-03
1.989383e-03
2.153080e-03
2.590046e-03
2.514120e-03
2.507554e-03
2.492233e-03
2.178046e-03
2.497585e-03
2.705013e-03
2.767857e-03
2.756772e-03
2.489321e-03
2.513632e-03
2.600307e-03
2.831474e-03
2.813733e-03
2.704861e-03
2.696141e-03
2.823179e-03
2.890253e-03
2.925689e-03
2.926620e-03
2.849576e-03
2.804035e-03
2.798647e-03
2.798049e-03
2.885799e-03
2.951280e-03
2.943497e-03
2.878637e-03
2.916135e-03
2.984863e-03
2.989893e-03
2.978724e-03
2.976284e-03
2.910183e-03
2.947238e-03
2.988119e-03
2.997769e-03
2.995775e-03
3.009073e-03
3.022760e-03
3.033090e-03
3.040185e-03
3.042175e-03
3.065312e-03
3.120725e-03
3.116510e-03
3.116337e-03
3.104903e-03
