9.794372e-09
1.361659e-08
2.109111e-08
2.652096e-08
3.919133e-08
6.265282e-08
8.579693e-08
1.296035e-07
2.479867e-07
4.428793e-07
6.492693e-07
1.363817e-06
3.700567e-06
7.002683e-06
1.203222e-05
2.374234e-05
5.271112e-05
3.114523e-06
3.978053e-06
4.916077e-06
7.641384e-06
9.357820e-06
1.176348e-05
1.718768e-05
2.180259e-05
3.102525e-05
5.601973e-05
6.824938e-05
8.051108e-05
1.191102e-04
1.509409e-04
1.732378e-04
2.404082e-04
3.253616e-04
3.251192e-04
3.248767e-04
3.787742e-04
4.174008e-04
5.896716e-04
6.632808e-04
7.023241e-04
7.150125e-04
7.288095e-04
9.110923e-04
1.033820e-03
1.121021e-03
1.024592e-03
1.270752e-03
1.535974e-03
1.361104e-03
1.651723e-03
1.868845e-03
1.894280e-03
2.229162e-03
2.516323e-03
2.187851e-03
2.136016e-03
2.577355e-03
2.933460e-03
2.958422e-03
2.544466e-03
2.733847e-03
2.907251e-03
3.338758e-03
3.431621e-03
3.334071e-03
3.000815e-03
3.214445e-03
3.750064e-03
3.679990e-03
3.679643e-03
3.678834e-03
3.326566e-03
3.728179e-03
3.986231e-03
4.077335e-03
4.082555e-03
3.803671e-03
3.845745e-03
3.962628e-03
4.288961e-03
4.274801e-03
4.169913e-03
4.190241e-03
4.362187e-03
4.459319e-03
4.528554e-03
4.551091e-03
4.478255e-03
4.445562e-03
4.464165e-03
4.466231e-03
4.594888e-03
4.712904e-03
4.736406e-03
4.675146e-03
4.746507e-03
4.911057e-03
4.934156e-03
4.952263e-03
4.966099e-03
4.898680e-03
4.971891e-03
5.065099e-03
5.136877e-03
5.157214e-03
5.235097e-03
5.307594e-03
5.390503e-03
5.466036e-03
5.487477e-03
5.899693e-03
6.864666e-03
7.477221e-03
7.481008e-03
7.818866e-03
