3.848349e-15
8.692122e-15
2.495332e-14
4.954817e-14
1.069395e-13
3.037569e-13
5.817808e-13
1.273043e-12
3.691383e-12
8.045791e-12
1.324622e-11
3.010910e-11
8.414296e-11
1.563294e-10
2.714843e-10
5.084966e-10
1.099092e-09
1.810499e-09
2.858008e-09
4.210570e-09
9.020492e-09
1.272129e-08
1.845059e-08
3.402743e-08
4.875601e-08
8.384251e-08
2.004383e-07
2.746611e-07
3.549594e-07
7.341008e-07
1.281138e-06
1.870772e-06
1.666635e-06
2.682936e-06
2.689029e-06
2.695121e-06
3.502393e-06
4.060076e-06
7.865540e-06
9.857248e-06
1.102475e-05
1.140472e-05
1.182226e-05
1.984146e-05
2.725196e-05
3.348882e-05
2.590678e-05
4.828885e-05
8.267449e-05
5.520821e-05
1.014127e-04
1.498861e-04
1.549830e-04
2.785077e-04
4.201142e-04
2.427906e-04
2.191879e-04
4.385338e-04
7.138340e-04
7.231957e-04
3.950072e-04
5.147166e-04
6.436150e-04
1.099807e-03
1.207557e-03
1.057600e-03
6.815685e-04
8.864748e-04
1.603269e-03
1.452794e-03
1.444627e-03
1.425569e-03
9.305149e-04
1.459454e-03
1.892524e-03
2.039891e-03
2.024989e-03
1.467622e-03
1.524634e-03
1.708340e-03
2.279964e-03
2.234592e-03
1.974639e-03
1.977222e-03
2.307667e-03
2.496545e-03
2.611387e-03
2.630496e-03
2.427613e-03
2.312438e-03
2.312168e-03
2.312138e-03
2.575137e-03
2.804906e-03
2.800902e-03
2.613187e-03
2.748687e-03
3.021602e-03
3.047630e-03
3.036203e-03
3.034872e-03
2.834021e-03
2.981264e-03
3.140918e-03
3.226022e-03
3.225311e-03
3.332254e-03
3.392364e-03
3.482328e-03
3.550791e-03
3.569573e-03
3.940430e-03
4.854725e-03
5.498415e-03
5.502360e-03
5.875202e-03
