1.482469e-12
2.738354e-12
5.999044e-12
9.485490e-12
1.762100e-11
3.826479e-11
6.229782e-11
1.117995e-10
2.518001e-10
4.478340e-10
6.737904e-10
1.227717e-09
2.651712e-09
4.236734e-09
6.598063e-09
1.046136e-08
1.881634e-08
2.801674e-08
3.989119e-08
5.422847e-08
9.665838e-08
1.272382e-07
1.690234e-07
2.745486e-07
3.628397e-07
5.603166e-07
1.101034e-06
1.403968e-06
1.685676e-06
2.697239e-06
3.580851e-06
4.291407e-06
6.525850e-06
9.823138e-06
9.882117e-06
9.941095e-06
1.249391e-05
1.419578e-05
2.519871e-05
3.060695e-05
3.360855e-05
3.459367e-05
3.574127e-05
5.414732e-05
6.927198e-05
8.092678e-05
6.717097e-05
1.052902e-04
1.555928e-04
1.179725e-04
1.798802e-04
2.345219e-04
2.406075e-04
3.533483e-04
4.654725e-04
3.269774e-04
3.058009e-04
4.811920e-04
6.603925e-04
6.682090e-04
4.529656e-04
5.375623e-04
6.214490e-04
8.804050e-04
9.381680e-04
8.636350e-04
6.509192e-04
7.710404e-04
1.136180e-03
1.070670e-03
1.067013e-03
1.058479e-03
8.052194e-04
1.076905e-03
1.276996e-03
1.345706e-03
1.341314e-03
1.093229e-03
1.120593e-03
1.207090e-03
1.465817e-03
1.448399e-03
1.341125e-03
1.343431e-03
1.489516e-03
1.571800e-03
1.623334e-03
1.634219e-03
1.554510e-03
1.510534e-03
1.513531e-03
1.513864e-03
1.627838e-03
1.727819e-03
1.731320e-03
1.660688e-03
1.719776e-03
1.846717e-03
1.861191e-03
1.862104e-03
1.865909e-03
1.789741e-03
1.853864e-03
1.927501e-03
1.975938e-03
1.981901e-03
2.039628e-03
2.078304e-03
2.134338e-03
2.180986e-03
2.193803e-03
2.462994e-03
3.200465e-03
3.791793e-03
3.795624e-03
4.167960e-03
