2.957371e-15
6.935093e-15
2.045248e-14
4.150823e-14
9.064115e-14
2.646578e-13
5.181043e-13
1.161847e-12
3.523883e-12
7.725947e-12
1.336014e-11
3.042284e-11
8.660137e-11
1.635099e-10
2.954461e-10
5.527450e-10
1.216466e-09
2.065697e-09
3.312818e-09
4.984513e-09
1.077431e-08
1.549811e-08
2.273557e-08
4.363426e-08
6.421056e-08
1.218983e-07
2.978706e-07
3.616855e-07
4.586408e-07
8.390878e-07
1.210284e-06
1.530904e-06
2.629309e-06
4.470347e-06
4.505245e-06
4.540144e-06
6.104242e-06
7.224059e-06
1.527706e-05
1.966526e-05
2.224325e-05
2.309323e-05
2.411394e-05
4.137755e-05
5.696215e-05
6.963341e-05
5.480818e-05
9.848590e-05
1.614872e-04
1.134536e-04
1.943390e-04
2.720299e-04
2.817413e-04
4.582792e-04
6.446879e-04
4.143827e-04
3.809635e-04
6.717733e-04
9.959033e-04
1.010286e-03
6.226348e-04
7.700698e-04
9.210412e-04
1.418193e-03
1.533445e-03
1.382970e-03
9.731576e-04
1.200623e-03
1.933086e-03
1.793567e-03
1.785173e-03
1.765586e-03
1.257636e-03
1.797404e-03
2.215650e-03
2.359157e-03
2.347486e-03
1.818610e-03
1.873032e-03
2.049417e-03
2.592159e-03
2.552863e-03
2.316148e-03
2.313346e-03
2.619552e-03
2.796662e-03
2.900845e-03
2.918146e-03
2.739209e-03
2.637913e-03
2.636920e-03
2.636810e-03
2.876698e-03
3.084272e-03
3.081034e-03
2.921008e-03
3.039224e-03
3.288790e-03
3.312258e-03
3.302549e-03
3.304353e-03
3.132945e-03
3.262140e-03
3.404556e-03
3.487180e-03
3.489750e-03
3.589152e-03
3.644523e-03
3.733091e-03
3.800320e-03
3.818263e-03
4.185721e-03
5.110859e-03
5.768747e-03
5.772956e-03
6.161389e-03
