9.505125e-18
2.697062e-17
1.005989e-16
2.555939e-16
6.172698e-16
2.277854e-15
5.155917e-15
1.377586e-14
5.264304e-14
1.356286e-13
2.607208e-13
7.043410e-13
2.470362e-12
5.285424e-12
1.065507e-11
2.250799e-11
5.725091e-11
1.067826e-10
1.860554e-10
3.003742e-10
7.378729e-10
1.123674e-09
1.747505e-09
3.638331e-09
5.530424e-09
1.059438e-08
2.826625e-08
4.015764e-08
5.194978e-08
9.905479e-08
1.448438e-07
1.858141e-07
3.166856e-07
5.186706e-07
5.269565e-07
5.352422e-07
7.067971e-07
8.098057e-07
1.574141e-06
1.960080e-06
2.160742e-06
2.229147e-06
2.328811e-06
3.647735e-06
4.777783e-06
5.671695e-06
4.689617e-06
7.763841e-06
1.226549e-05
8.830051e-06
1.468451e-05
2.058278e-05
2.153289e-05
3.856936e-05
5.962573e-05
3.308147e-05
2.949860e-05
6.177628e-05
1.112598e-04
1.127164e-04
5.421434e-05
7.287871e-05
9.469142e-05
1.911682e-04
2.171199e-04
1.796932e-04
9.974353e-05
1.401905e-04
3.141347e-04
2.710464e-04
2.680099e-04
2.609241e-04
1.433336e-04
2.652846e-04
3.862769e-04
4.298947e-04
4.228481e-04
2.597494e-04
2.738156e-04
3.210558e-04
4.863891e-04
4.702895e-04
3.871623e-04
3.838149e-04
4.826643e-04
5.427198e-04
5.776691e-04
5.804640e-04
5.092662e-04
4.693752e-04
4.658112e-04
4.654153e-04
5.476825e-04
6.193598e-04
6.126240e-04
5.469263e-04
5.883275e-04
6.714202e-04
6.779392e-04
6.697099e-04
6.659122e-04
5.948334e-04
6.414228e-04
6.911695e-04
7.132273e-04
7.098079e-04
7.399598e-04
7.540678e-04
7.785269e-04
7.958104e-04
8.004954e-04
9.007779e-04
1.239766e-03
1.583872e-03
1.586242e-03
1.835198e-03
