3.152740e-12
5.581077e-12
1.159013e-11
1.759523e-11
3.160795e-11
6.505516e-11
1.024169e-10
1.764103e-10
3.757687e-10
6.424847e-10
9.411658e-10
1.642807e-09
3.359887e-09
5.191715e-09
7.844283e-09
1.201599e-08
2.070820e-08
2.997399e-08
4.157554e-08
5.526377e-08
9.407975e-08
1.212886e-07
1.574721e-07
2.461642e-07
3.177392e-07
4.732510e-07
8.732821e-07
1.089024e-06
1.282107e-06
1.951208e-06
2.499904e-06
2.935096e-06
4.197977e-06
5.896217e-06
5.945250e-06
5.994284e-06
7.268138e-06
8.011289e-06
1.289216e-05
1.513226e-05
1.629609e-05
1.668235e-05
1.716605e-05
2.424505e-05
2.986704e-05
3.412997e-05
2.910210e-05
4.301746e-05
6.131847e-05
4.740541e-05
6.992077e-05
8.957795e-05
9.166259e-05
1.343040e-04
1.777466e-04
1.228339e-04
1.141197e-04
1.817120e-04
2.540704e-04
2.561639e-04
1.683963e-04
2.008535e-04
2.336518e-04
3.408869e-04
3.641249e-04
3.306775e-04
2.414259e-04
2.892596e-04
4.417029e-04
4.112561e-04
4.091417e-04
4.042079e-04
2.966397e-04
4.088031e-04
4.937666e-04
5.212598e-04
5.176294e-04
4.075483e-04
4.181897e-04
4.540039e-04
5.596066e-04
5.509747e-04
5.027017e-04
5.022556e-04
5.627814e-04
5.964153e-04
6.169740e-04
6.195830e-04
5.825576e-04
5.614511e-04
5.614325e-04
5.614304e-04
6.084738e-04
6.472763e-04
6.467744e-04
6.138796e-04
6.374946e-04
6.858595e-04
6.906452e-04
6.893823e-04
6.889902e-04
6.540816e-04
6.801018e-04
7.086613e-04
7.248180e-04
7.257935e-04
7.452974e-04
7.598024e-04
7.792224e-04
7.958104e-04
8.004954e-04
9.007779e-04
1.239766e-03
1.583872e-03
1.586242e-03
1.835198e-03
