4.170331e-12
7.436226e-12
1.582617e-11
2.453731e-11
4.486448e-11
9.475931e-11
1.511179e-10
2.652833e-10
5.747314e-10
1.015277e-09
1.467438e-09
2.671533e-09
5.702027e-09
9.027620e-09
1.368541e-08
2.203003e-08
4.058149e-08
6.185175e-08
9.428818e-08
1.399201e-07
3.597643e-07
5.849991e-07
1.076311e-06
2.981957e-06
5.685866e-06
1.492380e-05
6.913979e-05
3.100848e-06
3.833324e-06
6.585818e-06
9.265731e-06
1.133256e-05
1.896567e-05
3.141412e-05
3.132196e-05
3.122980e-05
4.071965e-05
4.811479e-05
9.109380e-05
1.126209e-04
1.251822e-04
1.292389e-04
1.334481e-04
2.063798e-04
2.646950e-04
3.093569e-04
2.557710e-04
3.979839e-04
5.777986e-04
4.453813e-04
6.621202e-04
8.465177e-04
8.647655e-04
1.215317e-03
1.550688e-03
1.139742e-03
1.077149e-03
1.599675e-03
2.097363e-03
2.117742e-03
1.521445e-03
1.765707e-03
2.000399e-03
2.679046e-03
2.823081e-03
2.634883e-03
2.083669e-03
2.400675e-03
3.314390e-03
3.154471e-03
3.146753e-03
3.128746e-03
2.496667e-03
3.179493e-03
3.654952e-03
3.811099e-03
3.801012e-03
3.217382e-03
3.283475e-03
3.491462e-03
4.082967e-03
4.043070e-03
3.798401e-03
3.808720e-03
4.135609e-03
4.317022e-03
4.429161e-03
4.451544e-03
4.275163e-03
4.176404e-03
4.183633e-03
4.184436e-03
4.431657e-03
4.642840e-03
4.650760e-03
4.492505e-03
4.618757e-03
4.877052e-03
4.903557e-03
4.904731e-03
4.910262e-03
4.743203e-03
4.876094e-03
5.023538e-03
5.111757e-03
5.119752e-03
5.223458e-03
5.294428e-03
5.389057e-03
5.466036e-03
5.487477e-03
5.899693e-03
6.864666e-03
7.477221e-03
7.481008e-03
7.818866e-03
