1.587684e-16
3.721451e-16
1.097181e-15
2.224473e-15
4.854973e-15
1.415032e-14
2.765822e-14
6.184578e-14
1.866315e-13
4.077610e-13
7.026413e-13
1.590087e-12
4.479576e-12
8.396766e-12
1.505961e-11
2.788383e-11
6.043305e-11
1.015789e-10
1.610610e-10
2.399494e-10
5.048486e-10
7.166127e-10
1.031749e-09
1.896364e-09
2.683554e-09
4.597517e-09
1.034585e-08
1.383161e-08
1.710816e-08
2.911083e-08
3.968272e-08
4.877283e-08
7.504075e-08
1.113716e-07
1.130721e-07
1.147727e-07
1.433515e-07
1.591739e-07
2.694864e-07
3.202441e-07
3.449070e-07
3.533916e-07
3.663348e-07
5.145819e-07
6.295884e-07
7.135476e-07
6.256132e-07
8.932371e-07
1.238581e-06
9.933462e-07
1.404664e-06
1.744030e-06
1.815775e-06
2.626998e-06
3.476260e-06
2.413748e-06
2.229130e-06
3.567304e-06
5.299712e-06
5.367820e-06
3.298366e-06
3.967018e-06
4.686824e-06
7.936779e-06
8.881741e-06
7.606834e-06
4.884211e-06
6.222242e-06
1.225855e-05
1.071137e-05
1.057244e-05
1.024824e-05
6.245903e-06
1.028054e-05
1.485693e-05
1.663527e-05
1.628445e-05
9.996789e-06
1.046064e-05
1.207296e-05
1.854887e-05
1.780471e-05
1.435279e-05
1.407551e-05
1.801394e-05
2.059976e-05
2.209143e-05
2.208227e-05
1.875515e-05
1.701355e-05
1.670845e-05
1.667456e-05
2.010159e-05
2.304251e-05
2.251342e-05
1.954701e-05
2.109512e-05
2.440397e-05
2.461298e-05
2.402104e-05
2.364215e-05
2.035803e-05
2.218991e-05
2.407934e-05
2.454059e-05
2.419549e-05
2.478254e-05
2.515182e-05
2.551419e-05
2.566643e-05
2.571092e-05
2.550206e-05
2.522352e-05
2.503076e-05
2.502225e-05
2.461380e-05
