5.596911e-20
1.856067e-19
8.586821e-19
2.747940e-18
7.156464e-18
3.275757e-17
8.421211e-17
2.638740e-16
1.222011e-15
3.723627e-15
7.522343e-15
2.454284e-14
1.062154e-13
2.563360e-13
5.545344e-13
1.352122e-12
3.982498e-12
7.958706e-12
1.501227e-11
2.564642e-11
7.345823e-11
1.173761e-10
1.961314e-10
4.485803e-10
7.278095e-10
1.502323e-09
4.630865e-09
6.790526e-09
9.123259e-09
1.884648e-08
2.897690e-08
3.752042e-08
6.845538e-08
1.192584e-07
1.200974e-07
1.209364e-07
1.632857e-07
1.914088e-07
3.879897e-07
4.881121e-07
5.419421e-07
5.599322e-07
5.834232e-07
9.354416e-07
1.233223e-06
1.467739e-06
1.200617e-06
1.995756e-06
3.121996e-06
2.262759e-06
3.697931e-06
5.029306e-06
5.262017e-06
8.937558e-06
1.328710e-05
7.771780e-06
6.959062e-06
1.368539e-05
2.437327e-05
2.464070e-05
1.206344e-05
1.584986e-05
2.033107e-05
4.387769e-05
5.118451e-05
4.058866e-05
2.128536e-05
3.063285e-05
8.122636e-05
6.631746e-05
6.523371e-05
6.270482e-05
3.048343e-05
6.349719e-05
1.062190e-04
1.234706e-04
1.198936e-04
6.057804e-05
6.511465e-05
8.012730e-05
1.436345e-04
1.359666e-04
1.013104e-04
9.957531e-05
1.390441e-04
1.654832e-04
1.813352e-04
1.816274e-04
1.472850e-04
1.292086e-04
1.269641e-04
1.267147e-04
1.619610e-04
1.943817e-04
1.894700e-04
1.573698e-04
1.752358e-04
2.117256e-04
2.139867e-04
2.085196e-04
2.051013e-04
1.699141e-04
1.906039e-04
2.124505e-04
2.193418e-04
2.160019e-04
2.267862e-04
2.306450e-04
2.374492e-04
2.412632e-04
2.423133e-04
2.620637e-04
3.526924e-04
4.768035e-04
4.777292e-04
5.848962e-04
