0.000000e+00
1.598356e-44
4.885648e-38
-1.733854e-37
1.177225e-32
9.668279e-27
4.776176e-09
9.946065e-09
2.704424e-08
5.516475e-08
8.990599e-08
1.872924e-07
4.702518e-07
8.199280e-07
1.367601e-06
2.349018e-06
4.588442e-06
7.163305e-06
1.063414e-05
1.492957e-05
2.791146e-05
3.741383e-05
5.064758e-05
8.328108e-05
1.105927e-04
1.705080e-04
3.240294e-04
4.068248e-04
4.797709e-04
7.180156e-04
9.048347e-04
1.057884e-03
1.443943e-03
1.909026e-03
1.930288e-03
1.951550e-03
2.275343e-03
2.453489e-03
3.466913e-03
3.886508e-03
4.082601e-03
4.149992e-03
4.252281e-03
5.227506e-03
5.892033e-03
6.340161e-03
5.901305e-03
7.170455e-03
8.562849e-03
7.684730e-03
9.157245e-03
1.017811e-02
1.038573e-02
1.208644e-02
1.349028e-02
1.182901e-02
1.149998e-02
1.370385e-02
1.548907e-02
1.559655e-02
1.345820e-02
1.432279e-02
1.510685e-02
1.728790e-02
1.774726e-02
1.720174e-02
1.543936e-02
1.643528e-02
1.899493e-02
1.861127e-02
1.857370e-02
1.848601e-02
1.665048e-02
1.849441e-02
1.973181e-02
2.014367e-02
2.009785e-02
1.856629e-02
1.869935e-02
1.917890e-02
2.059464e-02
2.049685e-02
1.989003e-02
1.979287e-02
2.054952e-02
2.098611e-02
2.119057e-02
2.118490e-02
2.075724e-02
2.050159e-02
2.045339e-02
2.044803e-02
2.098821e-02
2.138672e-02
2.134246e-02
2.098530e-02
2.117247e-02
2.161696e-02
2.163571e-02
2.157421e-02
2.156425e-02
2.118948e-02
2.141325e-02
2.165785e-02
2.174820e-02
2.174097e-02
2.183722e-02
2.189591e-02
2.199322e-02
2.204164e-02
2.205307e-02
2.227335e-02
2.278121e-02
2.279139e-02
2.279124e-02
2.275883e-02
