9.845814e-13
1.588105e-12
3.085301e-12
4.454617e-12
7.649872e-12
1.489866e-11
2.252790e-11
3.655782e-11
7.089206e-11
1.201469e-10
1.608143e-10
2.777650e-10
5.439506e-10
8.183392e-10
1.149212e-09
1.763365e-09
2.931415e-09
4.038194e-09
5.456332e-09
7.023279e-09
1.179975e-08
1.474286e-08
1.902441e-08
2.831252e-08
3.631982e-08
5.173925e-08
9.287527e-08
1.119911e-07
1.316373e-07
1.928047e-07
2.427882e-07
2.760356e-07
3.827735e-07
5.214185e-07
5.203462e-07
5.192739e-07
6.089867e-07
6.690905e-07
9.847536e-07
1.119334e-06
1.189050e-06
1.211358e-06
1.232854e-06
1.621679e-06
1.903146e-06
2.104014e-06
1.848850e-06
2.485224e-06
3.254950e-06
2.662443e-06
3.577516e-06
4.302932e-06
4.370294e-06
5.934420e-06
7.508517e-06
5.468351e-06
5.120610e-06
7.569903e-06
1.032056e-05
1.036159e-05
6.998095e-06
8.155098e-06
9.336646e-06
1.363802e-05
1.461279e-05
1.309963e-05
9.480218e-06
1.129312e-05
1.773878e-05
1.625980e-05
1.613666e-05
1.584931e-05
1.129535e-05
1.590217e-05
1.975683e-05
2.097870e-05
2.069837e-05
1.544992e-05
1.586898e-05
1.739681e-05
2.207024e-05
2.157141e-05
1.914552e-05
1.903053e-05
2.179736e-05
2.329280e-05
2.418436e-05
2.416470e-05
2.215907e-05
2.100380e-05
2.086081e-05
2.084493e-05
2.298759e-05
2.454655e-05
2.430946e-05
2.255171e-05
2.347345e-05
2.525102e-05
2.538386e-05
2.511195e-05
2.486675e-05
2.298641e-05
2.403893e-05
2.504985e-05
2.519074e-05
2.502449e-05
2.518479e-05
2.556377e-05
2.567325e-05
2.578288e-05
2.583138e-05
2.560090e-05
2.525348e-05
2.492554e-05
2.491601e-05
2.439555e-05
