1.344758e-12
2.259821e-12
4.642110e-12
6.976828e-12
1.242482e-11
2.559781e-11
4.007434e-11
6.774864e-11
1.387144e-10
2.455033e-10
3.361780e-10
6.078940e-10
1.258328e-09
1.957927e-09
2.824470e-09
4.493294e-09
7.793147e-09
1.101648e-08
1.526341e-08
2.006148e-08
3.525351e-08
4.488567e-08
5.926854e-08
9.137946e-08
1.199559e-07
1.765684e-07
3.357490e-07
4.127507e-07
4.932086e-07
7.534795e-07
9.747765e-07
1.124468e-06
1.629541e-06
2.314454e-06
2.306656e-06
2.298857e-06
2.760760e-06
3.080980e-06
4.823948e-06
5.599170e-06
6.018753e-06
6.152461e-06
6.276900e-06
8.712014e-06
1.057634e-05
1.195981e-05
1.017571e-05
1.471004e-05
2.055077e-05
1.593182e-05
2.317583e-05
2.954768e-05
3.000631e-05
4.465062e-05
6.048024e-05
4.016031e-05
3.714840e-05
6.160991e-05
9.093158e-05
9.158046e-05
5.610554e-05
6.868941e-05
8.212665e-05
1.300471e-04
1.410149e-04
1.247001e-04
8.482699e-05
1.060161e-04
1.815172e-04
1.648844e-04
1.639729e-04
1.618460e-04
1.091841e-04
1.651843e-04
2.119077e-04
2.276075e-04
2.258463e-04
1.649035e-04
1.711647e-04
1.913155e-04
2.539963e-04
2.487534e-04
2.200527e-04
2.211756e-04
2.588344e-04
2.800339e-04
2.941068e-04
2.968614e-04
2.734229e-04
2.602371e-04
2.612796e-04
2.613954e-04
2.926037e-04
3.202395e-04
3.212917e-04
2.989525e-04
3.166733e-04
3.534000e-04
3.577077e-04
3.580566e-04
3.583055e-04
3.338529e-04
3.538304e-04
3.763864e-04
3.905032e-04
3.920166e-04
4.102113e-04
4.232248e-04
4.407301e-04
4.563407e-04
4.609274e-04
5.583474e-04
8.850454e-04
1.219813e-03
1.222037e-03
1.461919e-03
