2.975128e-21
1.106416e-20
5.888294e-20
2.204406e-19
5.974302e-19
3.147915e-18
8.827320e-18
3.077762e-17
1.637053e-16
5.500883e-16
1.180678e-15
4.286979e-15
2.113170e-14
5.512847e-14
1.273353e-13
3.360188e-13
1.086325e-12
2.301261e-12
4.580826e-12
8.184303e-12
2.563027e-11
4.256073e-11
7.431848e-11
1.819456e-10
3.069101e-10
6.721712e-10
2.266036e-09
3.425080e-09
4.708718e-09
1.027014e-08
1.632299e-08
2.154694e-08
4.112550e-08
7.465371e-08
7.518675e-08
7.571978e-08
1.044249e-07
1.239438e-07
2.637967e-07
3.368683e-07
3.768326e-07
3.901819e-07
4.075605e-07
6.739958e-07
9.038395e-07
1.087083e-06
8.782924e-07
1.507017e-06
2.413875e-06
1.719038e-06
2.884242e-06
3.984363e-06
4.179379e-06
7.266893e-06
1.096037e-05
6.286133e-06
5.604702e-06
1.131636e-05
2.058626e-05
2.083741e-05
9.944363e-06
1.318657e-05
1.706409e-05
3.814090e-05
4.493558e-05
3.517845e-05
1.793037e-05
2.625793e-05
7.375374e-05
5.932367e-05
5.827634e-05
5.583243e-05
2.606252e-05
5.657295e-05
9.870400e-05
1.163600e-04
1.126690e-04
5.386955e-05
5.828644e-05
7.275568e-05
1.374436e-04
1.294034e-04
9.369979e-05
9.192874e-05
1.324175e-04
1.605177e-04
1.774852e-04
1.778032e-04
1.410894e-04
1.221707e-04
1.197461e-04
1.194768e-04
1.565616e-04
1.915420e-04
1.861622e-04
1.515671e-04
1.706614e-04
2.102742e-04
2.127474e-04
2.065018e-04
2.027585e-04
1.646656e-04
1.868800e-04
2.106979e-04
2.181507e-04
2.144214e-04
2.262312e-04
2.300707e-04
2.373820e-04
2.412632e-04
2.423133e-04
2.620637e-04
3.526924e-04
4.768035e-04
4.777292e-04
5.848962e-04
