0.000000e+00
2.643786e-81
5.141975e-74
9.838323e-73
-4.545951e-68
-5.782801e-63
-8.261675e-57
4.828725e-53
8.936015e-46
4.082375e-40
7.566422e-34
-1.845935e-28
1.254250e-10
3.191854e-10
6.731632e-10
1.787839e-09
5.498209e-09
1.092174e-08
2.097857e-08
3.591043e-08
1.092150e-07
1.732075e-07
2.994472e-07
6.731210e-07
1.121758e-06
2.279172e-06
7.264704e-06
1.043145e-05
1.430186e-05
2.897943e-05
4.473016e-05
5.630242e-05
1.021950e-04
1.785092e-04
1.761590e-04
1.738088e-04
2.268131e-04
2.732894e-04
5.087493e-04
6.231550e-04
6.925238e-04
7.141010e-04
7.299153e-04
1.116474e-03
1.419148e-03
1.644335e-03
1.342578e-03
2.070196e-03
2.975399e-03
2.263183e-03
3.359146e-03
4.287929e-03
4.312048e-03
6.100725e-03
7.862376e-03
5.589256e-03
5.255871e-03
7.956434e-03
1.064970e-02
1.066992e-02
7.355107e-03
8.610698e-03
9.844563e-03
1.357710e-02
1.427870e-02
1.306774e-02
9.970351e-03
1.161811e-02
1.666828e-02
1.553358e-02
1.547227e-02
1.532919e-02
1.173152e-02
1.542112e-02
1.806774e-02
1.884978e-02
1.867371e-02
1.510672e-02
1.542464e-02
1.655824e-02
1.964074e-02
1.935285e-02
1.778122e-02
1.774642e-02
1.948118e-02
2.039666e-02
2.087473e-02
2.089146e-02
1.975254e-02
1.904792e-02
1.900228e-02
1.899721e-02
2.023558e-02
2.123209e-02
2.112396e-02
2.007726e-02
2.067061e-02
2.165187e-02
2.169771e-02
2.157474e-02
2.147369e-02
2.046831e-02
2.105163e-02
2.166430e-02
2.180050e-02
2.172421e-02
2.199555e-02
2.204788e-02
2.217824e-02
2.223291e-02
2.224139e-02
2.245736e-02
2.296639e-02
2.293529e-02
2.293602e-02
2.292451e-02
