1.331577e-14
2.771819e-14
7.184599e-14
1.303312e-13
2.668046e-13
6.836885e-13
1.228243e-12
2.484155e-12
6.485186e-12
1.311326e-11
2.057995e-11
4.308980e-11
1.086905e-10
1.897658e-10
3.121259e-10
5.480398e-10
1.094269e-09
1.713939e-09
2.579614e-09
3.650529e-09
7.198430e-09
9.781471e-09
1.360355e-08
2.339758e-08
3.214628e-08
5.178256e-08
1.092688e-07
1.410348e-07
1.717632e-07
2.813778e-07
3.760641e-07
4.485444e-07
6.766631e-07
9.914451e-07
9.973940e-07
1.003343e-06
1.238889e-06
1.378864e-06
2.279347e-06
2.688606e-06
2.896292e-06
2.965527e-06
3.054595e-06
4.316782e-06
5.296230e-06
6.035168e-06
5.183346e-06
7.581752e-06
1.074669e-05
8.341492e-06
1.224129e-05
1.562917e-05
1.611592e-05
2.460304e-05
3.403462e-05
2.196702e-05
2.009681e-05
3.469318e-05
5.426108e-05
5.463215e-05
3.121735e-05
3.886305e-05
4.728007e-05
8.235504e-05
9.118940e-05
7.786410e-05
4.872821e-05
6.327491e-05
1.224080e-04
1.077570e-04
1.066509e-04
1.040696e-04
6.361811e-05
1.050510e-04
1.442651e-04
1.575936e-04
1.549106e-04
1.016957e-04
1.060741e-04
1.212836e-04
1.721523e-04
1.668699e-04
1.404942e-04
1.393934e-04
1.697467e-04
1.873903e-04
1.977132e-04
1.980323e-04
1.756724e-04
1.630347e-04
1.616719e-04
1.615205e-04
1.859709e-04
2.060748e-04
2.036398e-04
1.834339e-04
1.950999e-04
2.177481e-04
2.194137e-04
2.166481e-04
2.146568e-04
1.931497e-04
2.063278e-04
2.197488e-04
2.241433e-04
2.226419e-04
2.289457e-04
2.329181e-04
2.377204e-04
2.412632e-04
2.423133e-04
2.620637e-04
3.526924e-04
4.768035e-04
4.777292e-04
5.848962e-04
