1.077680e-04
1.513050e-04
2.399400e-04
3.005968e-04
4.421375e-04
6.871059e-04
9.030953e-04
1.233879e-03
1.878455e-03
2.611126e-03
3.152302e-03
4.366828e-03
6.463174e-03
8.183149e-03
9.969553e-03
1.262382e-02
1.661579e-02
1.975076e-02
2.315114e-02
2.642723e-02
3.415688e-02
3.817963e-02
4.315273e-02
5.197644e-02
5.826226e-02
6.837163e-02
8.777881e-02
9.513953e-02
1.015828e-01
1.179017e-01
1.286539e-01
1.355797e-01
1.521740e-01
1.688824e-01
1.689850e-01
1.690875e-01
1.781457e-01
1.841020e-01
2.065521e-01
2.149453e-01
2.190001e-01
2.203276e-01
2.218488e-01
2.384544e-01
2.484464e-01
2.548587e-01
2.478034e-01
2.651610e-01
2.817473e-01
2.712186e-01
2.881666e-01
2.994464e-01
3.006318e-01
3.161011e-01
3.282436e-01
3.141393e-01
3.117873e-01
3.304527e-01
3.437741e-01
3.444873e-01
3.287569e-01
3.360511e-01
3.422737e-01
3.570254e-01
3.599306e-01
3.566382e-01
3.450788e-01
3.521558e-01
3.691139e-01
3.666990e-01
3.666083e-01
3.663966e-01
3.551118e-01
3.675366e-01
3.749604e-01
3.773297e-01
3.773376e-01
3.688711e-01
3.699246e-01
3.731803e-01
3.819193e-01
3.814395e-01
3.782586e-01
3.785063e-01
3.830481e-01
3.854295e-01
3.869113e-01
3.873301e-01
3.852911e-01
3.841295e-01
3.843068e-01
3.843265e-01
3.874903e-01
3.901748e-01
3.903355e-01
3.886283e-01
3.902190e-01
3.934298e-01
3.938196e-01
3.938729e-01
3.939795e-01
3.922525e-01
3.938606e-01
3.956205e-01
3.969167e-01
3.970999e-01
3.985348e-01
3.994591e-01
4.007875e-01
4.018727e-01
4.021695e-01
4.077971e-01
4.195811e-01
4.259254e-01
4.259570e-01
4.292087e-01
