0.000000e+00
3.130606e-76
-1.019894e-69
-2.187853e-67
-5.133548e-64
-1.399245e-57
3.849928e-52
2.852375e-47
-5.475153e-41
-8.350709e-35
3.589318e-29
-1.899931e-23
8.800083e-06
1.658298e-05
2.782829e-05
5.286531e-05
1.107535e-04
1.745012e-04
2.663256e-04
3.772336e-04
7.550546e-04
1.011103e-03
1.407193e-03
2.309757e-03
3.132602e-03
4.776654e-03
9.287797e-03
1.142916e-02
1.360019e-02
2.014382e-02
2.538470e-02
2.887378e-02
3.927330e-02
5.185195e-02
5.172698e-02
5.160201e-02
5.910114e-02
6.445680e-02
8.706335e-02
9.618971e-02
1.009028e-01
1.024103e-01
1.038586e-01
1.256416e-01
1.397097e-01
1.490684e-01
1.374908e-01
1.645706e-01
1.922999e-01
1.727412e-01
2.027483e-01
2.234095e-01
2.247540e-01
2.563070e-01
2.822655e-01
2.498552e-01
2.442904e-01
2.848239e-01
3.159549e-01
3.166899e-01
2.783104e-01
2.945913e-01
3.088130e-01
3.451563e-01
3.517204e-01
3.421010e-01
3.121234e-01
3.289565e-01
3.718806e-01
3.641806e-01
3.636927e-01
3.625542e-01
3.321783e-01
3.639499e-01
3.833945e-01
3.890035e-01
3.882436e-01
3.632391e-01
3.656722e-01
3.741555e-01
3.961765e-01
3.944926e-01
3.844850e-01
3.843367e-01
3.961840e-01
4.022305e-01
4.055089e-01
4.058468e-01
3.991914e-01
3.949953e-01
3.947130e-01
3.946816e-01
4.029431e-01
4.094412e-01
4.088888e-01
4.030366e-01
4.068281e-01
4.135168e-01
4.139900e-01
4.133364e-01
4.129797e-01
4.072349e-01
4.110965e-01
4.148792e-01
4.164788e-01
4.161837e-01
4.183403e-01
4.191048e-01
4.205540e-01
4.214698e-01
4.217090e-01
4.260476e-01
4.350672e-01
4.394361e-01
4.394552e-01
4.415800e-01
