0.000000e+00
-6.228546e-82
2.482895e-76
-7.019475e-74
-1.018762e-71
4.296746e-64
2.482982e-58
3.882555e-53
2.334927e-47
2.838468e-41
5.830452e-35
1.696051e-29
-7.625531e-25
5.451534e-06
9.663992e-06
1.933197e-05
4.322975e-05
7.137884e-05
1.133086e-04
1.662393e-04
3.526644e-04
4.863996e-04
6.975264e-04
1.200563e-03
1.671994e-03
2.661612e-03
5.486741e-03
6.909735e-03
8.350135e-03
1.280675e-02
1.647803e-02
1.906729e-02
2.663430e-02
3.601060e-02
3.599951e-02
3.598842e-02
4.177465e-02
4.586762e-02
6.388700e-02
7.133407e-02
7.517244e-02
7.641491e-02
7.772693e-02
9.566825e-02
1.075187e-01
1.154465e-01
1.060066e-01
1.289819e-01
1.529531e-01
1.363907e-01
1.623448e-01
1.806501e-01
1.821730e-01
2.103907e-01
2.338309e-01
2.050382e-01
2.001752e-01
2.366459e-01
2.651270e-01
2.660539e-01
2.313223e-01
2.461271e-01
2.591455e-01
2.928074e-01
2.991694e-01
2.904170e-01
2.628833e-01
2.785068e-01
3.186882e-01
3.117244e-01
3.112827e-01
3.102519e-01
2.821106e-01
3.116676e-01
3.301095e-01
3.356303e-01
3.350394e-01
3.117457e-01
3.140376e-01
3.219900e-01
3.431960e-01
3.416531e-01
3.322986e-01
3.321114e-01
3.434751e-01
3.494028e-01
3.526216e-01
3.530414e-01
3.467855e-01
3.429134e-01
3.426886e-01
3.426637e-01
3.506327e-01
3.570135e-01
3.565398e-01
3.511248e-01
3.547895e-01
3.615006e-01
3.620171e-01
3.614349e-01
3.612001e-01
3.558245e-01
3.595733e-01
3.632907e-01
3.650369e-01
3.648381e-01
3.670872e-01
3.679328e-01
3.695775e-01
3.706366e-01
3.709122e-01
3.761000e-01
3.869699e-01
3.928365e-01
3.928654e-01
3.958644e-01
