0.000000e+00
4.688184e-41
-7.509059e-35
1.761926e-33
-3.589318e-29
-2.039517e-23
7.492665e-06
1.321245e-05
2.821781e-05
5.065172e-05
7.085765e-05
1.275247e-04
2.584404e-04
3.948606e-04
5.620551e-04
8.595870e-04
1.408477e-03
1.918808e-03
2.549990e-03
3.229814e-03
5.122989e-03
6.247769e-03
7.787434e-03
1.086982e-02
1.333329e-02
1.774504e-02
2.772498e-02
3.197114e-02
3.593699e-02
4.684326e-02
5.472250e-02
5.995235e-02
7.366677e-02
8.871770e-02
8.874418e-02
8.877065e-02
9.735968e-02
1.031612e-01
1.265814e-01
1.356604e-01
1.401645e-01
1.416275e-01
1.432119e-01
1.628303e-01
1.750703e-01
1.830248e-01
1.737949e-01
1.961118e-01
2.181536e-01
2.034376e-01
2.265869e-01
2.422568e-01
2.436523e-01
2.663455e-01
2.845567e-01
2.626025e-01
2.588912e-01
2.870971e-01
3.080244e-01
3.088459e-01
2.835595e-01
2.947165e-01
3.043459e-01
3.281770e-01
3.326928e-01
3.268586e-01
3.076316e-01
3.188436e-01
3.466024e-01
3.421280e-01
3.418772e-01
3.412920e-01
3.221412e-01
3.425606e-01
3.549458e-01
3.587119e-01
3.584550e-01
3.433242e-01
3.449361e-01
3.503229e-01
3.646080e-01
3.636639e-01
3.577549e-01
3.578069e-01
3.653630e-01
3.692932e-01
3.715276e-01
3.719463e-01
3.680729e-01
3.657234e-01
3.657233e-01
3.657233e-01
3.709898e-01
3.752763e-01
3.751624e-01
3.718477e-01
3.743372e-01
3.790588e-01
3.795024e-01
3.792816e-01
3.792415e-01
3.759371e-01
3.784722e-01
3.810752e-01
3.825631e-01
3.825820e-01
3.843629e-01
3.852532e-01
3.867164e-01
3.877892e-01
3.880766e-01
3.935064e-01
4.048800e-01
4.110097e-01
4.110402e-01
4.141802e-01
