0.000000e+00
8.517992e-71
-4.273000e-64
1.200238e-62
2.853251e-58
-4.274059e-53
1.344508e-46
-9.753040e-42
4.220025e-36
-9.651219e-30
8.504450e-24
5.307137e-06
1.450235e-05
2.642874e-05
4.275519e-05
7.895439e-05
1.590870e-04
2.436337e-04
3.634323e-04
5.043581e-04
9.786215e-04
1.287826e-03
1.766546e-03
2.819551e-03
3.776718e-03
5.625743e-03
1.064424e-02
1.293366e-02
1.530502e-02
2.227941e-02
2.782911e-02
3.137677e-02
4.220509e-02
5.523625e-02
5.499564e-02
5.475503e-02
6.228453e-02
6.785461e-02
9.037387e-02
9.938633e-02
1.041121e-01
1.056034e-01
1.068724e-01
1.284844e-01
1.423123e-01
1.514414e-01
1.396522e-01
1.662473e-01
1.931932e-01
1.737686e-01
2.030257e-01
2.230189e-01
2.238733e-01
2.541358e-01
2.790211e-01
2.475202e-01
2.421535e-01
2.809763e-01
3.105676e-01
3.110569e-01
2.742087e-01
2.897457e-01
3.032953e-01
3.375757e-01
3.435090e-01
3.341955e-01
3.057391e-01
3.215637e-01
3.618472e-01
3.543521e-01
3.538874e-01
3.528028e-01
3.240252e-01
3.539702e-01
3.720448e-01
3.770983e-01
3.762804e-01
3.526510e-01
3.548682e-01
3.628504e-01
3.830487e-01
3.814207e-01
3.719556e-01
3.718488e-01
3.827879e-01
3.882311e-01
3.911992e-01
3.914181e-01
3.851367e-01
3.810950e-01
3.808311e-01
3.808018e-01
3.883642e-01
3.941961e-01
3.936314e-01
3.880230e-01
3.915182e-01
3.974130e-01
3.977864e-01
3.971376e-01
3.966991e-01
3.912713e-01
3.948026e-01
3.981960e-01
3.994237e-01
3.990855e-01
4.008917e-01
4.014903e-01
4.025804e-01
4.032466e-01
4.034211e-01
4.063807e-01
4.125165e-01
4.150465e-01
4.150549e-01
4.161489e-01
