8.648033e-06
1.353122e-05
2.486857e-05
3.420342e-05
5.598603e-05
1.003218e-04
1.437258e-04
2.173077e-04
3.776779e-04
5.833426e-04
7.414004e-04
1.144743e-03
1.924271e-03
2.624990e-03
3.385361e-03
4.635173e-03
6.658805e-03
8.325482e-03
1.024720e-02
1.216110e-02
1.708342e-02
1.972602e-02
2.317350e-02
2.953708e-02
3.432026e-02
4.220604e-02
5.857891e-02
6.488813e-02
7.070472e-02
8.589858e-02
9.627395e-02
1.026859e-01
1.194901e-01
1.370297e-01
1.369150e-01
1.368003e-01
1.463123e-01
1.527601e-01
1.771741e-01
1.863196e-01
1.908363e-01
1.922864e-01
1.937234e-01
2.128598e-01
2.243927e-01
2.318109e-01
2.229062e-01
2.435277e-01
2.633198e-01
2.499401e-01
2.705838e-01
2.841220e-01
2.850959e-01
3.042496e-01
3.193717e-01
3.009347e-01
2.977655e-01
3.212415e-01
3.381861e-01
3.387368e-01
3.180771e-01
3.272277e-01
3.350400e-01
3.539507e-01
3.573857e-01
3.527216e-01
3.373974e-01
3.463063e-01
3.680116e-01
3.644509e-01
3.642594e-01
3.638125e-01
3.487464e-01
3.648189e-01
3.743110e-01
3.771055e-01
3.768718e-01
3.651818e-01
3.664283e-01
3.706204e-01
3.814113e-01
3.806710e-01
3.761563e-01
3.762759e-01
3.820007e-01
3.848935e-01
3.865816e-01
3.868808e-01
3.839391e-01
3.821326e-01
3.821524e-01
3.821546e-01
3.861126e-01
3.892678e-01
3.892047e-01
3.866504e-01
3.885319e-01
3.920191e-01
3.923533e-01
3.922051e-01
3.921312e-01
3.896064e-01
3.915247e-01
3.934915e-01
3.945887e-01
3.946038e-01
3.959162e-01
3.966596e-01
3.977330e-01
3.985623e-01
3.987898e-01
4.028916e-01
4.114249e-01
4.155675e-01
4.155855e-01
4.175945e-01
