0.000000e+00
2.244176e-58
-2.577494e-52
-2.015014e-50
3.411731e-46
4.062643e-41
-1.127534e-34
6.880966e-30
-7.367076e-24
8.053849e-06
1.199099e-05
2.476194e-05
5.891077e-05
9.884233e-05
1.508834e-04
2.548164e-04
4.661303e-04
6.758190e-04
9.546832e-04
1.268880e-03
2.236198e-03
2.839071e-03
3.716662e-03
5.568600e-03
7.145218e-03
1.008131e-02
1.736791e-02
2.057453e-02
2.372178e-02
3.272834e-02
3.954070e-02
4.394474e-02
5.651031e-02
7.092503e-02
7.079225e-02
7.065946e-02
7.895907e-02
8.477562e-02
1.083835e-01
1.176495e-01
1.223617e-01
1.238695e-01
1.253220e-01
1.464557e-01
1.597637e-01
1.684998e-01
1.577495e-01
1.827041e-01
2.076619e-01
1.902615e-01
2.169352e-01
2.349526e-01
2.361359e-01
2.629436e-01
2.846732e-01
2.576818e-01
2.530279e-01
2.869228e-01
3.123785e-01
3.130246e-01
2.816876e-01
2.951437e-01
3.067950e-01
3.360518e-01
3.413140e-01
3.336969e-01
3.096730e-01
3.232803e-01
3.574705e-01
3.514725e-01
3.511052e-01
3.502479e-01
3.261392e-01
3.514631e-01
3.667503e-01
3.711684e-01
3.706209e-01
3.511575e-01
3.530733e-01
3.597733e-01
3.770684e-01
3.757788e-01
3.680610e-01
3.680165e-01
3.772865e-01
3.819943e-01
3.845908e-01
3.849018e-01
3.798055e-01
3.766022e-01
3.764406e-01
3.764227e-01
3.828638e-01
3.879334e-01
3.875786e-01
3.831098e-01
3.860878e-01
3.913934e-01
3.918010e-01
3.913529e-01
3.911081e-01
3.867194e-01
3.897493e-01
3.927487e-01
3.941086e-01
3.939371e-01
3.957063e-01
3.964450e-01
3.977081e-01
3.985623e-01
3.987898e-01
4.028916e-01
4.114249e-01
4.155675e-01
4.155855e-01
4.175945e-01
