1.099342e-03
1.399132e-03
1.959788e-03
2.290174e-03
3.061119e-03
4.224438e-03
5.151516e-03
6.452598e-03
8.726661e-03
1.115290e-02
1.268410e-02
1.616179e-02
2.155210e-02
2.560723e-02
2.940323e-02
3.506922e-02
4.287292e-02
4.846946e-02
5.439068e-02
5.978545e-02
7.230592e-02
7.827868e-02
8.565787e-02
9.792580e-02
1.065469e-01
1.194582e-01
1.436228e-01
1.519454e-01
1.595278e-01
1.779060e-01
1.896866e-01
1.965632e-01
2.140639e-01
2.312905e-01
2.310796e-01
2.308688e-01
2.396520e-01
2.457107e-01
2.668213e-01
2.744874e-01
2.782572e-01
2.794572e-01
2.805633e-01
2.958457e-01
3.047457e-01
3.103783e-01
3.034931e-01
3.189737e-01
3.333194e-01
3.236399e-01
3.384399e-01
3.479217e-01
3.484670e-01
3.613677e-01
3.713929e-01
3.592089e-01
3.571398e-01
3.726193e-01
3.834659e-01
3.838183e-01
3.705975e-01
3.765526e-01
3.815918e-01
3.933914e-01
3.954897e-01
3.926373e-01
3.831122e-01
3.887082e-01
4.020638e-01
3.999184e-01
3.998189e-01
3.995867e-01
3.903627e-01
4.002897e-01
4.060071e-01
4.076700e-01
4.075514e-01
4.005995e-01
4.013750e-01
4.039414e-01
4.103848e-01
4.099427e-01
4.073209e-01
4.074924e-01
4.109209e-01
4.125906e-01
4.136416e-01
4.138482e-01
4.121384e-01
4.110951e-01
4.111717e-01
4.111801e-01
4.135251e-01
4.153441e-01
4.153725e-01
4.138835e-01
4.150242e-01
4.171371e-01
4.173702e-01
4.173320e-01
4.172734e-01
4.158042e-01
4.169815e-01
4.182145e-01
4.189509e-01
4.190132e-01
4.198524e-01
4.204905e-01
4.212365e-01
4.218816e-01
4.220631e-01
4.251607e-01
4.315816e-01
4.342221e-01
4.342310e-01
4.353781e-01
