0.000000e+00
-1.770758e-82
-1.261960e-75
-9.879778e-74
7.572812e-70
2.270035e-64
1.726887e-58
-1.172516e-53
-8.189354e-48
-2.827260e-41
1.699765e-35
3.377310e-30
-2.811113e-25
2.801322e-06
5.109703e-06
1.078786e-05
2.550146e-05
4.324266e-05
7.069025e-05
1.059222e-04
2.375074e-04
3.333596e-04
4.901076e-04
8.720746e-04
1.242357e-03
2.029034e-03
4.392373e-03
5.589211e-03
6.840065e-03
1.078403e-02
1.410876e-02
1.637562e-02
2.341185e-02
3.233844e-02
3.223751e-02
3.213657e-02
3.761452e-02
4.160978e-02
5.899164e-02
6.619115e-02
6.997242e-02
7.118034e-02
7.232823e-02
9.023041e-02
1.020556e-01
1.100205e-01
1.001076e-01
1.234120e-01
1.477854e-01
1.304123e-01
1.570868e-01
1.757975e-01
1.769752e-01
2.061672e-01
2.305391e-01
2.000040e-01
1.947960e-01
2.328402e-01
2.626610e-01
2.633131e-01
2.265310e-01
2.420817e-01
2.556603e-01
2.908665e-01
2.972047e-01
2.877338e-01
2.586023e-01
2.748616e-01
3.169526e-01
3.092591e-01
3.087635e-01
3.076068e-01
2.777720e-01
3.089151e-01
3.281769e-01
3.337569e-01
3.329322e-01
3.080459e-01
3.104042e-01
3.187771e-01
3.406148e-01
3.389115e-01
3.288327e-01
3.286736e-01
3.404614e-01
3.464766e-01
3.497645e-01
3.500288e-01
3.433009e-01
3.390539e-01
3.387452e-01
3.387109e-01
3.469560e-01
3.534181e-01
3.528387e-01
3.468897e-01
3.506764e-01
3.572793e-01
3.577240e-01
3.570271e-01
3.566441e-01
3.508210e-01
3.546641e-01
3.584055e-01
3.598981e-01
3.595623e-01
3.616191e-01
3.623025e-01
3.636333e-01
3.644425e-01
3.646525e-01
3.683992e-01
3.761941e-01
3.799906e-01
3.800067e-01
3.818436e-01
