0.000000e+00
1.353185e-52
-3.344164e-47
-1.330686e-44
-2.878828e-41
2.520260e-35
-2.785660e-30
-7.092428e-25
5.830270e-06
1.196227e-05
1.760997e-05
3.476071e-05
7.868121e-05
1.284153e-04
1.929472e-04
3.154179e-04
5.582378e-04
7.973609e-04
1.107251e-03
1.454256e-03
2.479031e-03
3.116456e-03
4.021075e-03
5.909952e-03
7.481607e-03
1.040553e-02
1.741485e-02
2.052058e-02
2.348506e-02
3.187550e-02
3.813852e-02
4.234694e-02
5.371519e-02
6.657374e-02
6.657910e-02
6.658446e-02
7.405821e-02
7.917124e-02
1.002299e-01
1.085198e-01
1.126744e-01
1.140213e-01
1.154595e-01
1.338873e-01
1.455422e-01
1.531683e-01
1.442219e-01
1.657939e-01
1.874135e-01
1.728255e-01
1.957088e-01
2.113393e-01
2.126807e-01
2.356858e-01
2.543073e-01
2.317055e-01
2.278717e-01
2.567630e-01
2.784721e-01
2.792667e-01
2.529313e-01
2.644283e-01
2.743947e-01
2.993447e-01
3.040476e-01
2.978195e-01
2.775868e-01
2.892780e-01
3.185087e-01
3.136781e-01
3.133952e-01
3.127353e-01
2.924513e-01
3.139659e-01
3.270970e-01
3.310557e-01
3.307307e-01
3.144978e-01
3.161810e-01
3.218825e-01
3.369835e-01
3.359497e-01
3.295590e-01
3.295611e-01
3.375856e-01
3.417509e-01
3.440847e-01
3.444752e-01
3.402664e-01
3.376904e-01
3.376338e-01
3.376276e-01
3.432261e-01
3.477505e-01
3.475589e-01
3.439413e-01
3.465623e-01
3.514673e-01
3.519036e-01
3.516189e-01
3.515285e-01
3.479256e-01
3.505947e-01
3.533072e-01
3.547642e-01
3.547259e-01
3.565035e-01
3.573342e-01
3.587537e-01
3.597581e-01
3.600275e-01
3.650591e-01
3.756046e-01
3.813061e-01
3.813347e-01
3.842466e-01
