8.210018e-04
1.055982e-03
1.493460e-03
1.754296e-03
2.362949e-03
3.287020e-03
4.030655e-03
5.085497e-03
6.948449e-03
8.913893e-03
1.021745e-02
1.306823e-02
1.753686e-02
2.091769e-02
2.417186e-02
2.889106e-02
3.548183e-02
4.029199e-02
4.535030e-02
5.000226e-02
6.064351e-02
6.583755e-02
7.214412e-02
8.281674e-02
9.021592e-02
1.015190e-01
1.224210e-01
1.298463e-01
1.363836e-01
1.524623e-01
1.627567e-01
1.690100e-01
1.843134e-01
1.993435e-01
1.993016e-01
1.992598e-01
2.071235e-01
2.123672e-01
2.312184e-01
2.381327e-01
2.414846e-01
2.425686e-01
2.437047e-01
2.572396e-01
2.651916e-01
2.702768e-01
2.644597e-01
2.782094e-01
2.910854e-01
2.827380e-01
2.959019e-01
3.044782e-01
3.052114e-01
3.168309e-01
3.258713e-01
3.152173e-01
3.134555e-01
3.273325e-01
3.371202e-01
3.375712e-01
3.259142e-01
3.313010e-01
3.358768e-01
3.465613e-01
3.485861e-01
3.461567e-01
3.377229e-01
3.428434e-01
3.550120e-01
3.532263e-01
3.531594e-01
3.530032e-01
3.448372e-01
3.538206e-01
3.590683e-01
3.606907e-01
3.606636e-01
3.546005e-01
3.553475e-01
3.576805e-01
3.637637e-01
3.634036e-01
3.611498e-01
3.613707e-01
3.645538e-01
3.661742e-01
3.672097e-01
3.674817e-01
3.660274e-01
3.651873e-01
3.653244e-01
3.653396e-01
3.675362e-01
3.693403e-01
3.694681e-01
3.682262e-01
3.693319e-01
3.715201e-01
3.717876e-01
3.718338e-01
3.718643e-01
3.706229e-01
3.717516e-01
3.729852e-01
3.738610e-01
3.739853e-01
3.749453e-01
3.756618e-01
3.765623e-01
3.773330e-01
3.775485e-01
3.814290e-01
3.895099e-01
3.934351e-01
3.934522e-01
3.953522e-01
