0.000000e+00
-1.646270e-77
-1.072532e-69
-2.502990e-68
3.667663e-64
1.395511e-58
7.911919e-54
-8.691832e-48
7.746379e-42
3.032774e-36
-3.315680e-30
1.408792e-24
2.755384e-06
5.461104e-06
9.622956e-06
1.913469e-05
4.246929e-05
6.976462e-05
1.102626e-04
1.611395e-04
3.395274e-04
4.667520e-04
6.670932e-04
1.141904e-03
1.585407e-03
2.511934e-03
5.143587e-03
6.461457e-03
7.795061e-03
1.190746e-02
1.528474e-02
1.765621e-02
2.458787e-02
3.315483e-02
3.313886e-02
3.312288e-02
3.839095e-02
4.212357e-02
5.847601e-02
6.522276e-02
6.869999e-02
6.982437e-02
7.100222e-02
8.723226e-02
9.792892e-02
1.050842e-01
9.658404e-02
1.172679e-01
1.388562e-01
1.239241e-01
1.472954e-01
1.637580e-01
1.650944e-01
1.904383e-01
2.114751e-01
1.856181e-01
1.812526e-01
2.139819e-01
2.395102e-01
2.403317e-01
2.091863e-01
2.224534e-01
2.341437e-01
2.642691e-01
2.699541e-01
2.621157e-01
2.374641e-01
2.514546e-01
2.874099e-01
2.811665e-01
2.807721e-01
2.798518e-01
2.546723e-01
2.811271e-01
2.976095e-01
3.025419e-01
3.019847e-01
2.811857e-01
2.829797e-01
2.896634e-01
3.092898e-01
3.079094e-01
2.995493e-01
2.994060e-01
3.095562e-01
3.148351e-01
3.177173e-01
3.180933e-01
3.125090e-01
3.090466e-01
3.088736e-01
3.088544e-01
3.159541e-01
3.216408e-01
3.212271e-01
3.163898e-01
3.196675e-01
3.256624e-01
3.261271e-01
3.256165e-01
3.254015e-01
3.206032e-01
3.239532e-01
3.272759e-01
3.288344e-01
3.286592e-01
3.306624e-01
3.314389e-01
3.329076e-01
3.338650e-01
3.341147e-01
3.387798e-01
3.485625e-01
3.538534e-01
3.538792e-01
3.565764e-01
