0.000000e+00
3.641896e-83
1.006654e-76
1.744507e-75
5.362661e-71
-1.266323e-64
5.141767e-59
-1.384588e-53
7.248538e-48
2.817731e-41
2.098257e-36
-3.722437e-30
-8.813028e-25
8.949497e-07
1.711797e-06
3.843346e-06
9.743725e-06
1.723534e-05
2.931894e-05
4.538156e-05
1.087305e-04
1.568033e-04
2.380693e-04
4.438716e-04
6.507147e-04
1.105872e-03
2.548580e-03
3.306370e-03
4.113430e-03
6.723788e-03
8.991476e-03
1.055735e-02
1.553960e-02
2.204086e-02
2.195962e-02
2.187837e-02
2.592975e-02
2.892950e-02
4.218296e-02
4.775603e-02
5.071448e-02
5.165834e-02
5.254551e-02
6.674509e-02
7.624942e-02
8.269614e-02
7.463146e-02
9.363102e-02
1.137321e-01
9.930395e-02
1.214588e-01
1.371764e-01
1.381335e-01
1.629642e-01
1.838675e-01
1.576035e-01
1.531705e-01
1.857901e-01
2.116664e-01
2.122140e-01
1.802697e-01
1.936209e-01
2.054345e-01
2.362879e-01
2.418788e-01
2.334661e-01
2.079541e-01
2.221475e-01
2.591734e-01
2.523271e-01
2.518886e-01
2.508655e-01
2.245929e-01
2.519817e-01
2.690224e-01
2.739242e-01
2.731946e-01
2.510915e-01
2.531735e-01
2.605906e-01
2.799159e-01
2.783849e-01
2.694255e-01
2.692604e-01
2.797288e-01
2.850675e-01
2.879536e-01
2.881986e-01
2.821780e-01
2.783695e-01
2.780868e-01
2.780553e-01
2.853805e-01
2.911119e-01
2.905612e-01
2.852431e-01
2.886015e-01
2.944486e-01
2.948366e-01
2.942056e-01
2.938329e-01
2.886206e-01
2.920364e-01
2.953476e-01
2.966209e-01
2.963029e-01
2.980891e-01
2.986725e-01
2.998036e-01
3.004812e-01
3.006574e-01
3.037304e-01
3.101404e-01
3.132840e-01
3.132969e-01
3.147993e-01
