0.000000e+00
1.937886e-59
2.271622e-53
3.066893e-52
-1.764025e-49
6.417947e-42
-1.883730e-36
4.895714e-31
-2.859589e-25
5.192302e-07
8.328108e-07
2.037307e-06
5.902110e-06
1.113818e-05
1.852096e-05
3.545521e-05
7.441080e-05
1.167871e-04
1.782930e-04
2.521381e-04
5.084673e-04
6.796859e-04
9.498485e-04
1.557181e-03
2.120929e-03
3.231952e-03
6.339682e-03
7.788105e-03
9.304251e-03
1.382692e-02
1.748774e-02
1.984619e-02
2.713916e-02
3.605487e-02
3.588553e-02
3.571619e-02
4.091275e-02
4.478763e-02
6.059422e-02
6.697417e-02
7.033877e-02
7.139989e-02
7.229798e-02
8.780020e-02
9.779190e-02
1.044154e-01
9.584654e-02
1.152112e-01
1.349623e-01
1.206761e-01
1.422035e-01
1.570093e-01
1.576258e-01
1.801877e-01
1.988333e-01
1.752088e-01
1.712002e-01
2.002720e-01
2.225874e-01
2.229469e-01
1.951604e-01
2.068406e-01
2.170562e-01
2.430142e-01
2.475123e-01
2.404227e-01
2.188618e-01
2.308264e-01
2.614255e-01
2.557023e-01
2.553462e-01
2.545152e-01
2.326461e-01
2.553907e-01
2.691629e-01
2.730055e-01
2.723734e-01
2.543419e-01
2.560279e-01
2.621076e-01
2.774854e-01
2.762329e-01
2.690033e-01
2.689259e-01
2.772758e-01
2.814163e-01
2.836868e-01
2.838437e-01
2.790262e-01
2.759294e-01
2.757311e-01
2.757091e-01
2.814817e-01
2.859101e-01
2.854767e-01
2.811795e-01
2.838458e-01
2.883343e-01
2.886226e-01
2.881254e-01
2.877737e-01
2.836132e-01
2.863081e-01
2.888874e-01
2.897922e-01
2.895273e-01
2.908616e-01
2.913367e-01
2.921374e-01
2.926347e-01
2.927663e-01
2.948909e-01
2.993178e-01
3.011748e-01
3.011801e-01
3.019601e-01
