2.351572e-03
2.871949e-03
3.787092e-03
4.287820e-03
5.456254e-03
7.097461e-03
8.351104e-03
1.004611e-02
1.287717e-02
1.571901e-02
1.752376e-02
2.132531e-02
2.695900e-02
3.103256e-02
3.482211e-02
4.015441e-02
4.730721e-02
5.236083e-02
5.755241e-02
6.222679e-02
7.259696e-02
7.753628e-02
8.341993e-02
9.308469e-02
9.973466e-02
1.096262e-01
1.273657e-01
1.335431e-01
1.389144e-01
1.518915e-01
1.600733e-01
1.650369e-01
1.769171e-01
1.884047e-01
1.883889e-01
1.883731e-01
1.943257e-01
1.982987e-01
2.123041e-01
2.174352e-01
2.199151e-01
2.207193e-01
2.215806e-01
2.314093e-01
2.371528e-01
2.408316e-01
2.367283e-01
2.465623e-01
2.557123e-01
2.498988e-01
2.591985e-01
2.652772e-01
2.658344e-01
2.739398e-01
2.802298e-01
2.729583e-01
2.717867e-01
2.813776e-01
2.881107e-01
2.884705e-01
2.805657e-01
2.842988e-01
2.874703e-01
2.947635e-01
2.961855e-01
2.945972e-01
2.889243e-01
2.924510e-01
3.007576e-01
2.996148e-01
2.995852e-01
2.995162e-01
2.940521e-01
3.001710e-01
3.037425e-01
3.048713e-01
3.048949e-01
3.009242e-01
3.014553e-01
3.030507e-01
3.072294e-01
3.070004e-01
3.055598e-01
3.057774e-01
3.079606e-01
3.090555e-01
3.098141e-01
3.100450e-01
3.091104e-01
3.085973e-01
3.087413e-01
3.087573e-01
3.102676e-01
3.115079e-01
3.116557e-01
3.108742e-01
3.116537e-01
3.132527e-01
3.134779e-01
3.135540e-01
3.135989e-01
3.128008e-01
3.136036e-01
3.144994e-01
3.151941e-01
3.153298e-01
3.160520e-01
3.166833e-01
3.174100e-01
3.180633e-01
3.182487e-01
3.215068e-01
3.282988e-01
3.316227e-01
3.316365e-01
3.332301e-01
