2.309673e-05
3.418486e-05
5.878854e-05
7.743433e-05
1.209437e-04
2.035626e-04
2.803799e-04
4.042329e-04
6.590087e-04
9.759300e-04
1.200422e-03
1.775092e-03
2.825389e-03
3.730727e-03
4.660864e-03
6.192559e-03
8.562983e-03
1.043230e-02
1.255759e-02
1.461910e-02
1.986553e-02
2.256479e-02
2.609625e-02
3.237529e-02
3.708396e-02
4.457076e-02
5.993770e-02
6.558501e-02
7.092520e-02
8.448414e-02
9.365179e-02
9.908050e-02
1.136485e-01
1.287161e-01
1.284848e-01
1.282534e-01
1.361654e-01
1.416975e-01
1.617497e-01
1.691806e-01
1.728956e-01
1.740714e-01
1.751001e-01
1.906845e-01
1.999547e-01
2.058582e-01
1.984105e-01
2.149656e-01
2.306293e-01
2.197592e-01
2.361649e-01
2.467773e-01
2.472816e-01
2.621744e-01
2.739016e-01
2.593440e-01
2.568319e-01
2.750492e-01
2.880668e-01
2.883781e-01
2.722884e-01
2.793377e-01
2.853391e-01
2.997368e-01
3.022282e-01
2.985628e-01
2.867543e-01
2.935070e-01
3.099193e-01
3.070969e-01
3.069404e-01
3.065754e-01
2.950101e-01
3.072339e-01
3.143364e-01
3.163382e-01
3.161024e-01
3.071259e-01
3.080410e-01
3.112156e-01
3.191279e-01
3.185344e-01
3.150721e-01
3.151609e-01
3.194089e-01
3.214747e-01
3.226973e-01
3.228624e-01
3.205896e-01
3.191574e-01
3.191568e-01
3.191568e-01
3.220629e-01
3.242828e-01
3.241959e-01
3.221949e-01
3.235662e-01
3.259901e-01
3.262093e-01
3.260649e-01
3.259336e-01
3.239795e-01
3.253833e-01
3.267828e-01
3.274522e-01
3.274258e-01
3.282547e-01
3.287820e-01
3.294342e-01
3.299571e-01
3.301033e-01
3.325099e-01
3.375164e-01
3.396024e-01
3.396088e-01
3.404957e-01
