0.000000e+00
-3.260773e-48
1.282468e-41
8.250840e-41
4.175944e-36
-1.765692e-30
1.179379e-24
6.978993e-07
1.913546e-06
4.059259e-06
6.076759e-06
1.303568e-05
3.229722e-05
5.552047e-05
8.568324e-05
1.490833e-04
2.805565e-04
4.121283e-04
5.912664e-04
7.947200e-04
1.445426e-03
1.851753e-03
2.462053e-03
3.752142e-03
4.885232e-03
6.995597e-03
1.243662e-02
1.482180e-02
1.725480e-02
2.421243e-02
2.958731e-02
3.296903e-02
4.306361e-02
5.487831e-02
5.466326e-02
5.444822e-02
6.114733e-02
6.605934e-02
8.548994e-02
9.315992e-02
9.717210e-02
9.843335e-02
9.946748e-02
1.174116e-01
1.287360e-01
1.361574e-01
1.265874e-01
1.480733e-01
1.695626e-01
1.541432e-01
1.773387e-01
1.930157e-01
1.936774e-01
2.170869e-01
2.361848e-01
2.120565e-01
2.079302e-01
2.377106e-01
2.601403e-01
2.605256e-01
2.325988e-01
2.444376e-01
2.547163e-01
2.804829e-01
2.849268e-01
2.779856e-01
2.566161e-01
2.685358e-01
2.986376e-01
2.930911e-01
2.927502e-01
2.919549e-01
2.704692e-01
2.928602e-01
3.062759e-01
3.100162e-01
3.094259e-01
2.919466e-01
2.936004e-01
2.995387e-01
3.144943e-01
3.132954e-01
3.063361e-01
3.062887e-01
3.143846e-01
3.183870e-01
3.205971e-01
3.207713e-01
3.161592e-01
3.131968e-01
3.130277e-01
3.130089e-01
3.185901e-01
3.228721e-01
3.224856e-01
3.183790e-01
3.209614e-01
3.253361e-01
3.256309e-01
3.251763e-01
3.248529e-01
3.208745e-01
3.234876e-01
3.260065e-01
3.269383e-01
3.267095e-01
3.280478e-01
3.285679e-01
3.294095e-01
3.299571e-01
3.301033e-01
3.325099e-01
3.375164e-01
3.396024e-01
3.396088e-01
3.404957e-01
