0.000000e+00
-7.768072e-71
5.934793e-66
1.154661e-62
2.861031e-58
5.269183e-53
-8.219285e-47
-3.962873e-42
3.411872e-36
-9.256791e-30
8.304119e-25
2.756820e-06
7.891694e-06
1.478552e-05
2.444838e-05
4.644750e-05
9.664511e-05
1.509086e-04
2.292608e-04
3.229327e-04
6.458963e-04
8.605646e-04
1.197855e-03
1.952808e-03
2.650385e-03
4.019787e-03
7.825626e-03
9.592063e-03
1.143636e-02
1.692402e-02
2.135006e-02
2.419780e-02
3.297882e-02
4.367845e-02
4.348115e-02
4.328384e-02
4.950536e-02
5.413943e-02
7.302015e-02
8.062676e-02
8.463355e-02
8.589750e-02
8.696967e-02
1.054047e-01
1.172701e-01
1.251295e-01
1.149683e-01
1.379285e-01
1.613183e-01
1.444124e-01
1.698847e-01
1.873807e-01
1.881146e-01
2.147427e-01
2.367242e-01
2.088814e-01
2.041508e-01
2.384277e-01
2.647027e-01
2.651344e-01
2.324148e-01
2.461769e-01
2.582000e-01
2.887510e-01
2.941258e-01
2.857065e-01
2.603412e-01
2.744251e-01
3.104075e-01
3.036865e-01
3.032674e-01
3.022893e-01
2.765761e-01
3.033242e-01
3.195100e-01
3.240315e-01
3.232911e-01
3.021034e-01
3.040856e-01
3.112308e-01
3.293187e-01
3.278516e-01
3.193518e-01
3.192544e-01
3.290653e-01
3.339403e-01
3.366063e-01
3.367928e-01
3.311387e-01
3.275024e-01
3.272641e-01
3.272376e-01
3.340226e-01
3.392451e-01
3.387314e-01
3.336845e-01
3.368191e-01
3.420976e-01
3.424326e-01
3.418436e-01
3.414389e-01
3.365554e-01
3.397219e-01
3.427584e-01
3.438360e-01
3.435251e-01
3.451167e-01
3.456527e-01
3.466054e-01
3.471884e-01
3.473412e-01
3.498778e-01
3.551507e-01
3.573412e-01
3.573481e-01
3.582840e-01
