0.000000e+00
9.374042e-71
4.890217e-64
-1.044513e-63
-4.293881e-59
1.895601e-52
3.228701e-48
-1.096656e-41
3.106244e-36
8.960967e-30
-5.951823e-24
1.997011e-06
5.852444e-06
1.111799e-05
1.875159e-05
3.594056e-05
7.598285e-05
1.202964e-04
1.845184e-04
2.623538e-04
5.298182e-04
7.116515e-04
9.947232e-04
1.641282e-03
2.234596e-03
3.422502e-03
6.709013e-03
8.272232e-03
9.865776e-03
1.467592e-02
1.854621e-02
2.111787e-02
2.883235e-02
3.820495e-02
3.809983e-02
3.799471e-02
4.357619e-02
4.759273e-02
6.448667e-02
7.132225e-02
7.487052e-02
7.600305e-02
7.707158e-02
9.346657e-02
1.040699e-01
1.111280e-01
1.023476e-01
1.228046e-01
1.437877e-01
1.289427e-01
1.516844e-01
1.673804e-01
1.683512e-01
1.923376e-01
2.121156e-01
1.873886e-01
1.831639e-01
2.140241e-01
2.377722e-01
2.383150e-01
2.090144e-01
2.214320e-01
2.322901e-01
2.600333e-01
2.650238e-01
2.576283e-01
2.347535e-01
2.475887e-01
2.803924e-01
2.744765e-01
2.741052e-01
2.732389e-01
2.500153e-01
2.743092e-01
2.891636e-01
2.934320e-01
2.928433e-01
2.737352e-01
2.755724e-01
2.820667e-01
2.988641e-01
2.975678e-01
2.899134e-01
2.898238e-01
2.988797e-01
3.034733e-01
3.059861e-01
3.062390e-01
3.011419e-01
2.979243e-01
2.977238e-01
2.977016e-01
3.040091e-01
3.089455e-01
3.085326e-01
3.040459e-01
3.069492e-01
3.120499e-01
3.124164e-01
3.119245e-01
3.116367e-01
3.072357e-01
3.101888e-01
3.130738e-01
3.142689e-01
3.140452e-01
3.156600e-01
3.162770e-01
3.173628e-01
3.180633e-01
3.182487e-01
3.215068e-01
3.282988e-01
3.316227e-01
3.316365e-01
3.332301e-01
