0.000000e+00
-2.779681e-83
8.042430e-77
2.361129e-74
-2.115350e-70
9.614263e-65
-2.952043e-59
1.592072e-53
-1.039973e-47
-6.109663e-43
2.891716e-36
1.982937e-30
-1.252080e-24
7.781584e-07
1.508251e-06
3.375466e-06
8.585153e-06
1.533343e-05
2.619257e-05
4.081084e-05
9.771527e-05
1.417207e-04
2.155090e-04
4.044207e-04
5.934635e-04
1.016909e-03
2.350503e-03
3.068669e-03
3.820821e-03
6.263207e-03
8.387763e-03
9.919562e-03
1.461340e-02
2.073411e-02
2.071360e-02
2.069310e-02
2.458429e-02
2.740514e-02
4.020990e-02
4.564711e-02
4.850144e-02
4.942325e-02
5.037977e-02
6.408592e-02
7.335168e-02
7.963569e-02
7.207328e-02
9.052601e-02
1.101969e-01
9.641214e-02
1.179933e-01
1.334944e-01
1.347305e-01
1.592211e-01
1.798754e-01
1.543521e-01
1.500770e-01
1.822267e-01
2.078770e-01
2.086503e-01
1.773050e-01
1.905176e-01
2.022367e-01
2.329914e-01
2.388007e-01
2.306351e-01
2.053919e-01
2.196036e-01
2.567067e-01
2.501155e-01
2.496921e-01
2.487039e-01
2.226353e-01
2.499350e-01
2.671470e-01
2.722743e-01
2.716677e-01
2.497376e-01
2.518573e-01
2.592714e-01
2.790630e-01
2.775795e-01
2.686989e-01
2.684959e-01
2.791572e-01
2.847056e-01
2.877113e-01
2.880574e-01
2.820777e-01
2.783606e-01
2.781134e-01
2.780859e-01
2.855808e-01
2.915509e-01
2.910500e-01
2.858489e-01
2.892869e-01
2.955136e-01
2.959695e-01
2.953767e-01
2.951067e-01
2.899517e-01
2.934693e-01
2.969278e-01
2.984521e-01
2.982135e-01
3.002261e-01
3.009385e-01
3.023541e-01
3.032379e-01
3.034662e-01
3.076947e-01
3.165683e-01
3.213795e-01
3.214026e-01
3.238468e-01
