0.000000e+00
5.755196e-77
2.481822e-70
-5.668855e-69
-2.081607e-64
-1.437517e-58
2.149272e-53
-1.087013e-47
-3.594331e-42
1.060884e-36
1.816537e-30
5.581853e-25
1.017443e-06
2.144503e-06
3.935296e-06
8.383542e-06
2.001208e-05
3.412646e-05
5.609514e-05
8.442161e-05
1.910989e-04
2.691866e-04
3.975919e-04
7.118415e-04
1.018258e-03
1.671829e-03
3.651208e-03
4.657610e-03
5.713693e-03
9.052550e-03
1.188027e-02
1.380841e-02
1.982275e-02
2.748535e-02
2.739396e-02
2.730257e-02
3.200809e-02
3.545716e-02
5.045725e-02
5.668337e-02
5.996269e-02
6.100943e-02
6.199745e-02
7.754336e-02
8.783028e-02
9.476718e-02
8.611051e-02
1.064375e-01
1.277180e-01
1.125160e-01
1.358369e-01
1.522103e-01
1.532364e-01
1.788552e-01
2.002688e-01
1.734067e-01
1.688508e-01
2.022706e-01
2.285120e-01
2.290829e-01
1.966916e-01
2.102902e-01
2.222739e-01
2.533554e-01
2.589757e-01
2.505641e-01
2.248861e-01
2.392100e-01
2.763249e-01
2.695183e-01
2.690845e-01
2.680720e-01
2.417521e-01
2.692155e-01
2.862079e-01
2.910942e-01
2.903844e-01
2.684002e-01
2.704832e-01
2.778878e-01
2.971418e-01
2.956303e-01
2.867510e-01
2.866002e-01
2.970119e-01
3.023154e-01
3.051885e-01
3.054460e-01
2.994997e-01
2.957385e-01
2.954694e-01
2.954395e-01
3.027140e-01
3.084101e-01
3.078819e-01
3.026326e-01
3.059703e-01
3.117976e-01
3.121930e-01
3.115824e-01
3.112257e-01
3.060806e-01
3.094769e-01
3.127750e-01
3.140754e-01
3.137739e-01
3.155789e-01
3.161898e-01
3.173526e-01
3.180633e-01
3.182487e-01
3.215068e-01
3.282988e-01
3.316227e-01
3.316365e-01
3.332301e-01
