1.064505e-04
1.495197e-04
2.372450e-04
2.973214e-04
4.375079e-04
6.802879e-04
8.944412e-04
1.222532e-03
1.862162e-03
2.589543e-03
3.127716e-03
4.333456e-03
6.416971e-03
8.126690e-03
9.903169e-03
1.254397e-02
1.651644e-02
1.963649e-02
2.302178e-02
2.628377e-02
3.398016e-02
3.798700e-02
4.294428e-02
5.173719e-02
5.800286e-02
6.807991e-02
8.743170e-02
9.477100e-02
1.011957e-01
1.174775e-01
1.282047e-01
1.351143e-01
1.516699e-01
1.683492e-01
1.684509e-01
1.685526e-01
1.775976e-01
1.835490e-01
2.059490e-01
2.143261e-01
2.183772e-01
2.197026e-01
2.212135e-01
2.377970e-01
2.477653e-01
2.541755e-01
2.471279e-01
2.644709e-01
2.810343e-01
2.705113e-01
2.874488e-01
2.987144e-01
2.998738e-01
3.153382e-01
3.274621e-01
3.133730e-01
3.110767e-01
3.296545e-01
3.429752e-01
3.436869e-01
3.279781e-01
3.352586e-01
3.414741e-01
3.562102e-01
3.591118e-01
3.558218e-01
3.442731e-01
3.513433e-01
3.682829e-01
3.658702e-01
3.657794e-01
3.655675e-01
3.542929e-01
3.667048e-01
3.741208e-01
3.764870e-01
3.764949e-01
3.680354e-01
3.690875e-01
3.723399e-01
3.810690e-01
3.805895e-01
3.774109e-01
3.776576e-01
3.821955e-01
3.845734e-01
3.860530e-01
3.864710e-01
3.844332e-01
3.832726e-01
3.834493e-01
3.834689e-01
3.866291e-01
3.893104e-01
3.894706e-01
3.877645e-01
3.893530e-01
3.925597e-01
3.929497e-01
3.930018e-01
3.931077e-01
3.913823e-01
3.929881e-01
3.947459e-01
3.960392e-01
3.962218e-01
3.976536e-01
3.985762e-01
3.999026e-01
4.009851e-01
4.012813e-01
4.068964e-01
4.186548e-01
4.249853e-01
4.250168e-01
4.282623e-01
