0.000000e+00
-5.025238e-37
-2.603857e-31
-4.131659e-29
-2.267477e-24
8.413500e-07
1.461922e-06
2.771013e-06
6.503981e-06
1.254643e-05
1.824999e-05
3.540157e-05
7.841580e-05
1.263160e-04
1.875166e-04
3.027582e-04
5.277024e-04
7.460393e-04
1.026767e-03
1.338172e-03
2.249868e-03
2.810017e-03
3.601392e-03
5.236212e-03
6.588497e-03
9.077910e-03
1.499138e-02
1.758011e-02
2.005170e-02
2.699801e-02
3.215461e-02
3.558736e-02
4.487096e-02
5.532059e-02
5.530947e-02
5.529835e-02
6.132789e-02
6.547107e-02
8.235401e-02
8.898046e-02
9.230572e-02
9.338146e-02
9.451243e-02
1.092009e-01
1.184554e-01
1.245079e-01
1.173691e-01
1.344756e-01
1.515620e-01
1.400070e-01
1.580893e-01
1.704129e-01
1.714282e-01
1.895042e-01
2.041218e-01
1.863612e-01
1.833543e-01
2.060232e-01
2.230112e-01
2.236192e-01
2.029970e-01
2.120117e-01
2.198218e-01
2.392990e-01
2.429497e-01
2.380836e-01
2.222897e-01
2.314204e-01
2.542079e-01
2.504373e-01
2.502208e-01
2.497156e-01
2.339022e-01
2.506948e-01
2.609039e-01
2.639678e-01
2.637158e-01
2.510988e-01
2.524141e-01
2.568630e-01
2.685834e-01
2.677764e-01
2.628264e-01
2.628568e-01
2.690925e-01
2.723062e-01
2.741326e-01
2.744425e-01
2.711773e-01
2.691793e-01
2.691579e-01
2.691556e-01
2.735009e-01
2.769953e-01
2.768671e-01
2.740558e-01
2.761011e-01
2.799248e-01
2.802727e-01
2.800617e-01
2.799878e-01
2.771939e-01
2.792755e-01
2.813870e-01
2.825182e-01
2.824988e-01
2.838713e-01
2.845655e-01
2.856693e-01
2.864749e-01
2.866916e-01
2.906809e-01
2.990555e-01
3.036036e-01
3.036253e-01
3.059310e-01
