3.731604e-04
4.924962e-04
7.215788e-04
8.641619e-04
1.196875e-03
1.722546e-03
2.156788e-03
2.787196e-03
3.931309e-03
5.173333e-03
6.009596e-03
7.884347e-03
1.090430e-02
1.324314e-02
1.552457e-02
1.890026e-02
2.370381e-02
2.726121e-02
3.105242e-02
3.457318e-02
4.277015e-02
4.683789e-02
5.178548e-02
6.027643e-02
6.623696e-02
7.541885e-02
9.269770e-02
9.888447e-02
1.043909e-01
1.180163e-01
1.268059e-01
1.321642e-01
1.454118e-01
1.585389e-01
1.584822e-01
1.584254e-01
1.653081e-01
1.699282e-01
1.865949e-01
1.927217e-01
1.957056e-01
1.966677e-01
1.976536e-01
2.097849e-01
2.169326e-01
2.215019e-01
2.161991e-01
2.286265e-01
2.402892e-01
2.326489e-01
2.446246e-01
2.524195e-01
2.530432e-01
2.636762e-01
2.719667e-01
2.621185e-01
2.604726e-01
2.732250e-01
2.822442e-01
2.826291e-01
2.718235e-01
2.767725e-01
2.809761e-01
2.908473e-01
2.926947e-01
2.904083e-01
2.825665e-01
2.872807e-01
2.985261e-01
2.968336e-01
2.967646e-01
2.966038e-01
2.889940e-01
2.973065e-01
3.021630e-01
3.036402e-01
3.035972e-01
2.979052e-01
2.985854e-01
3.007466e-01
3.063343e-01
3.059886e-01
3.038612e-01
3.040457e-01
3.069863e-01
3.084610e-01
3.094048e-01
3.096401e-01
3.082578e-01
3.074489e-01
3.075560e-01
3.075679e-01
3.095980e-01
3.112358e-01
3.113251e-01
3.101459e-01
3.111540e-01
3.131250e-01
3.133635e-01
3.133835e-01
3.133900e-01
3.122086e-01
3.132407e-01
3.143502e-01
3.150974e-01
3.151935e-01
3.160106e-01
3.166386e-01
3.174053e-01
3.180633e-01
3.182487e-01
3.215068e-01
3.282988e-01
3.316227e-01
3.316365e-01
3.332301e-01
