1.552587e-04
2.085251e-04
3.122803e-04
3.785273e-04
5.331127e-04
7.843073e-04
9.963317e-04
1.308567e-03
1.888395e-03
2.524775e-03
2.971265e-03
3.959060e-03
5.586034e-03
6.871520e-03
8.157780e-03
1.004709e-02
1.278964e-02
1.487166e-02
1.709711e-02
1.919413e-02
2.406889e-02
2.653244e-02
2.955685e-02
3.479205e-02
3.848166e-02
4.427658e-02
5.521034e-02
5.924499e-02
6.278955e-02
7.158696e-02
7.736496e-02
8.099414e-02
8.971564e-02
9.841195e-02
9.843591e-02
9.845987e-02
1.030980e-01
1.061854e-01
1.175149e-01
1.217375e-01
1.237841e-01
1.244510e-01
1.251913e-01
1.334721e-01
1.384121e-01
1.415825e-01
1.380695e-01
1.466280e-01
1.547403e-01
1.495883e-01
1.578738e-01
1.633798e-01
1.639099e-01
1.713732e-01
1.772189e-01
1.704808e-01
1.693695e-01
1.782911e-01
1.846555e-01
1.850020e-01
1.775187e-01
1.810250e-01
1.840044e-01
1.909936e-01
1.923703e-01
1.908347e-01
1.853871e-01
1.887556e-01
1.967672e-01
1.956529e-01
1.956188e-01
1.955391e-01
1.902492e-01
1.961346e-01
1.996219e-01
2.007320e-01
2.007505e-01
1.968426e-01
1.973516e-01
1.988949e-01
2.029916e-01
2.027667e-01
2.013294e-01
2.015063e-01
2.036488e-01
2.047397e-01
2.054724e-01
2.056890e-01
2.047561e-01
2.042384e-01
2.043625e-01
2.043763e-01
2.058654e-01
2.071037e-01
2.072275e-01
2.064536e-01
2.072147e-01
2.087835e-01
2.089963e-01
2.090591e-01
2.091050e-01
2.083146e-01
2.090883e-01
2.099410e-01
2.105797e-01
2.106930e-01
2.113659e-01
2.119226e-01
2.125922e-01
2.131785e-01
2.133430e-01
2.162791e-01
2.224564e-01
2.258377e-01
2.258531e-01
2.275424e-01
