9.562526e-05
1.318519e-04
2.061179e-04
2.561754e-04
3.729830e-04
5.724049e-04
7.449995e-04
1.005771e-03
1.502805e-03
2.079027e-03
2.464956e-03
3.401384e-03
4.985671e-03
6.267380e-03
7.526384e-03
9.510129e-03
1.241557e-02
1.460409e-02
1.701523e-02
1.928284e-02
2.481591e-02
2.756095e-02
3.106054e-02
3.708518e-02
4.147159e-02
4.824462e-02
6.156618e-02
6.631307e-02
7.073075e-02
8.169726e-02
8.893728e-02
9.317435e-02
1.043122e-01
1.155741e-01
1.154139e-01
1.152537e-01
1.210719e-01
1.251279e-01
1.395258e-01
1.448140e-01
1.474409e-01
1.482728e-01
1.490050e-01
1.598472e-01
1.662280e-01
1.702729e-01
1.652172e-01
1.766731e-01
1.871160e-01
1.797422e-01
1.907640e-01
1.978280e-01
1.981667e-01
2.079591e-01
2.155904e-01
2.061614e-01
2.045391e-01
2.167382e-01
2.247755e-01
2.250147e-01
2.146682e-01
2.192128e-01
2.231298e-01
2.323328e-01
2.339382e-01
2.316701e-01
2.241283e-01
2.285121e-01
2.389063e-01
2.371697e-01
2.370811e-01
2.368741e-01
2.295224e-01
2.373565e-01
2.416719e-01
2.430593e-01
2.429492e-01
2.373407e-01
2.379275e-01
2.399473e-01
2.449458e-01
2.445510e-01
2.424339e-01
2.425376e-01
2.451829e-01
2.465238e-01
2.473164e-01
2.474702e-01
2.460392e-01
2.451456e-01
2.451986e-01
2.452045e-01
2.470153e-01
2.484085e-01
2.483986e-01
2.471918e-01
2.480360e-01
2.496206e-01
2.497849e-01
2.497322e-01
2.495638e-01
2.484248e-01
2.493258e-01
2.502481e-01
2.507319e-01
2.508112e-01
2.512528e-01
2.516863e-01
2.521479e-01
2.525549e-01
2.526700e-01
2.545047e-01
2.582925e-01
2.598625e-01
2.598619e-01
2.605295e-01
