8.754545e-07
1.474127e-06
3.012372e-06
4.457819e-06
7.830724e-06
1.560411e-05
2.383893e-05
3.879099e-05
7.420000e-05
1.243871e-04
1.635764e-04
2.746790e-04
5.085511e-04
7.348574e-04
9.866543e-04
1.437582e-03
2.208520e-03
2.868103e-03
3.665705e-03
4.482042e-03
6.728326e-03
7.962672e-03
9.656223e-03
1.284839e-02
1.537653e-02
1.961431e-02
2.901382e-02
3.268223e-02
3.624541e-02
4.566364e-02
5.232981e-02
5.634461e-02
6.755359e-02
7.964631e-02
7.944548e-02
7.924465e-02
8.574975e-02
9.038398e-02
1.076663e-01
1.142018e-01
1.175149e-01
1.185612e-01
1.194593e-01
1.337132e-01
1.423601e-01
1.479163e-01
1.408210e-01
1.565929e-01
1.717943e-01
1.610934e-01
1.771892e-01
1.877444e-01
1.882070e-01
2.033523e-01
2.154240e-01
2.003081e-01
1.976977e-01
2.164860e-01
2.301545e-01
2.304344e-01
2.134639e-01
2.207945e-01
2.270746e-01
2.423910e-01
2.450247e-01
2.410277e-01
2.283894e-01
2.355291e-01
2.531247e-01
2.500039e-01
2.498207e-01
2.493933e-01
2.369041e-01
2.500097e-01
2.576980e-01
2.598451e-01
2.595479e-01
2.496812e-01
2.506504e-01
2.540759e-01
2.626152e-01
2.619500e-01
2.581011e-01
2.581427e-01
2.627500e-01
2.649926e-01
2.662870e-01
2.664257e-01
2.638845e-01
2.622678e-01
2.622248e-01
2.622200e-01
2.653773e-01
2.677750e-01
2.676252e-01
2.653795e-01
2.668523e-01
2.694038e-01
2.696105e-01
2.694084e-01
2.692384e-01
2.670530e-01
2.685532e-01
2.700205e-01
2.706395e-01
2.705618e-01
2.713695e-01
2.718284e-01
2.724142e-01
2.728577e-01
2.729819e-01
2.749560e-01
2.790744e-01
2.808078e-01
2.808124e-01
2.815351e-01
