0.000000e+00
-3.532351e-62
5.290658e-55
-1.419254e-53
-1.420741e-49
7.860409e-44
-4.405808e-38
1.319563e-32
-1.972152e-27
7.802646e-09
1.353171e-08
3.897681e-08
1.425408e-07
3.138032e-07
5.954988e-07
1.357913e-06
3.518773e-06
6.302926e-06
1.091619e-05
1.714300e-05
4.293707e-05
6.282675e-05
9.773614e-05
1.877858e-04
2.819213e-04
4.924798e-04
1.199000e-03
1.575857e-03
1.993043e-03
3.361096e-03
4.589109e-03
5.424376e-03
8.215758e-03
1.197833e-02
1.190089e-02
1.182345e-02
1.415638e-02
1.596273e-02
2.385622e-02
2.721383e-02
2.904039e-02
2.961623e-02
3.010184e-02
3.895830e-02
4.494456e-02
4.901893e-02
4.372820e-02
5.589732e-02
6.886582e-02
5.932557e-02
7.377633e-02
8.411819e-02
8.454208e-02
1.010236e-01
1.150471e-01
9.720036e-02
9.422986e-02
1.160701e-01
1.335643e-01
1.338210e-01
1.120620e-01
1.210496e-01
1.290450e-01
1.499664e-01
1.536430e-01
1.477723e-01
1.303590e-01
1.399290e-01
1.650935e-01
1.602541e-01
1.599472e-01
1.592311e-01
1.412288e-01
1.598979e-01
1.714739e-01
1.747146e-01
1.741467e-01
1.588802e-01
1.602805e-01
1.653596e-01
1.783393e-01
1.772505e-01
1.710471e-01
1.709499e-01
1.780456e-01
1.815775e-01
1.835065e-01
1.836115e-01
1.794259e-01
1.767377e-01
1.765426e-01
1.765209e-01
1.814548e-01
1.852298e-01
1.848208e-01
1.810796e-01
1.833512e-01
1.871531e-01
1.873841e-01
1.869244e-01
1.865941e-01
1.829665e-01
1.852644e-01
1.874437e-01
1.881333e-01
1.878695e-01
1.889307e-01
1.892790e-01
1.898734e-01
1.902157e-01
1.903060e-01
1.916423e-01
1.944471e-01
1.956515e-01
1.956539e-01
1.961287e-01
