0.000000e+00
-6.177728e-79
6.130712e-72
1.751708e-70
9.018007e-67
4.527487e-61
-8.370105e-55
1.217778e-49
7.256099e-44
4.729528e-39
2.864821e-32
6.058452e-28
1.219048e-08
2.738219e-08
5.467424e-08
1.300070e-07
3.683394e-07
7.139288e-07
1.330382e-06
2.240651e-06
6.406623e-06
1.004474e-05
1.682201e-05
3.661118e-05
5.890731e-05
1.153050e-04
3.306230e-04
4.621629e-04
6.096425e-04
1.137392e-03
1.649220e-03
2.032997e-03
3.333823e-03
5.218333e-03
5.201128e-03
5.183924e-03
6.452158e-03
7.423717e-03
1.210308e-02
1.420180e-02
1.534902e-02
1.571719e-02
1.608065e-02
2.189761e-02
2.602273e-02
2.890243e-02
2.535327e-02
3.404156e-02
4.372450e-02
3.673302e-02
4.765185e-02
5.581609e-02
5.638373e-02
6.992232e-02
8.171722e-02
6.696896e-02
6.455532e-02
8.290625e-02
9.821777e-02
9.860083e-02
7.982759e-02
8.757149e-02
9.456794e-02
1.134547e-01
1.170145e-01
1.117894e-01
9.619860e-02
1.048512e-01
1.281299e-01
1.237957e-01
1.235159e-01
1.228631e-01
1.064244e-01
1.235735e-01
1.345958e-01
1.378432e-01
1.373905e-01
1.231370e-01
1.244804e-01
1.292319e-01
1.419016e-01
1.408966e-01
1.350448e-01
1.349164e-01
1.418178e-01
1.453798e-01
1.473210e-01
1.474973e-01
1.435021e-01
1.410018e-01
1.408236e-01
1.408038e-01
1.456760e-01
1.495106e-01
1.491470e-01
1.456349e-01
1.478753e-01
1.518452e-01
1.521216e-01
1.517007e-01
1.514627e-01
1.479934e-01
1.502827e-01
1.525020e-01
1.533627e-01
1.531580e-01
1.543479e-01
1.547679e-01
1.555498e-01
1.560225e-01
1.561457e-01
1.582512e-01
1.626895e-01
1.651371e-01
1.651474e-01
1.663458e-01
