0.000000e+00
5.671206e-09
1.392743e-08
2.335023e-08
4.533804e-08
1.097335e-07
1.914532e-07
3.701757e-07
9.062642e-07
1.851990e-06
2.732746e-06
5.738208e-06
1.403585e-05
2.405314e-05
3.712142e-05
6.473665e-05
1.225617e-04
1.809236e-04
2.609571e-04
3.524424e-04
6.484282e-04
8.348005e-04
1.116895e-03
1.718331e-03
2.251169e-03
3.251097e-03
5.863700e-03
7.018570e-03
8.203181e-03
1.161194e-02
1.426568e-02
1.593838e-02
2.096879e-02
2.689986e-02
2.678919e-02
2.667851e-02
3.005224e-02
3.253565e-02
4.240399e-02
4.631014e-02
4.834731e-02
4.898948e-02
4.953048e-02
5.874029e-02
6.456959e-02
6.839821e-02
6.344898e-02
7.455617e-02
8.569549e-02
7.768330e-02
8.973478e-02
9.790113e-02
9.823014e-02
1.104706e-01
1.204846e-01
1.078215e-01
1.056540e-01
1.212580e-01
1.330548e-01
1.332527e-01
1.185596e-01
1.247702e-01
1.301706e-01
1.437401e-01
1.460791e-01
1.424111e-01
1.311425e-01
1.374087e-01
1.532728e-01
1.503433e-01
1.501614e-01
1.497369e-01
1.383989e-01
1.502076e-01
1.572800e-01
1.592386e-01
1.589224e-01
1.496958e-01
1.505653e-01
1.536972e-01
1.615477e-01
1.609052e-01
1.572453e-01
1.572341e-01
1.615045e-01
1.635876e-01
1.647625e-01
1.648494e-01
1.624041e-01
1.608380e-01
1.607568e-01
1.607477e-01
1.636886e-01
1.659013e-01
1.657060e-01
1.635371e-01
1.648917e-01
1.671915e-01
1.673567e-01
1.671222e-01
1.669320e-01
1.648234e-01
1.662001e-01
1.675153e-01
1.679745e-01
1.678543e-01
1.685003e-01
1.688276e-01
1.692466e-01
1.695390e-01
1.696207e-01
1.707954e-01
1.732666e-01
1.743345e-01
1.743362e-01
1.747471e-01
