0.000000e+00
1.142353e-77
-1.605968e-71
1.407026e-69
-1.357106e-65
-3.439674e-60
-4.205763e-56
-3.499651e-49
2.306012e-43
-8.323969e-37
-6.326680e-32
4.351988e-26
6.005609e-08
1.417835e-07
2.838385e-07
6.915413e-07
1.926489e-06
3.600802e-06
6.485662e-06
1.051287e-05
2.803655e-05
4.208538e-05
6.745789e-05
1.353507e-04
2.085433e-04
3.778039e-04
9.730404e-04
1.301653e-03
1.670395e-03
2.909271e-03
4.050602e-03
4.838002e-03
7.520137e-03
1.122499e-02
1.114771e-02
1.107043e-02
1.340426e-02
1.522830e-02
2.333851e-02
2.683424e-02
2.875076e-02
2.935507e-02
2.986556e-02
3.927445e-02
4.571153e-02
5.012125e-02
4.439499e-02
5.763393e-02
7.190000e-02
6.136980e-02
7.734715e-02
8.890115e-02
8.938245e-02
1.079951e-01
1.239420e-01
1.036273e-01
1.002685e-01
1.251020e-01
1.452031e-01
1.454943e-01
1.205086e-01
1.307895e-01
1.399754e-01
1.641831e-01
1.684540e-01
1.616221e-01
1.414734e-01
1.525296e-01
1.817981e-01
1.761344e-01
1.757749e-01
1.749360e-01
1.540039e-01
1.757025e-01
1.892438e-01
1.930446e-01
1.923744e-01
1.744947e-01
1.761299e-01
1.820613e-01
1.972793e-01
1.959992e-01
1.887031e-01
1.885763e-01
1.969011e-01
2.010624e-01
2.033252e-01
2.034431e-01
1.985118e-01
1.953451e-01
1.951061e-01
1.950795e-01
2.008796e-01
2.053345e-01
2.048405e-01
2.004270e-01
2.030997e-01
2.075666e-01
2.078299e-01
2.072790e-01
2.068909e-01
2.026141e-01
2.053154e-01
2.078780e-01
2.086813e-01
2.083632e-01
2.096207e-01
2.099921e-01
2.106804e-01
2.110614e-01
2.111602e-01
2.126588e-01
2.157979e-01
2.171388e-01
2.171418e-01
2.176799e-01
