0.000000e+00
-2.157046e-55
6.341134e-49
4.879399e-47
2.394469e-43
5.252990e-38
-1.115113e-31
-7.970651e-27
1.993617e-08
5.241793e-08
8.999569e-08
2.385480e-07
7.778866e-07
1.586222e-06
2.859811e-06
5.899672e-06
1.368152e-05
2.307046e-05
3.744432e-05
5.592256e-05
1.237117e-04
1.733273e-04
2.537904e-04
4.496788e-04
6.385306e-04
1.042036e-03
2.243540e-03
2.858754e-03
3.495926e-03
5.498676e-03
7.186694e-03
8.369938e-03
1.194491e-02
1.647632e-02
1.644912e-02
1.642192e-02
1.922687e-02
2.126028e-02
3.019338e-02
3.392215e-02
3.587216e-02
3.649942e-02
3.713040e-02
4.633519e-02
5.247713e-02
5.658074e-02
5.156938e-02
6.362452e-02
7.626038e-02
6.738298e-02
8.119846e-02
9.100220e-02
9.171853e-02
1.069753e-01
1.197491e-01
1.039370e-01
1.012862e-01
1.211579e-01
1.368102e-01
1.372584e-01
1.180984e-01
1.262145e-01
1.333815e-01
1.519568e-01
1.554160e-01
1.505004e-01
1.352537e-01
1.438536e-01
1.661081e-01
1.621619e-01
1.619158e-01
1.613418e-01
1.456964e-01
1.621163e-01
1.723444e-01
1.753593e-01
1.750004e-01
1.619837e-01
1.632559e-01
1.676947e-01
1.793956e-01
1.785147e-01
1.732849e-01
1.732221e-01
1.795323e-01
1.827712e-01
1.845628e-01
1.847777e-01
1.812653e-01
1.790780e-01
1.789668e-01
1.789544e-01
1.833742e-01
1.868645e-01
1.866086e-01
1.835465e-01
1.855904e-01
1.892802e-01
1.895669e-01
1.892501e-01
1.890821e-01
1.860533e-01
1.881380e-01
1.901895e-01
1.910937e-01
1.909692e-01
1.921474e-01
1.926510e-01
1.935017e-01
1.940690e-01
1.942198e-01
1.968791e-01
2.024772e-01
2.055479e-01
2.055616e-01
2.070883e-01
