0.000000e+00
-2.648200e-78
-2.078208e-72
4.089205e-71
2.535011e-66
-1.349130e-60
1.417215e-54
-8.552847e-50
5.581109e-44
-9.257018e-38
7.732609e-32
3.950615e-27
1.378860e-08
3.292201e-08
6.856941e-08
1.709141e-07
5.031487e-07
9.908010e-07
1.865222e-06
3.157277e-06
9.037566e-06
1.413877e-05
2.356971e-05
5.076952e-05
8.107354e-05
1.567355e-04
4.391627e-04
6.091514e-04
7.981132e-04
1.465809e-03
2.104345e-03
2.580954e-03
4.174000e-03
6.449142e-03
6.430410e-03
6.411678e-03
7.931465e-03
9.086952e-03
1.460651e-02
1.706406e-02
1.839979e-02
1.882889e-02
1.925599e-02
2.597740e-02
3.071253e-02
3.400477e-02
2.996159e-02
3.985650e-02
5.081659e-02
4.293706e-02
5.524842e-02
6.440287e-02
6.505357e-02
8.013063e-02
9.320583e-02
7.688363e-02
7.420350e-02
9.454926e-02
1.114192e-01
1.118541e-01
9.117907e-02
9.973302e-02
1.074413e-01
1.281705e-01
1.320789e-01
1.263767e-01
1.092783e-01
1.187861e-01
1.442611e-01
1.395476e-01
1.392432e-01
1.385331e-01
1.205562e-01
1.393185e-01
1.513484e-01
1.548988e-01
1.544138e-01
1.388880e-01
1.403556e-01
1.455398e-01
1.593692e-01
1.582806e-01
1.519173e-01
1.517749e-01
1.592951e-01
1.631831e-01
1.652983e-01
1.654975e-01
1.611609e-01
1.584489e-01
1.582561e-01
1.582346e-01
1.635413e-01
1.677263e-01
1.673338e-01
1.635279e-01
1.659661e-01
1.703011e-01
1.706038e-01
1.701499e-01
1.698999e-01
1.661387e-01
1.686307e-01
1.710518e-01
1.720081e-01
1.717926e-01
1.731056e-01
1.735654e-01
1.744363e-01
1.749637e-01
1.751007e-01
1.774821e-01
1.824986e-01
1.852578e-01
1.852698e-01
1.866319e-01
