0.000000e+00
9.612032e-45
5.429774e-39
-1.270636e-36
-5.362511e-33
2.619018e-27
2.156702e-09
4.124471e-09
9.941850e-09
1.942690e-08
2.901076e-08
5.812408e-08
1.375042e-07
2.325582e-07
3.659582e-07
6.336896e-07
1.239858e-06
1.917914e-06
2.901768e-06
4.139940e-06
8.676373e-06
1.208917e-05
1.779552e-05
3.287748e-05
4.848000e-05
8.528538e-05
2.158658e-04
2.920092e-04
3.766115e-04
6.746180e-04
9.591513e-04
1.167807e-03
1.881407e-03
2.911631e-03
2.898804e-03
2.885977e-03
3.572834e-03
4.101865e-03
6.635293e-03
7.767491e-03
8.389445e-03
8.588024e-03
8.775902e-03
1.193968e-02
1.418075e-02
1.574671e-02
1.378641e-02
1.852750e-02
2.381063e-02
1.995623e-02
2.593651e-02
3.040441e-02
3.067884e-02
3.811169e-02
4.460309e-02
3.644279e-02
3.510609e-02
4.520446e-02
5.364444e-02
5.383351e-02
4.345431e-02
4.771883e-02
5.157668e-02
6.198233e-02
6.392087e-02
6.101853e-02
5.240440e-02
5.716437e-02
6.998375e-02
6.757335e-02
6.741850e-02
6.705716e-02
5.797441e-02
6.744493e-02
7.350212e-02
7.526337e-02
7.500430e-02
6.713826e-02
6.787709e-02
7.050213e-02
7.742655e-02
7.686423e-02
7.364632e-02
7.359737e-02
7.738987e-02
7.931532e-02
8.038618e-02
8.047739e-02
7.827090e-02
7.688636e-02
7.679880e-02
7.678907e-02
7.946175e-02
8.152932e-02
8.134016e-02
7.939612e-02
8.062666e-02
8.279416e-02
8.295167e-02
8.272775e-02
8.257739e-02
8.065579e-02
8.191473e-02
8.312726e-02
8.356901e-02
8.345494e-02
8.406410e-02
8.433526e-02
8.473846e-02
8.499842e-02
8.506918e-02
8.613962e-02
8.839990e-02
8.966386e-02
8.966790e-02
9.024366e-02
