0.000000e+00
-2.125578e-75
9.114537e-69
3.158620e-67
-8.724053e-64
-9.732803e-58
-3.517138e-52
2.180548e-46
-4.159055e-41
6.093752e-35
-3.680529e-29
2.599157e-23
1.595725e-05
2.902998e-05
4.690690e-05
8.646555e-05
1.738890e-04
2.660123e-04
3.963936e-04
5.496402e-04
1.064597e-03
1.400038e-03
1.918836e-03
3.059314e-03
4.094808e-03
6.094121e-03
1.151335e-02
1.397975e-02
1.654035e-02
2.406142e-02
3.004061e-02
3.386307e-02
4.552375e-02
5.954653e-02
5.928900e-02
5.903147e-02
6.713465e-02
7.312378e-02
9.734678e-02
1.070369e-01
1.121160e-01
1.137190e-01
1.150850e-01
1.383137e-01
1.531742e-01
1.629834e-01
1.503205e-01
1.788909e-01
2.078345e-01
1.869746e-01
2.183981e-01
2.398621e-01
2.407885e-01
2.732791e-01
2.999885e-01
2.661764e-01
2.604170e-01
3.020897e-01
3.338475e-01
3.343837e-01
2.948264e-01
3.115065e-01
3.260489e-01
3.629713e-01
3.674180e-01
3.592119e-01
3.286649e-01
3.456535e-01
3.888785e-01
3.808389e-01
3.803402e-01
3.791766e-01
3.483010e-01
3.804265e-01
3.998214e-01
4.052444e-01
4.043685e-01
3.790316e-01
3.814104e-01
3.899637e-01
4.116367e-01
4.098915e-01
3.997342e-01
3.996133e-01
4.113503e-01
4.171976e-01
4.203819e-01
4.206150e-01
4.138750e-01
4.095402e-01
4.092538e-01
4.092220e-01
4.173361e-01
4.236018e-01
4.229928e-01
4.169772e-01
4.207271e-01
4.270511e-01
4.274512e-01
4.267526e-01
4.262832e-01
4.204612e-01
4.242497e-01
4.278934e-01
4.292150e-01
4.288507e-01
4.308005e-01
4.314291e-01
4.326012e-01
4.333155e-01
4.335011e-01
4.366830e-01
4.432767e-01
4.459842e-01
4.459934e-01
4.471720e-01
