0.000000e+00
2.676521e-73
3.943929e-67
-5.146524e-66
-3.388019e-61
-1.660400e-55
2.848165e-50
-4.915492e-45
3.318992e-39
-7.453951e-33
2.347650e-27
1.820768e-09
5.514668e-09
1.077391e-08
1.907694e-08
3.780149e-08
8.572467e-08
1.445484e-07
2.350967e-07
3.548236e-07
8.178740e-07
1.185471e-06
1.818183e-06
3.611224e-06
5.567545e-06
1.064145e-05
3.181663e-05
4.614261e-05
6.303815e-05
1.311232e-04
2.061475e-04
2.661141e-04
4.977169e-04
8.892600e-04
8.838497e-04
8.784393e-04
1.168806e-03
1.406405e-03
2.695988e-03
3.327709e-03
3.693182e-03
3.810007e-03
3.921640e-03
5.958514e-03
7.529186e-03
8.680537e-03
7.236076e-03
1.086698e-02
1.524252e-02
1.196423e-02
1.711357e-02
2.125077e-02
2.151531e-02
2.898710e-02
3.586446e-02
2.717234e-02
2.580379e-02
3.648190e-02
4.612153e-02
4.632269e-02
3.450686e-02
3.922112e-02
4.361936e-02
5.613057e-02
5.853379e-02
5.488361e-02
4.450658e-02
5.016317e-02
6.618391e-02
6.303106e-02
6.282489e-02
6.234381e-02
5.100549e-02
6.278497e-02
7.066756e-02
7.299311e-02
7.262258e-02
6.228157e-02
6.322797e-02
6.660450e-02
7.573222e-02
7.496500e-02
7.061937e-02
7.051275e-02
7.555367e-02
7.815968e-02
7.958399e-02
7.967968e-02
7.664662e-02
7.474726e-02
7.459501e-02
7.457810e-02
7.817359e-02
8.098619e-02
8.068031e-02
7.798968e-02
7.964511e-02
8.253595e-02
8.272266e-02
8.237825e-02
8.215850e-02
7.949876e-02
8.119576e-02
8.282207e-02
8.336903e-02
8.317917e-02
8.397964e-02
8.424676e-02
8.472812e-02
8.499842e-02
8.506918e-02
8.613962e-02
8.839990e-02
8.966386e-02
8.966790e-02
9.024366e-02
