0.000000e+00
6.144475e-30
1.201977e-24
3.022293e-06
1.007472e-05
2.033880e-05
3.132117e-05
5.145394e-05
9.966539e-05
1.685738e-04
2.229595e-04
3.779162e-04
7.077838e-04
1.029812e-03
1.391095e-03
2.041013e-03
3.161933e-03
4.128070e-03
5.301888e-03
6.509189e-03
9.850833e-03
1.169964e-02
1.424312e-02
1.907023e-02
2.290673e-02
2.937718e-02
4.381958e-02
4.949414e-02
5.500897e-02
6.966320e-02
8.007168e-02
8.636118e-02
1.039637e-01
1.230230e-01
1.227119e-01
1.224009e-01
1.326959e-01
1.400185e-01
1.674789e-01
1.778794e-01
1.831503e-01
1.848162e-01
1.862555e-01
2.090051e-01
2.228434e-01
2.317365e-01
2.203847e-01
2.456504e-01
2.700628e-01
2.528756e-01
2.787266e-01
2.957058e-01
2.964746e-01
3.208862e-01
3.403644e-01
3.159608e-01
3.117480e-01
3.420398e-01
3.641788e-01
3.645893e-01
3.371860e-01
3.490326e-01
3.591810e-01
3.839856e-01
3.882548e-01
3.817742e-01
3.613120e-01
3.728760e-01
4.014002e-01
3.963276e-01
3.960298e-01
3.953347e-01
3.750812e-01
3.963191e-01
4.088081e-01
4.123064e-01
4.118230e-01
3.957792e-01
3.973513e-01
4.029073e-01
4.168243e-01
4.157539e-01
4.094600e-01
4.094927e-01
4.169748e-01
4.206624e-01
4.227415e-01
4.229638e-01
4.188351e-01
4.161976e-01
4.161021e-01
4.160915e-01
4.212289e-01
4.251874e-01
4.249141e-01
4.212535e-01
4.236498e-01
4.277860e-01
4.281012e-01
4.277512e-01
4.274986e-01
4.239449e-01
4.263811e-01
4.287689e-01
4.297945e-01
4.296563e-01
4.310290e-01
4.316721e-01
4.326295e-01
4.333155e-01
4.335011e-01
4.366830e-01
4.432767e-01
4.459842e-01
4.459934e-01
4.471720e-01
