0.000000e+00
-4.656622e-74
1.396748e-67
2.876489e-65
-6.730458e-62
-1.558840e-55
-1.340559e-50
4.182000e-45
1.612861e-39
5.073622e-33
-5.408430e-27
3.350549e-09
1.044451e-08
2.089358e-08
3.757208e-08
7.850418e-08
1.921362e-07
3.414847e-07
5.934926e-07
9.498904e-07
2.551824e-06
3.929144e-06
6.527424e-06
1.429333e-05
2.332419e-05
4.689347e-05
1.446700e-04
2.069492e-04
2.796818e-04
5.526443e-04
8.322290e-04
1.040747e-03
1.802982e-03
2.973693e-03
2.952940e-03
2.932187e-03
3.734489e-03
4.375280e-03
7.522585e-03
8.967493e-03
9.780237e-03
1.003834e-02
1.027130e-02
1.451834e-02
1.759626e-02
1.977852e-02
1.699795e-02
2.369386e-02
3.131207e-02
2.565067e-02
3.438750e-02
4.102512e-02
4.137888e-02
5.268502e-02
6.270599e-02
4.998961e-02
4.792901e-02
6.351753e-02
7.681669e-02
7.704648e-02
6.063312e-02
6.728773e-02
7.335574e-02
8.995888e-02
9.301256e-02
8.825070e-02
7.446005e-02
8.200196e-02
1.026301e-01
9.860526e-02
9.834533e-02
9.773879e-02
8.306465e-02
9.829659e-02
1.081287e-01
1.109530e-01
1.104759e-01
9.754000e-02
9.872366e-02
1.029812e-01
1.141849e-01
1.132420e-01
1.078892e-01
1.077801e-01
1.139362e-01
1.170643e-01
1.187697e-01
1.188705e-01
1.151948e-01
1.128665e-01
1.126830e-01
1.126626e-01
1.170017e-01
1.203633e-01
1.199959e-01
1.167216e-01
1.187174e-01
1.221294e-01
1.223411e-01
1.219289e-01
1.216503e-01
1.184464e-01
1.204759e-01
1.224127e-01
1.230407e-01
1.228054e-01
1.237484e-01
1.240526e-01
1.245933e-01
1.248966e-01
1.249757e-01
1.261631e-01
1.286631e-01
1.299294e-01
1.299330e-01
1.304833e-01
