0.000000e+00
2.585460e-09
5.800370e-09
8.929889e-09
1.623252e-08
3.467018e-08
5.598999e-08
9.929710e-08
2.204429e-07
4.150465e-07
6.052302e-07
1.201424e-06
2.863882e-06
4.917610e-06
7.781246e-06
1.380487e-05
2.732797e-05
4.204798e-05
6.298024e-05
8.823386e-05
1.737045e-04
2.319735e-04
3.223308e-04
5.295908e-04
7.200396e-04
1.105083e-03
2.177957e-03
2.696561e-03
3.226033e-03
4.832191e-03
6.138423e-03
7.023933e-03
9.661986e-03
1.290168e-02
1.287391e-02
1.284614e-02
1.479483e-02
1.620335e-02
2.219373e-02
2.464573e-02
2.592190e-02
2.633063e-02
2.672761e-02
3.264492e-02
3.651060e-02
3.909384e-02
3.592166e-02
4.342104e-02
5.117097e-02
4.572560e-02
5.414658e-02
6.003734e-02
6.042637e-02
6.945120e-02
7.694286e-02
6.765697e-02
6.609266e-02
7.773910e-02
8.677854e-02
8.702686e-02
7.594071e-02
8.065978e-02
8.480631e-02
9.540967e-02
9.735750e-02
9.456740e-02
8.585966e-02
9.077897e-02
1.033806e-01
1.011593e-01
1.010241e-01
1.007086e-01
9.184092e-02
1.011679e-01
1.068984e-01
1.085685e-01
1.083706e-01
1.010906e-01
1.018105e-01
1.043169e-01
1.108323e-01
1.103374e-01
1.074440e-01
1.074459e-01
1.109684e-01
1.127434e-01
1.137555e-01
1.138823e-01
1.119367e-01
1.107260e-01
1.106870e-01
1.106827e-01
1.131411e-01
1.150510e-01
1.149363e-01
1.132414e-01
1.143849e-01
1.164511e-01
1.166266e-01
1.164700e-01
1.163665e-01
1.146887e-01
1.158550e-01
1.170020e-01
1.175026e-01
1.174453e-01
1.180825e-01
1.184324e-01
1.189118e-01
1.192608e-01
1.193565e-01
1.209264e-01
1.242379e-01
1.260763e-01
1.260834e-01
1.269613e-01
