0.000000e+00
1.014815e-50
3.395959e-44
-2.449470e-42
5.533089e-39
-6.686588e-33
-4.701611e-28
2.810413e-09
7.427546e-09
1.523212e-08
2.281522e-08
4.844279e-08
1.230009e-07
2.182753e-07
3.536467e-07
6.595955e-07
1.408391e-06
2.290163e-06
3.667573e-06
5.468902e-06
1.274143e-05
1.834826e-05
2.823160e-05
5.452700e-05
8.268350e-05
1.482630e-04
3.835529e-04
5.161491e-04
6.663162e-04
1.182461e-03
1.668473e-03
2.007592e-03
3.188717e-03
4.862932e-03
4.827202e-03
4.791472e-03
5.864583e-03
6.709435e-03
1.055565e-02
1.223713e-02
1.316721e-02
1.346021e-02
1.370556e-02
1.834776e-02
2.156858e-02
2.379301e-02
2.089870e-02
2.762501e-02
3.497189e-02
2.951428e-02
3.780272e-02
4.386424e-02
4.411030e-02
5.402622e-02
6.260467e-02
5.166272e-02
4.985725e-02
6.320494e-02
7.416026e-02
7.431244e-02
6.069607e-02
6.626184e-02
7.125942e-02
8.456079e-02
8.691887e-02
8.313385e-02
7.204698e-02
7.810931e-02
9.428142e-02
9.112571e-02
9.092395e-02
9.045314e-02
7.887024e-02
9.086062e-02
9.838975e-02
1.004956e-01
1.001150e-01
9.015329e-02
9.105642e-02
9.434562e-02
1.027950e-01
1.020710e-01
9.800407e-02
9.794045e-02
1.025806e-01
1.048824e-01
1.061509e-01
1.062090e-01
1.034384e-01
1.016630e-01
1.015306e-01
1.015159e-01
1.047535e-01
1.072047e-01
1.069287e-01
1.044559e-01
1.059399e-01
1.084244e-01
1.085775e-01
1.082691e-01
1.080328e-01
1.056278e-01
1.071341e-01
1.085528e-01
1.089680e-01
1.087859e-01
1.094310e-01
1.096752e-01
1.100301e-01
1.102365e-01
1.102928e-01
1.109998e-01
1.125019e-01
1.131641e-01
1.131642e-01
1.133870e-01
