0.000000e+00
-6.146101e-79
1.414397e-72
1.131960e-71
-6.436052e-67
3.505004e-61
1.704608e-56
-1.028910e-50
-2.348270e-45
-1.616879e-38
4.968297e-33
2.623751e-27
1.832952e-09
3.841416e-09
7.209275e-09
1.537646e-08
3.808442e-08
6.799220e-08
1.169415e-07
1.853022e-07
4.756021e-07
7.241852e-07
1.181682e-06
2.585087e-06
4.233087e-06
8.821246e-06
2.984384e-05
4.484869e-05
6.289964e-05
1.375100e-04
2.218145e-04
2.902088e-04
5.567119e-04
1.012706e-03
1.006623e-03
1.000539e-03
1.340807e-03
1.621209e-03
3.146441e-03
3.897164e-03
4.331728e-03
4.470828e-03
4.605261e-03
7.028905e-03
8.901685e-03
1.027546e-02
8.559089e-03
1.289065e-02
1.811479e-02
1.421108e-02
2.035806e-02
2.530281e-02
2.563002e-02
3.455842e-02
4.277489e-02
3.240533e-02
3.077452e-02
4.353184e-02
5.504984e-02
5.529813e-02
4.119147e-02
4.682555e-02
5.208027e-02
6.703878e-02
6.992260e-02
6.556427e-02
5.317234e-02
5.993328e-02
7.911292e-02
7.533096e-02
7.508570e-02
7.451339e-02
6.096233e-02
7.504176e-02
8.447617e-02
8.726595e-02
8.682565e-02
7.446285e-02
7.559796e-02
7.963520e-02
9.057762e-02
8.966253e-02
8.445875e-02
8.432312e-02
9.035853e-02
9.349363e-02
9.519839e-02
9.531478e-02
9.168611e-02
8.941483e-02
8.924161e-02
8.922236e-02
9.351677e-02
9.690151e-02
9.652971e-02
9.331268e-02
9.529480e-02
9.876323e-02
9.898472e-02
9.856818e-02
9.831353e-02
9.513314e-02
9.716515e-02
9.911583e-02
9.978317e-02
9.955598e-02
1.005332e-01
1.008345e-01
1.014215e-01
1.017446e-01
1.018278e-01
1.031415e-01
1.059153e-01
1.074606e-01
1.074660e-01
1.081900e-01
