1.240483e-06
1.777661e-06
2.937038e-06
3.837514e-06
5.938747e-06
1.008872e-05
1.413461e-05
2.106419e-05
3.657104e-05
5.687712e-05
7.317190e-05
1.156157e-04
2.025335e-04
2.847724e-04
3.778384e-04
5.365113e-04
8.076699e-04
1.042222e-03
1.321590e-03
1.609717e-03
2.383889e-03
2.817202e-03
3.396781e-03
4.514648e-03
5.384352e-03
6.868968e-03
1.011744e-02
1.142304e-02
1.265415e-02
1.593970e-02
1.826339e-02
1.973159e-02
2.364904e-02
2.787057e-02
2.784348e-02
2.781640e-02
3.014500e-02
3.175424e-02
3.795436e-02
4.032482e-02
4.150977e-02
4.189004e-02
4.226537e-02
4.735468e-02
5.047228e-02
5.249445e-02
5.007126e-02
5.573120e-02
6.124348e-02
5.750859e-02
6.330629e-02
6.717730e-02
6.744824e-02
7.298419e-02
7.739898e-02
7.204112e-02
7.113241e-02
7.796776e-02
8.298194e-02
8.316352e-02
7.706936e-02
7.976449e-02
8.208304e-02
8.771959e-02
8.876076e-02
8.737558e-02
8.281133e-02
8.547332e-02
9.199072e-02
9.093659e-02
9.088145e-02
9.075280e-02
8.624169e-02
9.107635e-02
9.394990e-02
9.479704e-02
9.473620e-02
9.123191e-02
9.161374e-02
9.288514e-02
9.614956e-02
9.591959e-02
9.458267e-02
9.465045e-02
9.640355e-02
9.726498e-02
9.780668e-02
9.790848e-02
9.701400e-02
9.647620e-02
9.650832e-02
9.651189e-02
9.772597e-02
9.866187e-02
9.867121e-02
9.790781e-02
9.848925e-02
9.959795e-02
9.972351e-02
9.969850e-02
9.966742e-02
9.889963e-02
9.949499e-02
1.001013e-01
1.004276e-01
1.004447e-01
1.008057e-01
1.011211e-01
1.014549e-01
1.017446e-01
1.018278e-01
1.031415e-01
1.059153e-01
1.074606e-01
1.074660e-01
1.081900e-01
