1.379397e-08
2.139880e-08
3.907543e-08
5.397840e-08
8.875401e-08
1.612441e-07
2.335188e-07
3.611173e-07
6.562665e-07
1.053386e-06
1.378229e-06
2.268187e-06
4.243053e-06
6.261447e-06
8.724516e-06
1.337980e-05
2.263101e-05
3.175266e-05
4.407978e-05
5.826038e-05
1.052479e-04
1.359660e-04
1.836818e-04
2.920571e-04
3.924792e-04
5.934751e-04
1.172837e-03
1.450137e-03
1.744205e-03
2.647510e-03
3.398845e-03
3.887715e-03
5.446864e-03
7.414681e-03
7.375556e-03
7.336431e-03
8.507806e-03
9.386061e-03
1.308655e-02
1.460352e-02
1.541076e-02
1.566492e-02
1.587657e-02
1.968780e-02
2.218338e-02
2.385435e-02
2.167908e-02
2.661200e-02
3.172154e-02
2.798388e-02
3.361325e-02
3.752845e-02
3.767768e-02
4.377096e-02
4.886452e-02
4.238312e-02
4.127628e-02
4.921565e-02
5.541534e-02
5.550653e-02
4.777564e-02
5.098547e-02
5.381214e-02
6.109218e-02
6.235777e-02
6.034200e-02
5.426685e-02
5.760300e-02
6.623218e-02
6.460201e-02
6.449594e-02
6.424845e-02
5.805353e-02
6.447704e-02
6.838397e-02
6.945787e-02
6.926833e-02
6.412441e-02
6.459638e-02
6.631847e-02
7.064271e-02
7.027149e-02
6.821889e-02
6.820539e-02
7.058411e-02
7.172975e-02
7.238500e-02
7.241927e-02
7.102244e-02
7.012999e-02
7.007685e-02
7.007095e-02
7.171433e-02
7.291723e-02
7.279650e-02
7.156293e-02
7.230912e-02
7.357329e-02
7.366576e-02
7.352421e-02
7.339495e-02
7.218672e-02
7.295112e-02
7.366752e-02
7.387447e-02
7.379466e-02
7.408849e-02
7.428344e-02
7.446913e-02
7.460470e-02
7.464500e-02
7.506611e-02
7.597108e-02
7.637408e-02
7.637306e-02
7.647472e-02
