0.000000e+00
-1.504421e-73
1.141740e-67
2.290435e-66
-6.335443e-62
1.393955e-57
2.159093e-50
1.197399e-45
-8.968310e-41
-1.662619e-33
1.742594e-27
9.508162e-10
2.828464e-09
5.458581e-09
9.568500e-09
1.862770e-08
4.123182e-08
6.837147e-08
1.089571e-07
1.612711e-07
3.506607e-07
4.930890e-07
7.213431e-07
1.313808e-06
1.890039e-06
3.214182e-06
7.545043e-06
1.004224e-05
1.269386e-05
2.241192e-05
3.186950e-05
3.917927e-05
6.602617e-05
1.110172e-04
1.106300e-04
1.102428e-04
1.453914e-04
1.734803e-04
3.509978e-04
4.452241e-04
5.023779e-04
5.206804e-04
5.384347e-04
9.053983e-04
1.226182e-03
1.480403e-03
1.159058e-03
2.024800e-03
3.218747e-03
2.277547e-03
3.786581e-03
5.173494e-03
5.265357e-03
8.227617e-03
1.126125e-02
7.390344e-03
6.826482e-03
1.150512e-02
1.645463e-02
1.654087e-02
1.051984e-02
1.277628e-02
1.502283e-02
2.215427e-02
2.361386e-02
2.134226e-02
1.541354e-02
1.855828e-02
2.844895e-02
2.633308e-02
2.619269e-02
2.586509e-02
1.890184e-02
2.610917e-02
3.138268e-02
3.297966e-02
3.269467e-02
2.567187e-02
2.629244e-02
2.850717e-02
3.476706e-02
3.420119e-02
3.111246e-02
3.102360e-02
3.455577e-02
3.641951e-02
3.744584e-02
3.749153e-02
3.524237e-02
3.384972e-02
3.372337e-02
3.370933e-02
3.629090e-02
3.832344e-02
3.807118e-02
3.605485e-02
3.725196e-02
3.933826e-02
3.946393e-02
3.918436e-02
3.899420e-02
3.698562e-02
3.822546e-02
3.940810e-02
3.975110e-02
3.958350e-02
4.011850e-02
4.028269e-02
4.057207e-02
4.071527e-02
4.075275e-02
4.119762e-02
4.213043e-02
4.266028e-02
4.266063e-02
4.285264e-02
