0.000000e+00
5.254869e-45
-1.214524e-38
5.319112e-37
1.248845e-33
1.957953e-27
1.899228e-09
3.612404e-09
8.600124e-09
1.688632e-08
2.468893e-08
4.964969e-08
1.166451e-07
1.954610e-07
3.007786e-07
5.156855e-07
9.807806e-07
1.471311e-06
2.163206e-06
2.995143e-06
5.938758e-06
8.018479e-06
1.143140e-05
2.013754e-05
2.903501e-05
4.959312e-05
1.244620e-04
1.682754e-04
2.186522e-04
4.012625e-04
5.827490e-04
7.135304e-04
1.194635e-03
1.926060e-03
1.909945e-03
1.893829e-03
2.386403e-03
2.782653e-03
4.706883e-03
5.583634e-03
6.079567e-03
6.235920e-03
6.367824e-03
8.963875e-03
1.084001e-02
1.216694e-02
1.043829e-02
1.452917e-02
1.917255e-02
1.567455e-02
2.101757e-02
2.506422e-02
2.523151e-02
3.213531e-02
3.826528e-02
3.042313e-02
2.914848e-02
3.867723e-02
4.680789e-02
4.691457e-02
3.682831e-02
4.088632e-02
4.458868e-02
5.471380e-02
5.653837e-02
5.359392e-02
4.514359e-02
4.972315e-02
6.226297e-02
5.977052e-02
5.960738e-02
5.922670e-02
5.025090e-02
5.952897e-02
6.548023e-02
6.715339e-02
6.684063e-02
5.893228e-02
5.964114e-02
6.222873e-02
6.893475e-02
6.834713e-02
6.508526e-02
6.502331e-02
6.873308e-02
7.057756e-02
7.159586e-02
7.163381e-02
6.938467e-02
6.794849e-02
6.783461e-02
6.782196e-02
7.042309e-02
7.238518e-02
7.215212e-02
7.014529e-02
7.133368e-02
7.332484e-02
7.344614e-02
7.318746e-02
7.298572e-02
7.102639e-02
7.223745e-02
7.337233e-02
7.367967e-02
7.352304e-02
7.401056e-02
7.420175e-02
7.445975e-02
7.460470e-02
7.464500e-02
7.506611e-02
7.597108e-02
7.637408e-02
7.637306e-02
7.647472e-02
