0.000000e+00
7.185292e-74
-1.603942e-67
-1.538857e-65
1.322922e-61
-1.035510e-56
-2.256189e-50
-3.522405e-45
2.503952e-39
-2.091440e-34
-8.874685e-28
1.025462e-09
3.074633e-09
5.947771e-09
1.026653e-08
2.025627e-08
4.500371e-08
7.398785e-08
1.178384e-07
1.735978e-07
3.818316e-07
5.345349e-07
7.853149e-07
1.425896e-06
2.060942e-06
3.487914e-06
8.263758e-06
1.094093e-05
1.388276e-05
2.460165e-05
3.513417e-05
4.291728e-05
7.298945e-05
1.241638e-04
1.232009e-04
1.222381e-04
1.615371e-04
1.940509e-04
3.953449e-04
5.020375e-04
5.677401e-04
5.885686e-04
6.070739e-04
1.028811e-03
1.396690e-03
1.688090e-03
1.311247e-03
2.304613e-03
3.668757e-03
2.580298e-03
4.305119e-03
5.881314e-03
5.964518e-03
9.310511e-03
1.272980e-02
8.334117e-03
7.694152e-03
1.295581e-02
1.849060e-02
1.855741e-02
1.179858e-02
1.431988e-02
1.682476e-02
2.473176e-02
2.630638e-02
2.375818e-02
1.717503e-02
2.064189e-02
3.151325e-02
2.913900e-02
2.898187e-02
2.861519e-02
2.093309e-02
2.885442e-02
3.459994e-02
3.630163e-02
3.596355e-02
2.824696e-02
2.891620e-02
3.133522e-02
3.806550e-02
3.743754e-02
3.405351e-02
3.395808e-02
3.776117e-02
3.973952e-02
4.082521e-02
4.084834e-02
3.839432e-02
3.685985e-02
3.671458e-02
3.669845e-02
3.945591e-02
4.159796e-02
4.130791e-02
3.909791e-02
4.037214e-02
4.252845e-02
4.264507e-02
4.233010e-02
4.209949e-02
3.992226e-02
4.123269e-02
4.246613e-02
4.276773e-02
4.256788e-02
4.308532e-02
4.322280e-02
4.346066e-02
4.355908e-02
4.358475e-02
4.375850e-02
4.413969e-02
4.430597e-02
4.430408e-02
4.429622e-02
