2.358439e-08
3.524804e-08
6.079301e-08
8.083119e-08
1.275896e-07
2.182091e-07
3.044692e-07
4.507041e-07
7.716621e-07
1.170016e-06
1.496306e-06
2.301136e-06
3.933335e-06
5.447670e-06
7.220399e-06
1.014147e-05
1.535462e-05
2.005020e-05
2.578210e-05
3.193727e-05
4.984793e-05
6.081150e-05
7.645057e-05
1.110919e-04
1.411062e-04
2.007859e-04
3.701599e-04
4.536697e-04
5.415991e-04
8.261235e-04
1.071869e-03
1.237366e-03
1.787832e-03
2.526455e-03
2.513219e-03
2.499984e-03
2.964839e-03
3.313611e-03
4.906491e-03
5.585638e-03
5.953184e-03
6.069277e-03
6.168983e-03
7.998419e-03
9.248164e-03
1.010643e-02
8.996202e-03
1.157773e-02
1.436692e-02
1.230336e-02
1.543958e-02
1.770312e-02
1.780286e-02
2.149569e-02
2.466912e-02
2.062986e-02
1.994743e-02
2.489471e-02
2.892566e-02
2.899057e-02
2.398319e-02
2.603259e-02
2.786813e-02
3.274211e-02
3.361513e-02
3.224516e-02
2.817613e-02
3.039964e-02
3.630501e-02
3.518025e-02
3.510580e-02
3.493207e-02
3.070034e-02
3.509155e-02
3.783059e-02
3.859479e-02
3.846294e-02
3.486138e-02
3.519171e-02
3.639113e-02
3.945387e-02
3.918875e-02
3.773715e-02
3.772766e-02
3.942410e-02
4.024673e-02
4.072323e-02
4.075066e-02
3.974648e-02
3.911152e-02
3.907459e-02
3.907049e-02
4.025462e-02
4.112059e-02
4.103682e-02
4.015299e-02
4.069034e-02
4.161837e-02
4.169076e-02
4.159034e-02
4.149607e-02
4.062048e-02
4.117477e-02
4.169484e-02
4.184281e-02
4.178579e-02
4.198824e-02
4.214400e-02
4.227827e-02
4.237985e-02
4.241094e-02
4.270408e-02
4.332373e-02
4.364337e-02
4.364239e-02
4.371829e-02
