0.000000e+00
-5.027095e-51
2.096474e-44
7.433888e-43
-7.553470e-39
-4.811816e-33
1.273222e-27
1.366467e-09
3.574746e-09
7.121911e-09
1.076888e-08
2.192721e-08
5.263244e-08
8.940306e-08
1.410141e-07
2.420068e-07
4.633795e-07
7.022255e-07
1.031701e-06
1.428181e-06
2.739647e-06
3.656300e-06
5.060672e-06
8.524895e-06
1.179096e-05
1.909664e-05
4.332359e-05
5.747162e-05
7.307447e-05
1.311552e-04
1.898335e-04
2.346711e-04
4.013942e-04
6.709978e-04
6.671703e-04
6.633427e-04
8.589151e-04
1.015669e-03
1.860595e-03
2.268431e-03
2.503187e-03
2.578022e-03
2.647864e-03
3.956658e-03
4.960703e-03
5.695454e-03
4.765066e-03
7.085357e-03
9.876835e-03
7.771816e-03
1.106255e-02
1.370031e-02
1.385712e-02
1.863899e-02
2.304743e-02
1.745560e-02
1.657116e-02
2.341725e-02
2.961040e-02
2.972972e-02
2.212379e-02
2.514664e-02
2.797002e-02
3.601322e-02
3.754983e-02
3.519105e-02
2.850563e-02
3.213672e-02
4.243710e-02
4.039970e-02
4.026587e-02
3.995357e-02
3.264552e-02
4.023308e-02
4.529915e-02
4.678174e-02
4.653835e-02
3.987460e-02
4.048236e-02
4.265821e-02
4.850485e-02
4.800589e-02
4.521198e-02
4.515329e-02
4.839551e-02
5.005381e-02
5.097309e-02
5.103117e-02
4.907351e-02
4.784652e-02
4.775305e-02
4.774267e-02
5.005394e-02
5.183932e-02
5.164775e-02
4.991060e-02
5.097345e-02
5.282737e-02
5.295233e-02
5.273394e-02
5.258037e-02
5.085880e-02
5.195150e-02
5.299386e-02
5.332738e-02
5.320460e-02
5.368951e-02
5.388880e-02
5.418313e-02
5.435808e-02
5.440582e-02
5.503795e-02
5.636885e-02
5.711947e-02
5.712090e-02
5.742740e-02
