9.881069e-14
2.330078e-13
7.351423e-13
1.566691e-12
3.507085e-12
1.085527e-11
2.176780e-11
4.929964e-11
1.471871e-10
3.420991e-10
5.493868e-10
1.313838e-09
3.779944e-09
7.132547e-09
1.206563e-08
2.318900e-08
4.996238e-08
8.061117e-08
1.260852e-07
1.829914e-07
3.898798e-07
5.385672e-07
7.784961e-07
1.378827e-06
1.961398e-06
3.243443e-06
7.364267e-06
9.603130e-06
1.201079e-05
2.049623e-05
2.840910e-05
3.409979e-05
5.476773e-05
8.704946e-05
8.658892e-05
8.612838e-05
1.099171e-04
1.283160e-04
2.401638e-04
2.975100e-04
3.320083e-04
3.429696e-04
3.529091e-04
5.765629e-04
7.732281e-04
9.306395e-04
7.271739e-04
1.273185e-03
2.046140e-03
1.421760e-03
2.416939e-03
3.362370e-03
3.414523e-03
5.543791e-03
7.804703e-03
4.892605e-03
4.479929e-03
7.946346e-03
1.181985e-02
1.186283e-02
7.151425e-03
8.865328e-03
1.061171e-02
1.637540e-02
1.755555e-02
1.563659e-02
1.084102e-02
1.334041e-02
2.151897e-02
1.967775e-02
1.955539e-02
1.926989e-02
1.351430e-02
1.944180e-02
2.390474e-02
2.524340e-02
2.496962e-02
1.895111e-02
1.946665e-02
2.132734e-02
2.660698e-02
2.610102e-02
2.341551e-02
2.333674e-02
2.634433e-02
2.792236e-02
2.879340e-02
2.880576e-02
2.682393e-02
2.559268e-02
2.547333e-02
2.546007e-02
2.766081e-02
2.937492e-02
2.913444e-02
2.734545e-02
2.836551e-02
3.009384e-02
3.018567e-02
2.992496e-02
2.973007e-02
2.796272e-02
2.901575e-02
3.000588e-02
3.023168e-02
3.006353e-02
3.046332e-02
3.056959e-02
3.074340e-02
3.080847e-02
3.082572e-02
3.086970e-02
3.097025e-02
3.098606e-02
3.098370e-02
3.090564e-02
