4.341628e-14
1.058246e-13
3.483166e-13
7.721681e-13
1.761213e-12
5.684446e-12
1.169507e-11
2.731032e-11
8.484132e-11
2.031198e-10
3.316331e-10
8.182861e-10
2.443378e-09
4.713797e-09
8.116689e-09
1.595576e-08
3.527507e-08
5.781265e-08
9.176055e-08
1.347843e-07
2.942146e-07
4.105108e-07
6.003921e-07
1.081839e-06
1.555079e-06
2.609495e-06
6.059903e-06
7.958052e-06
1.001018e-05
1.729496e-05
2.414129e-05
2.908712e-05
4.709735e-05
7.530394e-05
7.491176e-05
7.451958e-05
9.535728e-05
1.114447e-04
2.097233e-04
2.602704e-04
2.907189e-04
3.004000e-04
3.092332e-04
5.082744e-04
6.849437e-04
8.273030e-04
6.435501e-04
1.141018e-03
1.854544e-03
1.276166e-03
2.201221e-03
3.093736e-03
3.144219e-03
5.193197e-03
7.396667e-03
4.559224e-03
4.161699e-03
7.535831e-03
1.137951e-02
1.142232e-02
6.755142e-03
8.441402e-03
1.017348e-02
1.596720e-02
1.716512e-02
1.521871e-02
1.040155e-02
1.290700e-02
2.121231e-02
1.932728e-02
1.920230e-02
1.891067e-02
1.307713e-02
1.908558e-02
2.366329e-02
2.504433e-02
2.476153e-02
1.858519e-02
1.911343e-02
2.101615e-02
2.645423e-02
2.593082e-02
2.315891e-02
2.307665e-02
2.617951e-02
2.781546e-02
2.871850e-02
2.873117e-02
2.667623e-02
2.540248e-02
2.527838e-02
2.526459e-02
2.754235e-02
2.932369e-02
2.907272e-02
2.721585e-02
2.827397e-02
3.006944e-02
3.016403e-02
2.989207e-02
2.969030e-02
2.785480e-02
2.894772e-02
2.997697e-02
3.021254e-02
3.003693e-02
3.045554e-02
3.056145e-02
3.074246e-02
3.080847e-02
3.082572e-02
3.086970e-02
3.097025e-02
3.098606e-02
3.098370e-02
3.090564e-02
