8.945902e-07
1.169570e-06
1.686294e-06
2.014520e-06
2.780423e-06
3.997843e-06
5.013438e-06
6.554075e-06
9.507507e-06
1.269748e-05
1.511389e-05
2.043824e-05
2.995778e-05
3.787892e-05
4.656378e-05
5.975115e-05
8.151818e-05
9.982096e-05
1.210275e-04
1.427851e-04
2.023142e-04
2.365361e-04
2.833198e-04
3.802832e-04
4.592384e-04
6.042222e-04
9.684802e-04
1.128915e-03
1.290914e-03
1.771355e-03
2.147389e-03
2.385078e-03
3.121274e-03
4.012300e-03
3.996478e-03
3.980657e-03
4.502395e-03
4.877802e-03
6.465576e-03
7.100838e-03
7.432640e-03
7.537141e-03
7.624437e-03
9.186759e-03
1.019279e-02
1.086250e-02
9.992220e-03
1.195976e-02
1.397168e-02
1.250197e-02
1.471252e-02
1.622571e-02
1.628341e-02
1.862845e-02
2.057456e-02
1.810146e-02
1.766707e-02
2.070422e-02
2.305419e-02
2.309270e-02
2.016096e-02
2.137827e-02
2.244681e-02
2.518808e-02
2.566783e-02
2.491738e-02
2.262277e-02
2.387992e-02
2.711315e-02
2.651560e-02
2.647533e-02
2.638137e-02
2.405469e-02
2.647166e-02
2.792832e-02
2.832381e-02
2.825540e-02
2.634705e-02
2.652325e-02
2.716699e-02
2.876403e-02
2.862166e-02
2.787370e-02
2.788135e-02
2.877230e-02
2.918342e-02
2.943868e-02
2.945313e-02
2.893003e-02
2.860151e-02
2.859017e-02
2.858891e-02
2.920380e-02
2.962552e-02
2.959102e-02
2.913738e-02
2.941226e-02
2.989276e-02
2.993819e-02
2.989261e-02
2.983323e-02
2.937846e-02
2.966618e-02
2.993168e-02
2.999645e-02
2.997093e-02
3.004554e-02
3.016741e-02
3.022995e-02
3.029346e-02
3.031471e-02
3.044827e-02
3.071914e-02
3.083601e-02
3.083423e-02
3.080763e-02
