2.190849e-14
5.546804e-14
1.893216e-13
4.347624e-13
1.007491e-12
3.362506e-12
7.071216e-12
1.699852e-11
5.494540e-11
1.338316e-10
2.242477e-10
5.638772e-10
1.730841e-09
3.394195e-09
5.976513e-09
1.187955e-08
2.676263e-08
4.456529e-08
7.154033e-08
1.062347e-07
2.347369e-07
3.306218e-07
4.861773e-07
8.886208e-07
1.282707e-06
2.177930e-06
5.103981e-06
6.748074e-06
8.494490e-06
1.476775e-05
2.065376e-05
2.500666e-05
4.052322e-05
6.466412e-05
6.446447e-05
6.426482e-05
8.232924e-05
9.592187e-05
1.803729e-04
2.238250e-04
2.497523e-04
2.580453e-04
2.660120e-04
4.366077e-04
5.890152e-04
7.125818e-04
5.549340e-04
9.888847e-04
1.619186e-03
1.109003e-03
1.931091e-03
2.736876e-03
2.787564e-03
4.677383e-03
6.737034e-03
4.091418e-03
3.724745e-03
6.878098e-03
1.054846e-02
1.059555e-02
6.151310e-03
7.748476e-03
9.404018e-03
1.502903e-02
1.621367e-02
1.431255e-02
9.640657e-03
1.207172e-02
2.024908e-02
1.838860e-02
1.826586e-02
1.797946e-02
1.225319e-02
1.816159e-02
2.273067e-02
2.412695e-02
2.384996e-02
1.769768e-02
1.822707e-02
2.012070e-02
2.559930e-02
2.507505e-02
2.229325e-02
2.221184e-02
2.534281e-02
2.700899e-02
2.793097e-02
2.795168e-02
2.587676e-02
2.459701e-02
2.447458e-02
2.446098e-02
2.677434e-02
2.860049e-02
2.835114e-02
2.647385e-02
2.755449e-02
2.940759e-02
2.950859e-02
2.923596e-02
2.903890e-02
2.717523e-02
2.829418e-02
2.935515e-02
2.961590e-02
2.944185e-02
2.989046e-02
3.000527e-02
3.021123e-02
3.029346e-02
3.031471e-02
3.044827e-02
3.071914e-02
3.083601e-02
3.083423e-02
3.080763e-02
