5.719634e-11
1.043541e-10
2.328783e-10
3.701764e-10
6.905572e-10
1.516426e-09
2.470122e-09
4.373804e-09
9.507621e-09
1.715329e-08
2.447283e-08
4.479926e-08
9.439758e-08
1.481400e-07
2.188123e-07
3.454036e-07
5.987720e-07
8.527734e-07
1.180004e-06
1.553308e-06
2.672257e-06
3.400593e-06
4.434556e-06
6.788679e-06
8.785412e-06
1.282874e-05
2.362139e-05
2.901055e-05
3.428212e-05
5.167869e-05
6.630546e-05
7.680591e-05
1.106001e-04
1.579876e-04
1.579303e-04
1.578730e-04
1.914297e-04
2.148689e-04
3.514211e-04
4.162884e-04
4.528131e-04
4.645407e-04
4.761668e-04
6.971342e-04
8.769501e-04
1.014440e-03
8.402471e-04
1.296927e-03
1.899877e-03
1.426758e-03
2.175780e-03
2.837990e-03
2.880016e-03
4.272419e-03
5.679818e-03
3.875749e-03
3.604820e-03
5.779452e-03
8.050637e-03
8.085753e-03
5.313069e-03
6.349013e-03
7.375683e-03
1.062514e-02
1.128397e-02
1.024792e-02
7.537306e-03
8.967424e-03
1.344798e-02
1.248879e-02
1.242390e-02
1.227248e-02
9.103916e-03
1.237853e-02
1.475680e-02
1.546710e-02
1.533548e-02
1.215877e-02
1.243758e-02
1.343967e-02
1.624178e-02
1.598252e-02
1.459459e-02
1.456090e-02
1.615263e-02
1.697624e-02
1.744117e-02
1.745890e-02
1.644098e-02
1.581069e-02
1.575668e-02
1.575068e-02
1.691205e-02
1.780326e-02
1.769412e-02
1.678327e-02
1.731865e-02
1.825163e-02
1.831282e-02
1.818973e-02
1.809277e-02
1.718030e-02
1.773843e-02
1.826560e-02
1.840197e-02
1.832589e-02
1.853576e-02
1.863663e-02
1.875135e-02
1.881620e-02
1.883505e-02
1.897096e-02
1.922985e-02
1.935589e-02
1.935451e-02
1.933922e-02
