3.305160e-15
8.939651e-15
3.317140e-14
8.260919e-14
1.979707e-13
7.173942e-13
1.586554e-12
4.049636e-12
1.414434e-11
3.647348e-11
6.312348e-11
1.685009e-10
5.550287e-10
1.134938e-09
2.066542e-09
4.282254e-09
1.011071e-08
1.732430e-08
2.854511e-08
4.330255e-08
9.968245e-08
1.427825e-07
2.140093e-07
4.018018e-07
5.890801e-07
1.021768e-06
2.462570e-06
3.283119e-06
4.156042e-06
7.294563e-06
1.022891e-05
1.241496e-05
2.000664e-05
3.137474e-05
3.134751e-05
3.132029e-05
3.967622e-05
4.556876e-05
8.102361e-05
9.821294e-05
1.078194e-04
1.109249e-04
1.141721e-04
1.749194e-04
2.267163e-04
2.679731e-04
2.164011e-04
3.616005e-04
5.755976e-04
4.017914e-04
6.856990e-04
9.801880e-04
1.004251e-03
1.798924e-03
2.752496e-03
1.529286e-03
1.370931e-03
2.817673e-03
4.812018e-03
4.837619e-03
2.455309e-03
3.252920e-03
4.141933e-03
7.604924e-03
8.408541e-03
7.127916e-03
4.266708e-03
5.719679e-03
1.129535e-02
9.921309e-03
9.830552e-03
9.618775e-03
5.787854e-03
9.738359e-03
1.318280e-02
1.429343e-02
1.406633e-02
9.394713e-03
9.786909e-03
1.116853e-02
1.546852e-02
1.503247e-02
1.279758e-02
1.272516e-02
1.523289e-02
1.662316e-02
1.740244e-02
1.741507e-02
1.565689e-02
1.459998e-02
1.449278e-02
1.448087e-02
1.639684e-02
1.794887e-02
1.772526e-02
1.612289e-02
1.703176e-02
1.862041e-02
1.870506e-02
1.845993e-02
1.828450e-02
1.667533e-02
1.762849e-02
1.854216e-02
1.875820e-02
1.859934e-02
1.898075e-02
1.906816e-02
1.923484e-02
1.929204e-02
1.930640e-02
1.933943e-02
1.938826e-02
1.938214e-02
1.937998e-02
1.929513e-02
