2.439287e-10
4.126784e-10
8.453787e-10
1.261368e-09
2.232068e-09
4.510333e-09
6.961106e-09
1.155130e-08
2.294867e-08
3.921719e-08
5.309055e-08
9.188374e-08
1.795987e-07
2.689301e-07
3.775814e-07
5.718419e-07
9.364082e-07
1.277817e-06
1.706426e-06
2.174744e-06
3.549346e-06
4.387939e-06
5.567234e-06
8.115226e-06
1.022858e-05
1.426951e-05
2.459063e-05
2.938233e-05
3.408103e-05
4.893609e-05
6.082865e-05
6.886774e-05
9.430092e-05
1.274165e-04
1.273322e-04
1.272480e-04
1.494802e-04
1.639044e-04
2.446277e-04
2.801639e-04
2.989956e-04
3.050488e-04
3.111034e-04
4.221241e-04
5.079653e-04
5.721169e-04
4.903890e-04
7.023101e-04
9.788397e-04
7.595630e-04
1.103541e-03
1.406961e-03
1.427284e-03
2.108666e-03
2.823514e-03
1.897611e-03
1.758178e-03
2.859836e-03
4.101943e-03
4.114302e-03
2.599963e-03
3.139551e-03
3.691397e-03
5.570043e-03
5.962752e-03
5.326404e-03
3.754963e-03
4.561316e-03
7.262815e-03
6.647536e-03
6.603671e-03
6.501313e-03
4.594438e-03
6.548434e-03
8.050888e-03
8.500746e-03
8.404039e-03
6.366767e-03
6.536463e-03
7.156328e-03
8.932186e-03
8.754358e-03
7.841104e-03
7.811526e-03
8.836746e-03
9.368666e-03
9.669777e-03
9.669370e-03
8.977965e-03
8.552936e-03
8.508388e-03
8.503440e-03
9.259180e-03
9.827550e-03
9.742301e-03
9.123619e-03
9.466038e-03
1.005492e-02
1.008986e-02
9.996992e-03
9.917694e-03
9.296322e-03
9.657281e-03
9.991638e-03
1.004938e-02
9.988070e-03
1.008934e-02
1.014680e-02
1.018739e-02
1.020394e-02
1.020991e-02
1.012541e-02
9.927211e-03
9.780569e-03
9.778093e-03
9.634038e-03
