2.021611e-07
2.623729e-07
3.736905e-07
4.424800e-07
6.029984e-07
8.535330e-07
1.059975e-06
1.365379e-06
1.940658e-06
2.538674e-06
3.003401e-06
3.947604e-06
5.569538e-06
6.866474e-06
8.288495e-06
1.024145e-05
1.331738e-05
1.583808e-05
1.854243e-05
2.123301e-05
2.767428e-05
3.124920e-05
3.558839e-05
4.426771e-05
5.041640e-05
6.133915e-05
8.432419e-05
9.417972e-05
1.027621e-04
1.286651e-04
1.472103e-04
1.597369e-04
1.949737e-04
2.364496e-04
2.369338e-04
2.374181e-04
2.644788e-04
2.798869e-04
3.664585e-04
4.016096e-04
4.189492e-04
4.245923e-04
4.307932e-04
5.268310e-04
5.943616e-04
6.422055e-04
5.831161e-04
7.416605e-04
9.965013e-04
7.833801e-04
1.512787e-03
9.902961e-03
2.048517e-02
8.006119e-01
6.389220e+00
4.498922e-01
3.445574e-01
1.774783e+01
2.900579e+02
4.034694e+02
2.258994e+01
1.179512e+02
4.922453e+02
9.912488e+03
2.063893e+04
1.356133e+04
1.818710e+03
1.481648e+04
3.144225e+05
2.432210e+05
2.554476e+05
2.839780e+05
4.062948e+04
5.337681e+05
2.560385e+06
4.866127e+06
5.698074e+06
1.704255e+06
2.938067e+06
5.338240e+06
4.008692e+07
3.941424e+07
2.666466e+07
3.476685e+07
9.765100e+07
1.791015e+08
2.869175e+08
3.744067e+08
3.085839e+08
2.982794e+08
3.704831e+08
3.785035e+08
8.249788e+08
1.853000e+09
2.397554e+09
2.073854e+09
3.464670e+09
1.117268e+10
1.358024e+10
1.653327e+10
1.985101e+10
1.693962e+10
2.658599e+10
4.693246e+10
8.695458e+10
1.026174e+11
1.977877e+11
3.124770e+11
6.015993e+11
1.062633e+12
1.252566e+12
2.642742e+13
1.368869e+16
1.489986e+18
1.525460e+18
2.071395e+19
