3.313277e-10
5.110448e-10
9.156510e-10
1.244893e-09
2.013169e-09
3.561382e-09
5.075895e-09
7.675546e-09
1.352073e-08
2.083219e-08
2.709426e-08
4.205132e-08
7.247597e-08
1.007536e-07
1.344165e-07
1.872920e-07
2.800291e-07
3.634727e-07
4.609569e-07
5.642077e-07
8.364455e-07
9.979417e-07
1.208618e-06
1.646431e-06
1.982009e-06
2.604451e-06
4.015913e-06
4.649611e-06
5.223783e-06
6.946753e-06
8.219100e-06
9.116282e-06
1.156472e-05
1.444245e-05
1.450287e-05
1.456330e-05
1.645378e-05
1.751067e-05
2.353326e-05
2.598260e-05
2.714072e-05
2.752704e-05
2.802595e-05
3.442730e-05
3.893671e-05
4.206742e-05
3.847076e-05
4.818559e-05
5.970288e-05
5.128629e-05
6.469173e-05
7.500537e-05
7.656169e-05
9.921812e-05
1.217806e-04
9.293394e-05
8.782015e-05
1.234262e-04
1.645260e-04
1.654744e-04
1.157205e-04
1.326956e-04
1.501225e-04
2.178795e-04
2.346376e-04
2.105358e-04
1.534783e-04
1.819674e-04
2.899281e-04
2.647090e-04
2.625161e-04
2.573991e-04
1.826858e-04
2.587741e-04
3.275985e-04
3.505576e-04
3.459864e-04
2.526612e-04
2.600113e-04
2.864645e-04
3.742265e-04
3.648570e-04
3.195467e-04
3.170812e-04
3.695941e-04
3.992906e-04
4.166740e-04
4.169001e-04
3.782136e-04
3.562683e-04
3.530923e-04
3.527395e-04
3.947762e-04
4.270971e-04
4.220469e-04
3.879732e-04
4.065411e-04
4.432077e-04
4.461143e-04
4.404503e-04
4.356605e-04
3.986761e-04
4.199741e-04
4.405332e-04
4.448854e-04
4.413682e-04
4.463220e-04
4.527121e-04
4.561788e-04
4.586483e-04
4.595316e-04
4.576742e-04
4.553533e-04
4.585334e-04
4.583814e-04
4.550188e-04
