0.000000e+00
2.884366e-58
1.748789e-52
4.099978e-50
-9.664733e-47
1.389191e-40
-4.669066e-35
-5.201554e-30
-3.625376e-24
9.512981e-06
1.394183e-05
2.869390e-05
6.769580e-05
1.130266e-04
1.704850e-04
2.878913e-04
5.236850e-04
7.539646e-04
1.061185e-03
1.404283e-03
2.474110e-03
3.128873e-03
4.097177e-03
6.108082e-03
7.843632e-03
1.102399e-02
1.902342e-02
2.246901e-02
2.595327e-02
3.579866e-02
4.330002e-02
4.798643e-02
6.183248e-02
7.782662e-02
7.754318e-02
7.725976e-02
8.626384e-02
9.282155e-02
1.185827e-01
1.286726e-01
1.338908e-01
1.355382e-01
1.369457e-01
1.603049e-01
1.749578e-01
1.845287e-01
1.722096e-01
1.998308e-01
2.273090e-01
2.076603e-01
2.372156e-01
2.570767e-01
2.579537e-01
2.874616e-01
3.114305e-01
2.811717e-01
2.759850e-01
3.133835e-01
3.413965e-01
3.418774e-01
3.070162e-01
3.218317e-01
3.346792e-01
3.667352e-01
3.722633e-01
3.636669e-01
3.371007e-01
3.519508e-01
3.893060e-01
3.824571e-01
3.820381e-01
3.810603e-01
3.543944e-01
3.822018e-01
3.988063e-01
4.034455e-01
4.027261e-01
3.811273e-01
3.831796e-01
3.905322e-01
4.090571e-01
4.075859e-01
3.989949e-01
3.989361e-01
4.089423e-01
4.139066e-01
4.166345e-01
4.168624e-01
4.111858e-01
4.075402e-01
4.073303e-01
4.073070e-01
4.142058e-01
4.195254e-01
4.190508e-01
4.139954e-01
4.171918e-01
4.226123e-01
4.229745e-01
4.224176e-01
4.220370e-01
4.171422e-01
4.203754e-01
4.234991e-01
4.246947e-01
4.244197e-01
4.261259e-01
4.267565e-01
4.278327e-01
4.285281e-01
4.287121e-01
4.318588e-01
4.383809e-01
4.410601e-01
4.410692e-01
4.422350e-01
