2.537951e-07
3.954978e-07
6.996237e-07
9.435362e-07
1.512699e-06
2.627904e-06
3.718905e-06
5.601129e-06
9.853920e-06
1.478036e-05
1.961352e-05
2.956578e-05
4.968984e-05
6.803519e-05
9.130126e-05
1.235944e-04
1.805291e-04
2.330314e-04
2.915961e-04
3.537937e-04
5.033343e-04
5.952559e-04
7.052350e-04
9.349391e-04
1.096985e-03
1.401986e-03
2.011538e-03
2.289227e-03
2.511198e-03
3.152197e-03
3.590371e-03
3.919682e-03
4.664403e-03
5.443262e-03
5.478521e-03
5.513779e-03
6.005720e-03
6.263972e-03
7.579284e-03
8.072840e-03
8.295089e-03
8.371029e-03
8.483004e-03
9.496413e-03
1.013971e-02
1.056007e-02
1.015412e-02
1.127945e-02
1.241978e-02
1.171897e-02
1.288265e-02
1.364385e-02
1.379090e-02
1.494613e-02
1.584944e-02
1.479542e-02
1.457578e-02
1.598855e-02
1.705781e-02
1.713362e-02
1.584890e-02
1.638785e-02
1.684875e-02
1.808228e-02
1.834166e-02
1.804496e-02
1.705116e-02
1.763132e-02
1.901286e-02
1.880628e-02
1.878702e-02
1.874210e-02
1.776212e-02
1.875280e-02
1.941359e-02
1.961323e-02
1.959102e-02
1.881200e-02
1.888906e-02
1.914760e-02
1.985489e-02
1.980923e-02
1.951692e-02
1.947094e-02
1.982684e-02
2.005363e-02
2.016492e-02
2.016103e-02
1.996387e-02
1.983635e-02
1.983283e-02
1.983244e-02
2.008786e-02
2.026709e-02
2.026708e-02
2.009151e-02
2.018550e-02
2.041703e-02
2.043675e-02
2.040461e-02
2.040691e-02
2.023074e-02
2.033908e-02
2.045740e-02
2.050546e-02
2.052371e-02
2.058068e-02
2.063982e-02
2.069644e-02
2.073849e-02
2.074931e-02
2.095639e-02
2.143411e-02
2.144423e-02
2.144408e-02
2.141348e-02
