0.000000e+00
8.546011e-64
3.925478e-57
1.558044e-55
9.859735e-52
2.668488e-46
-6.247325e-40
-9.582630e-35
3.759415e-29
6.676893e-11
1.187901e-10
3.647236e-10
1.403155e-09
3.164711e-09
6.056419e-09
1.418501e-08
3.773181e-08
6.861524e-08
1.211884e-07
1.936303e-07
5.107722e-07
7.637395e-07
1.229586e-06
2.487865e-06
3.889236e-06
7.212657e-06
1.986229e-05
2.719934e-05
3.587172e-05
6.656160e-05
9.724862e-05
1.188375e-04
2.000387e-04
3.254141e-04
3.215903e-04
3.177664e-04
4.007547e-04
4.716417e-04
8.095941e-04
9.668756e-04
1.059561e-03
1.088392e-03
1.109539e-03
1.605526e-03
1.977834e-03
2.247365e-03
1.885272e-03
2.739071e-03
3.755898e-03
2.963782e-03
4.170789e-03
5.149985e-03
5.172656e-03
6.961894e-03
8.663831e-03
6.468638e-03
6.137976e-03
8.752902e-03
1.122356e-02
1.123765e-02
8.191555e-03
9.361787e-03
1.049218e-02
1.379274e-02
1.438963e-02
1.334349e-02
1.061799e-02
1.208355e-02
1.638576e-02
1.545487e-02
1.540025e-02
1.527278e-02
1.218920e-02
1.536151e-02
1.753790e-02
1.817555e-02
1.804569e-02
1.509105e-02
1.535519e-02
1.630407e-02
1.880001e-02
1.857358e-02
1.731573e-02
1.729473e-02
1.869292e-02
1.940288e-02
1.982835e-02
1.981622e-02
1.892160e-02
1.836370e-02
1.831968e-02
1.831479e-02
1.930789e-02
2.008964e-02
2.001819e-02
1.917681e-02
1.964525e-02
2.042697e-02
2.046329e-02
2.035747e-02
2.029396e-02
1.948662e-02
1.997352e-02
2.044119e-02
2.056700e-02
2.049996e-02
2.072349e-02
2.077230e-02
2.087161e-02
2.092011e-02
2.092816e-02
2.113124e-02
2.161005e-02
2.158125e-02
2.158193e-02
2.157096e-02
