0.000000e+00
3.577758e-80
4.442445e-74
1.755422e-72
2.495745e-68
-4.671819e-63
-1.112675e-56
-2.159876e-51
2.141633e-46
4.821364e-40
1.817596e-33
-1.143848e-28
2.537434e-10
6.236476e-10
1.278715e-09
3.273012e-09
9.646270e-09
1.867150e-08
3.498308e-08
5.866533e-08
1.710806e-07
2.665611e-07
4.511145e-07
9.824120e-07
1.605945e-06
3.173474e-06
9.673929e-06
1.369078e-05
1.854918e-05
3.657297e-05
5.549654e-05
6.922565e-05
1.226659e-04
2.095652e-04
2.068846e-04
2.042040e-04
2.636219e-04
3.151445e-04
5.718457e-04
6.949033e-04
7.685770e-04
7.915258e-04
8.086145e-04
1.214416e-03
1.527840e-03
1.758721e-03
1.448876e-03
2.191111e-03
3.099332e-03
2.386879e-03
3.479646e-03
4.393320e-03
4.417729e-03
6.144546e-03
7.827358e-03
5.653303e-03
5.333581e-03
7.907485e-03
1.043444e-02
1.045286e-02
7.347687e-03
8.527755e-03
9.681082e-03
1.312955e-02
1.376421e-02
1.266496e-02
9.800848e-03
1.133136e-02
1.593004e-02
1.491932e-02
1.486070e-02
1.472391e-02
1.143596e-02
1.481492e-02
1.719042e-02
1.789287e-02
1.774306e-02
1.452377e-02
1.480989e-02
1.583210e-02
1.858382e-02
1.833015e-02
1.694307e-02
1.689632e-02
1.845405e-02
1.926018e-02
1.971536e-02
1.971750e-02
1.871078e-02
1.807085e-02
1.803146e-02
1.802709e-02
1.915484e-02
2.002420e-02
1.991745e-02
1.899688e-02
1.951960e-02
2.040504e-02
2.043408e-02
2.033497e-02
2.022948e-02
1.934062e-02
1.988238e-02
2.039795e-02
2.053246e-02
2.046282e-02
2.070338e-02
2.076567e-02
2.087011e-02
2.092011e-02
2.092816e-02
2.113124e-02
2.161005e-02
2.158125e-02
2.158193e-02
2.157096e-02
