2.542386e-07
3.732230e-07
6.411902e-07
8.479485e-07
1.330412e-06
2.272634e-06
3.167066e-06
4.636510e-06
7.762232e-06
1.185502e-05
1.474050e-05
2.267851e-05
3.806580e-05
5.210259e-05
6.681044e-05
9.301895e-05
1.359861e-04
1.714772e-04
2.140849e-04
2.568378e-04
3.756146e-04
4.394408e-04
5.287105e-04
6.952272e-04
8.299465e-04
1.055308e-03
1.575614e-03
1.778368e-03
1.986036e-03
2.539284e-03
2.946849e-03
3.185818e-03
3.902083e-03
4.712712e-03
4.690764e-03
4.668816e-03
5.105058e-03
5.439797e-03
6.672792e-03
7.148475e-03
7.405843e-03
7.484969e-03
7.535280e-03
8.660285e-03
9.353416e-03
9.810388e-03
9.193300e-03
1.051452e-02
1.182604e-02
1.086821e-02
1.228720e-02
1.325290e-02
1.326853e-02
1.469581e-02
1.586551e-02
1.437334e-02
1.410037e-02
1.592692e-02
1.731859e-02
1.733269e-02
1.558812e-02
1.630772e-02
1.694673e-02
1.854979e-02
1.878756e-02
1.834540e-02
1.702238e-02
1.777334e-02
1.959971e-02
1.925751e-02
1.924020e-02
1.919981e-02
1.785128e-02
1.921634e-02
2.005369e-02
2.028020e-02
2.021842e-02
1.913237e-02
1.924219e-02
1.962114e-02
2.050898e-02
2.043819e-02
2.001254e-02
2.000376e-02
2.047623e-02
2.073707e-02
2.087893e-02
2.088009e-02
2.058954e-02
2.042065e-02
2.040630e-02
2.040470e-02
2.072975e-02
2.097465e-02
2.096232e-02
2.069462e-02
2.085075e-02
2.112357e-02
2.113968e-02
2.112447e-02
2.110214e-02
2.083756e-02
2.100038e-02
2.116946e-02
2.122363e-02
2.121763e-02
2.128406e-02
2.135380e-02
2.140632e-02
2.144885e-02
2.145708e-02
2.166533e-02
2.215638e-02
2.212668e-02
2.212738e-02
2.211623e-02
