0.000000e+00
5.951822e-62
2.040751e-55
8.026634e-54
-5.232772e-50
-2.347175e-44
-8.701413e-39
-2.813663e-34
2.776790e-28
2.359712e-09
4.307009e-09
1.079543e-08
3.400717e-08
6.799104e-08
1.278545e-07
2.513826e-07
5.777845e-07
1.002714e-06
1.636162e-06
2.489090e-06
5.425446e-06
7.794240e-06
1.137168e-05
2.105050e-05
2.993388e-05
5.120199e-05
1.135044e-04
1.502981e-04
1.844510e-04
3.035841e-04
4.048919e-04
4.904542e-04
7.225825e-04
1.022191e-03
1.035528e-03
1.048865e-03
1.269287e-03
1.395507e-03
2.143951e-03
2.469815e-03
2.625028e-03
2.678564e-03
2.761272e-03
3.573787e-03
4.149524e-03
4.548832e-03
4.153588e-03
5.310871e-03
6.615124e-03
5.776045e-03
7.197673e-03
8.225637e-03
8.428848e-03
1.020876e-02
1.171486e-02
9.922446e-03
9.570258e-03
1.194990e-02
1.395397e-02
1.406464e-02
1.167386e-02
1.263863e-02
1.350033e-02
1.601659e-02
1.655948e-02
1.592702e-02
1.387185e-02
1.501322e-02
1.807077e-02
1.760161e-02
1.754756e-02
1.742143e-02
1.526043e-02
1.747235e-02
1.896667e-02
1.945194e-02
1.939845e-02
1.751759e-02
1.767774e-02
1.826120e-02
1.999687e-02
1.987738e-02
1.912457e-02
1.901465e-02
1.992455e-02
2.045193e-02
2.070742e-02
2.072705e-02
2.016596e-02
1.987388e-02
1.980267e-02
1.979476e-02
2.045219e-02
2.095787e-02
2.087835e-02
2.045027e-02
2.068822e-02
2.122460e-02
2.124305e-02
2.117517e-02
2.115406e-02
2.069896e-02
2.095882e-02
2.125558e-02
2.138617e-02
2.136308e-02
2.146548e-02
2.153349e-02
2.164958e-02
2.169883e-02
2.171010e-02
2.192691e-02
2.242688e-02
2.243706e-02
2.243691e-02
2.240502e-02
