0.000000e+00
-4.161296e-39
2.817876e-32
8.011869e-32
-1.536070e-26
4.994506e-09
9.018487e-09
1.820375e-08
4.745344e-08
9.401737e-08
1.502055e-07
3.032939e-07
7.323347e-07
1.248150e-06
2.038108e-06
3.420920e-06
6.496736e-06
9.960082e-06
1.454018e-05
2.013009e-05
3.666518e-05
4.857485e-05
6.490122e-05
1.045128e-04
1.371224e-04
2.076608e-04
3.840735e-04
4.775162e-04
5.592301e-04
8.230691e-04
1.027482e-03
1.192522e-03
1.606925e-03
2.097827e-03
2.120356e-03
2.142884e-03
2.482839e-03
2.668720e-03
3.713343e-03
4.141734e-03
4.339656e-03
4.407817e-03
4.512324e-03
5.498572e-03
6.163439e-03
6.612438e-03
6.173424e-03
7.438447e-03
8.803914e-03
7.943136e-03
9.393315e-03
1.039218e-02
1.058579e-02
1.222695e-02
1.359179e-02
1.199081e-02
1.166134e-02
1.380183e-02
1.549704e-02
1.559704e-02
1.355820e-02
1.438934e-02
1.512882e-02
1.721159e-02
1.765099e-02
1.712487e-02
1.544404e-02
1.639733e-02
1.882970e-02
1.847410e-02
1.843656e-02
1.834897e-02
1.660421e-02
1.835634e-02
1.951658e-02
1.990330e-02
1.985793e-02
1.841829e-02
1.854954e-02
1.900043e-02
2.032975e-02
2.023610e-02
1.967255e-02
1.957144e-02
2.028864e-02
2.068826e-02
2.088085e-02
2.089235e-02
2.047135e-02
2.026271e-02
2.021064e-02
2.020486e-02
2.070742e-02
2.108121e-02
2.101706e-02
2.070005e-02
2.086976e-02
2.128873e-02
2.131042e-02
2.124416e-02
2.125012e-02
2.089372e-02
2.109782e-02
2.133109e-02
2.141322e-02
2.140676e-02
2.149839e-02
2.155993e-02
2.165121e-02
2.169883e-02
2.171010e-02
2.192691e-02
2.242688e-02
2.243706e-02
2.243691e-02
2.240502e-02
