0.000000e+00
-1.006150e-61
-1.058211e-55
4.470853e-54
8.479764e-50
3.915972e-44
4.568816e-39
-1.980849e-33
8.559141e-28
1.690468e-09
2.980211e-09
7.770317e-09
2.521609e-08
5.103285e-08
9.401047e-08
1.912595e-07
4.475974e-07
7.679247e-07
1.260256e-06
1.907607e-06
4.295543e-06
6.144290e-06
9.075892e-06
1.685830e-05
2.428472e-05
4.143379e-05
9.461029e-05
1.244700e-04
1.541216e-04
2.577034e-04
3.478606e-04
4.154592e-04
6.251926e-04
9.045485e-04
9.074927e-04
9.104369e-04
1.104968e-03
1.230359e-03
1.899029e-03
2.187528e-03
2.334072e-03
2.382443e-03
2.440955e-03
3.207996e-03
3.741334e-03
4.119711e-03
3.689924e-03
4.803762e-03
6.049218e-03
5.177694e-03
6.566902e-03
7.564958e-03
7.694711e-03
9.433774e-03
1.092994e-02
9.069883e-03
8.717314e-03
1.107719e-02
1.307753e-02
1.314228e-02
1.069803e-02
1.166889e-02
1.254671e-02
1.505682e-02
1.553750e-02
1.484701e-02
1.278362e-02
1.391506e-02
1.696012e-02
1.642445e-02
1.637720e-02
1.626694e-02
1.409226e-02
1.631194e-02
1.779125e-02
1.822985e-02
1.814911e-02
1.625456e-02
1.642380e-02
1.702556e-02
1.870302e-02
1.857116e-02
1.779765e-02
1.772277e-02
1.862735e-02
1.912409e-02
1.937779e-02
1.937135e-02
1.882529e-02
1.849723e-02
1.844662e-02
1.844099e-02
1.908292e-02
1.957831e-02
1.951609e-02
1.904848e-02
1.930772e-02
1.981908e-02
1.983503e-02
1.977185e-02
1.975243e-02
1.927170e-02
1.954943e-02
1.984266e-02
1.993429e-02
1.992515e-02
2.003171e-02
2.008775e-02
2.018239e-02
2.023600e-02
2.023869e-02
2.044201e-02
2.090345e-02
2.089182e-02
2.089301e-02
2.088070e-02
