1.335182e-09
2.358130e-09
5.192424e-09
8.170461e-09
1.511962e-08
3.305903e-08
5.363427e-08
9.395198e-08
1.995369e-07
3.669794e-07
5.044327e-07
9.423611e-07
1.997755e-06
3.147685e-06
4.518651e-06
7.283456e-06
1.261264e-05
1.763948e-05
2.429633e-05
3.162084e-05
5.468329e-05
6.859921e-05
8.961589e-05
1.330858e-04
1.717516e-04
2.431248e-04
4.329936e-04
5.162522e-04
6.052153e-04
8.620826e-04
1.068935e-03
1.197586e-03
1.607973e-03
2.117100e-03
2.102948e-03
2.088797e-03
2.379070e-03
2.609175e-03
3.526410e-03
3.899781e-03
4.106974e-03
4.171214e-03
4.216581e-03
5.173848e-03
5.806647e-03
6.231725e-03
5.654013e-03
6.919281e-03
8.247408e-03
7.250220e-03
8.724710e-03
9.778514e-03
9.798062e-03
1.145278e-02
1.287797e-02
1.105135e-02
1.074246e-02
1.295000e-02
1.471597e-02
1.474358e-02
1.251742e-02
1.342030e-02
1.423152e-02
1.636024e-02
1.671370e-02
1.608557e-02
1.431694e-02
1.530403e-02
1.782242e-02
1.732307e-02
1.729541e-02
1.723088e-02
1.538904e-02
1.727762e-02
1.846602e-02
1.878805e-02
1.872486e-02
1.714578e-02
1.729216e-02
1.781564e-02
1.910667e-02
1.899864e-02
1.836593e-02
1.835194e-02
1.906772e-02
1.942729e-02
1.962946e-02
1.962329e-02
1.917876e-02
1.892328e-02
1.890943e-02
1.890789e-02
1.939525e-02
1.977505e-02
1.974572e-02
1.933883e-02
1.957799e-02
1.995646e-02
1.997094e-02
1.993375e-02
1.990467e-02
1.951583e-02
1.975430e-02
1.999854e-02
2.005708e-02
2.004016e-02
2.014622e-02
2.019884e-02
2.026299e-02
2.030597e-02
2.031384e-02
2.051104e-02
2.097542e-02
2.094778e-02
2.094845e-02
2.093775e-02
