0.000000e+00
1.931490e-51
3.201091e-44
1.349450e-42
-1.195009e-38
7.523164e-34
-8.835242e-28
2.498736e-09
7.776403e-09
1.692476e-08
2.869837e-08
6.402380e-08
1.746488e-07
3.201414e-07
5.567476e-07
1.005088e-06
2.081189e-06
3.373307e-06
5.179270e-06
7.478776e-06
1.477252e-05
2.028912e-05
2.821382e-05
4.833197e-05
6.577079e-05
1.050999e-04
2.108145e-04
2.693620e-04
3.222028e-04
4.983743e-04
6.403808e-04
7.570576e-04
1.061066e-03
1.435415e-03
1.452007e-03
1.468600e-03
1.733580e-03
1.883421e-03
2.733351e-03
3.090275e-03
3.259707e-03
3.317915e-03
3.406112e-03
4.262358e-03
4.845194e-03
5.248685e-03
4.850868e-03
5.995749e-03
7.257709e-03
6.450614e-03
7.797558e-03
8.756960e-03
8.938979e-03
1.053409e-02
1.186587e-02
1.028973e-02
9.970737e-03
1.206347e-02
1.377770e-02
1.387562e-02
1.182075e-02
1.265658e-02
1.339558e-02
1.550919e-02
1.595728e-02
1.543425e-02
1.370670e-02
1.466855e-02
1.718810e-02
1.680967e-02
1.676967e-02
1.667634e-02
1.487604e-02
1.669607e-02
1.790000e-02
1.828769e-02
1.824463e-02
1.673904e-02
1.687485e-02
1.735701e-02
1.873768e-02
1.864393e-02
1.804618e-02
1.794284e-02
1.868137e-02
1.910031e-02
1.932766e-02
1.932733e-02
1.887520e-02
1.864474e-02
1.859153e-02
1.858561e-02
1.911884e-02
1.951301e-02
1.943761e-02
1.911489e-02
1.929409e-02
1.971935e-02
1.975100e-02
1.968783e-02
1.967729e-02
1.930229e-02
1.952300e-02
1.976115e-02
1.985074e-02
1.984295e-02
1.992669e-02
1.999392e-02
2.008543e-02
2.012946e-02
2.014007e-02
2.034083e-02
2.080420e-02
2.081437e-02
2.081425e-02
2.078462e-02
