0.000000e+00
1.698091e-84
6.051222e-79
-2.709598e-76
2.211965e-72
-1.304018e-66
3.549063e-61
-5.719200e-56
-1.350999e-50
3.538279e-44
-4.281830e-38
2.106486e-32
-8.727957e-27
5.155015e-09
1.099576e-08
2.491653e-08
6.795169e-08
1.316507e-07
2.374512e-07
3.931381e-07
1.006420e-06
1.554113e-06
2.455460e-06
5.150215e-06
7.865243e-06
1.500964e-05
3.910091e-05
5.480645e-05
7.009647e-05
1.274349e-04
1.802508e-04
2.268792e-04
3.619122e-04
5.500967e-04
5.586292e-04
5.671617e-04
7.135665e-04
8.002828e-04
1.343376e-03
1.592905e-03
1.714652e-03
1.756768e-03
1.822751e-03
2.490928e-03
2.983892e-03
3.335610e-03
2.985775e-03
4.031727e-03
5.257208e-03
4.452741e-03
5.820918e-03
6.848030e-03
7.056233e-03
8.917132e-03
1.054871e-02
8.606944e-03
8.237784e-03
1.080844e-02
1.305919e-02
1.319988e-02
1.049688e-02
1.156961e-02
1.255069e-02
1.548469e-02
1.614462e-02
1.537831e-02
1.296963e-02
1.429557e-02
1.796684e-02
1.739707e-02
1.733056e-02
1.717536e-02
1.458157e-02
1.721686e-02
1.905029e-02
1.967378e-02
1.961623e-02
1.728061e-02
1.747767e-02
1.819066e-02
2.035723e-02
2.020491e-02
1.926175e-02
1.910019e-02
2.026654e-02
2.093666e-02
2.126436e-02
2.126258e-02
2.056627e-02
2.018165e-02
2.009187e-02
2.008190e-02
2.091137e-02
2.157841e-02
2.143986e-02
2.091988e-02
2.120555e-02
2.189095e-02
2.192068e-02
2.182620e-02
2.180150e-02
2.120001e-02
2.155688e-02
2.192604e-02
2.207393e-02
2.205282e-02
2.216479e-02
2.225279e-02
2.238365e-02
2.243773e-02
2.244934e-02
2.267357e-02
2.319053e-02
2.320064e-02
2.320049e-02
2.316747e-02
