0.000000e+00
7.721104e-10
1.982304e-09
3.383737e-09
6.653936e-09
1.586293e-08
2.731798e-08
5.200899e-08
1.252263e-07
2.353821e-07
3.611834e-07
6.894885e-07
1.549126e-06
2.525975e-06
3.953690e-06
6.364950e-06
1.145510e-05
1.692812e-05
2.392831e-05
3.221538e-05
5.574422e-05
7.206455e-05
9.389109e-05
1.449067e-04
1.857150e-04
2.707926e-04
4.742900e-04
5.778878e-04
6.673778e-04
9.482409e-04
1.159926e-03
1.326619e-03
1.739070e-03
2.213335e-03
2.233660e-03
2.253985e-03
2.572193e-03
2.750036e-03
3.698633e-03
4.079890e-03
4.256698e-03
4.317170e-03
4.406774e-03
5.264568e-03
5.827815e-03
6.210336e-03
5.835351e-03
6.895458e-03
8.018435e-03
7.306586e-03
8.489678e-03
9.298809e-03
9.444087e-03
1.074345e-02
1.179764e-02
1.055318e-02
1.030090e-02
1.194896e-02
1.325906e-02
1.333632e-02
1.176688e-02
1.240861e-02
1.297262e-02
1.453885e-02
1.486839e-02
1.447308e-02
1.319920e-02
1.391802e-02
1.572674e-02
1.546884e-02
1.544184e-02
1.537886e-02
1.408240e-02
1.538558e-02
1.624678e-02
1.652534e-02
1.649158e-02
1.543013e-02
1.552598e-02
1.586327e-02
1.682686e-02
1.676173e-02
1.635568e-02
1.628581e-02
1.679771e-02
1.709524e-02
1.723895e-02
1.723783e-02
1.693717e-02
1.676969e-02
1.674756e-02
1.674511e-02
1.709687e-02
1.737233e-02
1.734239e-02
1.709888e-02
1.722938e-02
1.752932e-02
1.754822e-02
1.750795e-02
1.750391e-02
1.725657e-02
1.740122e-02
1.757010e-02
1.762264e-02
1.762401e-02
1.769669e-02
1.774931e-02
1.781316e-02
1.785254e-02
1.786195e-02
1.803949e-02
1.844983e-02
1.845897e-02
1.845882e-02
1.843214e-02
