2.054810e-10
3.884164e-10
9.350458e-10
1.576836e-09
3.074435e-09
7.336893e-09
1.255889e-08
2.343548e-08
5.406777e-08
1.058963e-07
1.506624e-07
3.004629e-07
6.883469e-07
1.135851e-06
1.691889e-06
2.858756e-06
5.223842e-06
7.548001e-06
1.071926e-05
1.430397e-05
2.602144e-05
3.333199e-05
4.461689e-05
6.866824e-05
9.059691e-05
1.322024e-04
2.470377e-04
2.989512e-04
3.549231e-04
5.198809e-04
6.555268e-04
7.410421e-04
1.017434e-03
1.367026e-03
1.357397e-03
1.347767e-03
1.549957e-03
1.710881e-03
2.363004e-03
2.631371e-03
2.780843e-03
2.827234e-03
2.860393e-03
3.558764e-03
4.024737e-03
4.339502e-03
3.912897e-03
4.853142e-03
5.848618e-03
5.100080e-03
6.209758e-03
7.008828e-03
7.024562e-03
8.290776e-03
9.386798e-03
7.981949e-03
7.745470e-03
9.442719e-03
1.081205e-02
1.083309e-02
9.109168e-03
9.806601e-03
1.043510e-02
1.209348e-02
1.237067e-02
1.188014e-02
1.050209e-02
1.126927e-02
1.324024e-02
1.284825e-02
1.282632e-02
1.277514e-02
1.133532e-02
1.281199e-02
1.374445e-02
1.399770e-02
1.394775e-02
1.270801e-02
1.282253e-02
1.323275e-02
1.424776e-02
1.416223e-02
1.366429e-02
1.365348e-02
1.421649e-02
1.449909e-02
1.465828e-02
1.465363e-02
1.430353e-02
1.410127e-02
1.408988e-02
1.408861e-02
1.447302e-02
1.477141e-02
1.474737e-02
1.442743e-02
1.461526e-02
1.491318e-02
1.492499e-02
1.489498e-02
1.487150e-02
1.456511e-02
1.475258e-02
1.494348e-02
1.498859e-02
1.497438e-02
1.505609e-02
1.509745e-02
1.514637e-02
1.517929e-02
1.518538e-02
1.533148e-02
1.567739e-02
1.565760e-02
1.565805e-02
1.564940e-02
