0.000000e+00
3.495921e-74
-2.186403e-67
-6.505020e-66
7.866128e-62
-3.524716e-57
-2.669633e-50
-2.769754e-45
-1.434930e-40
8.004646e-34
2.784679e-27
1.051479e-09
3.979986e-09
8.879676e-09
1.826086e-08
4.012175e-08
1.048579e-07
1.968792e-07
3.458420e-07
5.589799e-07
1.374964e-06
2.077952e-06
3.216273e-06
6.499736e-06
9.738797e-06
1.796287e-05
4.470126e-05
6.144674e-05
7.771930e-05
1.369086e-04
1.902239e-04
2.358306e-04
3.670952e-04
5.455725e-04
5.525977e-04
5.596229e-04
6.939563e-04
7.745773e-04
1.257717e-03
1.474268e-03
1.580786e-03
1.617167e-03
1.670696e-03
2.239568e-03
2.651728e-03
2.941350e-03
2.646779e-03
3.500836e-03
4.486606e-03
3.837851e-03
4.926120e-03
5.735317e-03
5.882778e-03
7.304301e-03
8.531240e-03
7.064406e-03
6.779241e-03
8.721531e-03
1.038431e-02
1.046892e-02
8.476010e-03
9.276443e-03
1.000596e-02
1.212479e-02
1.258850e-02
1.203879e-02
1.028497e-02
1.125812e-02
1.387827e-02
1.345460e-02
1.340939e-02
1.330391e-02
1.145556e-02
1.334130e-02
1.463577e-02
1.505314e-02
1.500733e-02
1.337848e-02
1.351919e-02
1.402563e-02
1.552073e-02
1.541405e-02
1.474815e-02
1.465700e-02
1.545848e-02
1.592338e-02
1.613377e-02
1.615691e-02
1.565124e-02
1.539672e-02
1.533348e-02
1.532646e-02
1.590399e-02
1.635551e-02
1.627772e-02
1.589734e-02
1.611779e-02
1.657172e-02
1.659342e-02
1.653484e-02
1.651384e-02
1.610731e-02
1.634622e-02
1.660277e-02
1.670964e-02
1.668774e-02
1.677752e-02
1.683105e-02
1.692645e-02
1.696587e-02
1.697487e-02
1.714332e-02
1.753288e-02
1.754173e-02
1.754158e-02
1.751604e-02
