0.000000e+00
-5.711584e-63
-1.153000e-56
-5.072405e-55
1.004897e-50
-7.458083e-45
4.247392e-40
-4.498852e-34
1.873545e-29
3.547789e-10
6.873010e-10
1.929012e-09
6.950670e-09
1.505423e-08
3.017670e-08
6.438265e-08
1.624193e-07
2.982364e-07
5.131373e-07
8.151184e-07
1.939433e-06
2.888975e-06
4.398194e-06
8.669563e-06
1.279633e-05
2.308428e-05
5.559117e-05
7.553194e-05
9.472545e-05
1.635654e-04
2.245679e-04
2.762863e-04
4.230397e-04
6.198575e-04
6.275309e-04
6.352044e-04
7.816253e-04
8.690181e-04
1.386046e-03
1.616024e-03
1.727989e-03
1.766327e-03
1.823465e-03
2.417390e-03
2.844224e-03
3.142962e-03
2.839430e-03
3.716318e-03
4.717299e-03
4.061544e-03
5.165031e-03
5.974971e-03
6.125558e-03
7.545251e-03
8.761334e-03
7.303966e-03
7.023802e-03
8.943058e-03
1.058154e-02
1.066682e-02
8.707818e-03
9.494049e-03
1.020213e-02
1.227623e-02
1.272085e-02
1.218918e-02
1.049065e-02
1.143039e-02
1.397326e-02
1.357124e-02
1.352689e-02
1.342340e-02
1.162482e-02
1.346665e-02
1.471525e-02
1.511787e-02
1.507098e-02
1.349032e-02
1.362507e-02
1.411604e-02
1.556684e-02
1.546442e-02
1.482752e-02
1.474081e-02
1.550559e-02
1.594507e-02
1.615985e-02
1.617531e-02
1.570202e-02
1.545159e-02
1.539412e-02
1.538773e-02
1.594017e-02
1.636503e-02
1.629875e-02
1.593271e-02
1.613663e-02
1.658543e-02
1.660140e-02
1.654384e-02
1.652388e-02
1.613752e-02
1.635879e-02
1.660756e-02
1.671306e-02
1.669200e-02
1.677853e-02
1.683327e-02
1.692658e-02
1.696587e-02
1.697487e-02
1.714332e-02
1.753288e-02
1.754173e-02
1.754158e-02
1.751604e-02
