0.000000e+00
-3.483493e-87
1.592860e-80
1.623498e-79
-3.743779e-75
-1.324393e-69
1.811280e-63
5.513592e-58
1.849108e-52
9.202863e-47
-1.794559e-40
5.477804e-35
-6.606710e-29
2.528452e-11
5.951825e-11
1.820771e-10
6.580031e-10
1.442123e-09
3.037567e-09
5.607784e-09
1.990397e-08
3.363983e-08
6.275048e-08
1.577888e-07
2.808288e-07
6.280748e-07
2.323122e-06
3.501223e-06
4.988871e-06
1.101981e-05
1.794822e-05
2.325121e-05
4.535563e-05
8.464711e-05
8.343581e-05
8.222452e-05
1.107891e-04
1.363736e-04
2.731720e-04
3.420830e-04
3.846340e-04
3.979175e-04
4.080494e-04
6.546995e-04
8.545683e-04
1.006575e-03
8.040168e-04
1.303584e-03
1.944724e-03
1.436149e-03
2.222665e-03
2.914074e-03
2.934794e-03
4.312426e-03
5.706787e-03
3.910376e-03
3.652685e-03
5.776631e-03
7.978133e-03
7.997273e-03
5.298492e-03
6.308322e-03
7.313272e-03
1.044330e-02
1.104934e-02
1.001716e-02
7.416707e-03
8.787988e-03
1.310590e-02
1.211744e-02
1.206445e-02
1.194082e-02
8.885542e-03
1.202479e-02
1.433071e-02
1.501163e-02
1.487122e-02
1.175195e-02
1.202775e-02
1.300843e-02
1.571107e-02
1.545190e-02
1.407195e-02
1.404110e-02
1.558029e-02
1.637716e-02
1.683483e-02
1.682310e-02
1.581917e-02
1.520184e-02
1.515825e-02
1.515341e-02
1.625018e-02
1.712900e-02
1.703081e-02
1.610057e-02
1.663752e-02
1.751451e-02
1.754287e-02
1.743608e-02
1.734413e-02
1.645116e-02
1.698290e-02
1.750830e-02
1.764099e-02
1.756232e-02
1.780682e-02
1.785385e-02
1.796485e-02
1.801016e-02
1.801722e-02
1.819140e-02
1.860297e-02
1.857880e-02
1.857936e-02
1.856963e-02
