0.000000e+00
1.035397e-61
-3.500023e-55
-1.798537e-53
1.367286e-49
-1.015941e-44
-6.061143e-39
-5.723623e-33
-7.446847e-28
5.436039e-09
9.636550e-09
2.299652e-08
6.823442e-08
1.316419e-07
2.400440e-07
4.554029e-07
1.003099e-06
1.694134e-06
2.697779e-06
4.020944e-06
8.418960e-06
1.188535e-05
1.700554e-05
3.054035e-05
4.266498e-05
7.107860e-05
1.514858e-04
1.979153e-04
2.404364e-04
3.864477e-04
5.080699e-04
6.101087e-04
8.812828e-04
1.225339e-03
1.241437e-03
1.257534e-03
1.507440e-03
1.649231e-03
2.481386e-03
2.839914e-03
3.008593e-03
3.066884e-03
3.157765e-03
4.035753e-03
4.650693e-03
5.073783e-03
4.658283e-03
5.882030e-03
7.249911e-03
6.375715e-03
7.850713e-03
8.915691e-03
9.128725e-03
1.094803e-02
1.247487e-02
1.066513e-02
1.030526e-02
1.271704e-02
1.473776e-02
1.484712e-02
1.244162e-02
1.341155e-02
1.428504e-02
1.680976e-02
1.735863e-02
1.670771e-02
1.465048e-02
1.580583e-02
1.885185e-02
1.838075e-02
1.832674e-02
1.820072e-02
1.606227e-02
1.823231e-02
1.971439e-02
2.020350e-02
2.015456e-02
1.829703e-02
1.845910e-02
1.903834e-02
2.074213e-02
2.061706e-02
1.989050e-02
1.975888e-02
2.066010e-02
2.120025e-02
2.146125e-02
2.146787e-02
2.091563e-02
2.063820e-02
2.055998e-02
2.055129e-02
2.119443e-02
2.169748e-02
2.162147e-02
2.118292e-02
2.141874e-02
2.196588e-02
2.199664e-02
2.190944e-02
2.190260e-02
2.145059e-02
2.171504e-02
2.198843e-02
2.211965e-02
2.209770e-02
2.219890e-02
2.227902e-02
2.238712e-02
2.243773e-02
2.244934e-02
2.267357e-02
2.319053e-02
2.320064e-02
2.320049e-02
2.316747e-02
