4.102671e-08
6.812655e-08
1.311547e-07
1.872033e-07
3.179909e-07
5.999613e-07
8.931394e-07
1.427095e-06
2.714269e-06
4.323972e-06
5.927850e-06
9.505364e-06
1.719188e-05
2.459228e-05
3.417693e-05
4.838106e-05
7.436529e-05
9.901220e-05
1.275498e-04
1.584813e-04
2.365956e-04
2.854257e-04
3.460352e-04
4.745593e-04
5.687466e-04
7.482286e-04
1.124248e-03
1.297526e-03
1.440824e-03
1.858320e-03
2.151050e-03
2.368712e-03
2.879979e-03
3.427233e-03
3.448219e-03
3.469204e-03
3.814116e-03
4.002902e-03
4.945214e-03
5.303559e-03
5.467921e-03
5.523598e-03
5.602052e-03
6.356070e-03
6.837207e-03
7.152861e-03
6.836756e-03
7.692087e-03
8.562466e-03
8.016175e-03
8.913218e-03
9.504450e-03
9.608844e-03
1.051114e-02
1.122254e-02
1.038344e-02
1.021220e-02
1.132501e-02
1.217165e-02
1.222662e-02
1.120438e-02
1.163198e-02
1.199902e-02
1.297916e-02
1.318169e-02
1.294154e-02
1.214799e-02
1.260751e-02
1.371307e-02
1.354265e-02
1.352728e-02
1.349141e-02
1.270538e-02
1.350131e-02
1.402767e-02
1.418512e-02
1.416631e-02
1.353734e-02
1.359878e-02
1.380726e-02
1.437195e-02
1.433401e-02
1.409638e-02
1.406270e-02
1.434972e-02
1.452779e-02
1.461625e-02
1.461351e-02
1.445270e-02
1.434878e-02
1.434543e-02
1.434506e-02
1.455023e-02
1.469416e-02
1.469236e-02
1.454948e-02
1.462636e-02
1.480890e-02
1.482419e-02
1.479898e-02
1.479851e-02
1.465540e-02
1.474306e-02
1.483695e-02
1.487303e-02
1.488477e-02
1.492815e-02
1.497309e-02
1.501504e-02
1.504623e-02
1.505431e-02
1.520303e-02
1.554747e-02
1.555559e-02
1.555543e-02
1.553239e-02
