0.000000e+00
1.941581e-57
-1.030476e-50
1.784070e-49
1.409509e-44
-8.035606e-40
1.789008e-33
-2.482940e-28
7.264589e-10
1.865518e-09
3.264462e-09
8.455304e-09
2.713874e-08
5.458852e-08
9.970734e-08
2.016002e-07
4.675718e-07
7.963853e-07
1.298702e-06
1.955175e-06
4.359448e-06
6.204292e-06
9.119763e-06
1.677372e-05
2.403965e-05
4.063743e-05
9.163257e-05
1.198585e-04
1.479534e-04
2.450026e-04
3.290198e-04
3.912688e-04
5.838288e-04
8.386481e-04
8.407370e-04
8.428259e-04
1.017673e-03
1.132340e-03
1.727366e-03
1.982037e-03
2.112935e-03
2.156026e-03
2.207244e-03
2.880391e-03
3.344091e-03
3.670279e-03
3.294396e-03
4.257685e-03
5.327282e-03
4.577482e-03
5.766319e-03
6.617681e-03
6.720816e-03
8.185336e-03
9.443343e-03
7.875058e-03
7.583256e-03
9.561365e-03
1.121698e-02
1.126357e-02
9.237543e-03
1.005494e-02
1.077926e-02
1.283840e-02
1.324251e-02
1.267551e-02
1.097153e-02
1.191041e-02
1.439671e-02
1.396179e-02
1.392400e-02
1.383581e-02
1.204262e-02
1.385850e-02
1.506942e-02
1.542925e-02
1.535914e-02
1.381720e-02
1.395326e-02
1.444483e-02
1.581000e-02
1.570288e-02
1.507665e-02
1.501504e-02
1.573528e-02
1.615177e-02
1.635708e-02
1.635335e-02
1.590956e-02
1.564875e-02
1.560698e-02
1.560234e-02
1.613247e-02
1.652185e-02
1.646741e-02
1.609328e-02
1.629768e-02
1.671408e-02
1.672038e-02
1.667113e-02
1.666045e-02
1.626630e-02
1.649190e-02
1.673256e-02
1.681067e-02
1.679748e-02
1.688264e-02
1.693613e-02
1.700971e-02
1.705606e-02
1.705853e-02
1.722912e-02
1.761685e-02
1.760785e-02
1.760883e-02
1.759804e-02
