0.000000e+00
2.324947e-87
4.138636e-82
-7.722160e-80
5.116930e-76
-1.301754e-70
4.204756e-64
1.668157e-58
6.417229e-53
1.551059e-46
4.636616e-41
1.523441e-35
-2.099110e-29
6.495892e-12
1.623635e-11
5.362803e-11
2.115752e-10
4.890746e-10
1.082933e-09
2.082709e-09
8.031956e-09
1.404685e-08
2.729547e-08
7.289418e-08
1.343143e-07
3.160659e-07
1.263610e-06
1.953651e-06
2.839053e-06
6.555213e-06
1.097311e-05
1.442498e-05
2.918074e-05
5.628890e-05
5.544989e-05
5.461089e-05
7.474913e-05
9.299084e-05
1.930477e-04
2.443415e-04
2.762922e-04
2.862752e-04
2.939622e-04
4.823575e-04
6.374623e-04
7.564932e-04
5.982374e-04
9.922659e-04
1.505098e-03
1.097076e-03
1.730311e-03
2.294326e-03
2.311986e-03
3.452025e-03
4.616180e-03
3.116898e-03
2.903346e-03
4.675559e-03
6.536587e-03
6.552984e-03
4.274762e-03
5.123486e-03
5.972518e-03
8.640939e-03
9.161418e-03
8.276876e-03
6.061093e-03
7.227915e-03
1.093176e-02
1.008159e-02
1.003558e-02
9.928207e-03
7.310359e-03
1.000073e-02
1.199143e-02
1.258139e-02
1.245966e-02
9.766627e-03
1.000429e-02
1.084888e-02
1.318780e-02
1.296287e-02
1.176754e-02
1.174052e-02
1.307388e-02
1.376598e-02
1.416332e-02
1.415360e-02
1.328119e-02
1.274532e-02
1.270701e-02
1.270275e-02
1.365522e-02
1.441896e-02
1.433279e-02
1.352480e-02
1.399082e-02
1.475346e-02
1.477856e-02
1.468484e-02
1.460464e-02
1.382807e-02
1.429029e-02
1.474658e-02
1.486130e-02
1.479252e-02
1.500410e-02
1.504480e-02
1.514051e-02
1.517929e-02
1.518538e-02
1.533148e-02
1.567739e-02
1.565760e-02
1.565805e-02
1.564940e-02
