0.000000e+00
-7.996575e-59
2.528555e-52
-1.770707e-50
3.250082e-48
-2.421444e-40
4.391647e-35
-1.542593e-29
1.971434e-11
5.985537e-11
1.069541e-10
3.308411e-10
1.281914e-09
2.901849e-09
5.568870e-09
1.307053e-08
3.483137e-08
6.338436e-08
1.119306e-07
1.787207e-07
4.704295e-07
7.024753e-07
1.128490e-06
2.274631e-06
3.546490e-06
6.543133e-06
1.783583e-05
2.433244e-05
3.197046e-05
5.882470e-05
8.540139e-05
1.040561e-04
1.733481e-04
2.792430e-04
2.760268e-04
2.728108e-04
3.423872e-04
4.014239e-04
6.790203e-04
8.070270e-04
8.820238e-04
9.054214e-04
9.231479e-04
1.319504e-03
1.614272e-03
1.826385e-03
1.541622e-03
2.208898e-03
2.994054e-03
2.385671e-03
3.309677e-03
4.051079e-03
4.066748e-03
5.394605e-03
6.638655e-03
5.033744e-03
4.787837e-03
6.705727e-03
8.474892e-03
8.492642e-03
6.295715e-03
7.150386e-03
7.959018e-03
1.028702e-02
1.069567e-02
9.974691e-03
8.043785e-03
9.085303e-03
1.208010e-02
1.144545e-02
1.140744e-02
1.131876e-02
9.165127e-03
1.137989e-02
1.287715e-02
1.331709e-02
1.322335e-02
1.119396e-02
1.137337e-02
1.202155e-02
1.373472e-02
1.358397e-02
1.272888e-02
1.271415e-02
1.365698e-02
1.414351e-02
1.442347e-02
1.441825e-02
1.380885e-02
1.342518e-02
1.340743e-02
1.340545e-02
1.408282e-02
1.460371e-02
1.454831e-02
1.399810e-02
1.430854e-02
1.483835e-02
1.486454e-02
1.478980e-02
1.474915e-02
1.420922e-02
1.452181e-02
1.484884e-02
1.493095e-02
1.488326e-02
1.503349e-02
1.507291e-02
1.514371e-02
1.517929e-02
1.518538e-02
1.533148e-02
1.567739e-02
1.565760e-02
1.565805e-02
1.564940e-02
