4.272830e-11
9.200302e-11
2.469602e-10
4.581923e-10
9.510958e-10
2.509001e-09
4.600517e-09
9.441046e-09
2.507978e-08
5.091760e-08
8.123916e-08
1.682239e-07
4.158481e-07
7.182262e-07
1.174110e-06
2.004896e-06
3.856586e-06
5.922843e-06
8.691042e-06
1.205291e-05
2.223528e-05
2.943764e-05
3.954440e-05
6.367597e-05
8.386985e-05
1.267225e-04
2.353911e-04
2.915339e-04
3.419626e-04
5.020640e-04
6.260566e-04
7.233567e-04
9.740132e-04
1.270494e-03
1.280372e-03
1.290251e-03
1.487755e-03
1.603792e-03
2.208029e-03
2.453125e-03
2.570899e-03
2.610623e-03
2.665287e-03
3.235416e-03
3.614116e-03
3.869367e-03
3.605101e-03
4.324481e-03
5.088337e-03
4.591319e-03
5.404659e-03
5.968723e-03
6.059637e-03
6.960363e-03
7.703106e-03
6.821545e-03
6.639763e-03
7.803745e-03
8.726817e-03
8.763952e-03
7.659586e-03
8.114470e-03
8.516219e-03
9.624552e-03
9.844616e-03
9.570109e-03
8.662349e-03
9.171430e-03
1.046452e-02
1.026087e-02
1.024279e-02
1.020061e-02
9.276506e-03
1.020490e-02
1.082006e-02
1.100943e-02
1.098275e-02
1.021962e-02
1.029091e-02
1.054171e-02
1.122248e-02
1.117042e-02
1.088118e-02
1.084359e-02
1.119646e-02
1.140266e-02
1.150651e-02
1.151238e-02
1.129423e-02
1.117484e-02
1.115547e-02
1.115331e-02
1.141128e-02
1.159512e-02
1.157690e-02
1.140608e-02
1.149575e-02
1.170553e-02
1.172077e-02
1.169071e-02
1.169243e-02
1.150523e-02
1.161526e-02
1.173339e-02
1.176962e-02
1.176934e-02
1.181891e-02
1.185573e-02
1.190033e-02
1.192614e-02
1.193270e-02
1.204907e-02
1.231954e-02
1.232576e-02
1.232561e-02
1.230616e-02
