2.650247e-08
4.468534e-08
8.779014e-08
1.270987e-07
2.188239e-07
4.212012e-07
6.347739e-07
1.028999e-06
1.994717e-06
3.224562e-06
4.455962e-06
7.254052e-06
1.335831e-05
1.931479e-05
2.707410e-05
3.874960e-05
6.031281e-05
8.091654e-05
1.049866e-04
1.312122e-04
1.982254e-04
2.403109e-04
2.929996e-04
4.052002e-04
4.881660e-04
6.468219e-04
9.830036e-04
1.138444e-03
1.267986e-03
1.646373e-03
1.913313e-03
2.111402e-03
2.580786e-03
3.086043e-03
3.104664e-03
3.123285e-03
3.441706e-03
3.617598e-03
4.492207e-03
4.825878e-03
4.979563e-03
5.031526e-03
5.104006e-03
5.810208e-03
6.261478e-03
6.557839e-03
6.258743e-03
7.064016e-03
7.884443e-03
7.367105e-03
8.214583e-03
8.774199e-03
8.871000e-03
9.726346e-03
1.040206e-02
9.603200e-03
9.440891e-03
1.049791e-02
1.130320e-02
1.135442e-02
1.038104e-02
1.078791e-02
1.113748e-02
1.207064e-02
1.226272e-02
1.203313e-02
1.127682e-02
1.171399e-02
1.276828e-02
1.260463e-02
1.258998e-02
1.255581e-02
1.180585e-02
1.256555e-02
1.306706e-02
1.321678e-02
1.319858e-02
1.259750e-02
1.265605e-02
1.285522e-02
1.339355e-02
1.335704e-02
1.312960e-02
1.309813e-02
1.337241e-02
1.354153e-02
1.362580e-02
1.362317e-02
1.346920e-02
1.336965e-02
1.336636e-02
1.336599e-02
1.356189e-02
1.369924e-02
1.369711e-02
1.356032e-02
1.363403e-02
1.380757e-02
1.382207e-02
1.379810e-02
1.379719e-02
1.366020e-02
1.374400e-02
1.383340e-02
1.386729e-02
1.387788e-02
1.391881e-02
1.396116e-02
1.400048e-02
1.402969e-02
1.403727e-02
1.417550e-02
1.449595e-02
1.450353e-02
1.450338e-02
1.448158e-02
