0.000000e+00
8.160254e-65
-9.023372e-59
1.844004e-56
-2.858083e-52
8.381790e-47
7.757588e-42
1.898423e-36
-4.727002e-30
1.088178e-11
2.229508e-11
7.756130e-11
3.570787e-10
8.930624e-10
1.951870e-09
4.943628e-09
1.489429e-08
2.980459e-08
5.654187e-08
9.635724e-08
2.762204e-07
4.369335e-07
7.261741e-07
1.605456e-06
2.568087e-06
5.088049e-06
1.464190e-05
2.072572e-05
2.725999e-05
5.214564e-05
7.643186e-05
9.539825e-05
1.601462e-04
2.560106e-04
2.563402e-04
2.566699e-04
3.269121e-04
3.756219e-04
6.458121e-04
7.701027e-04
8.362014e-04
8.578666e-04
8.828846e-04
1.241902e-03
1.505067e-03
1.697141e-03
1.473356e-03
2.050244e-03
2.729048e-03
2.243122e-03
3.019082e-03
3.602242e-03
3.669839e-03
4.729809e-03
5.670647e-03
4.491235e-03
4.279530e-03
5.763367e-03
7.069412e-03
7.101962e-03
5.504734e-03
6.134675e-03
6.710467e-03
8.395849e-03
8.732288e-03
8.250551e-03
6.853568e-03
7.612247e-03
9.716631e-03
9.330055e-03
9.300639e-03
9.232000e-03
7.713752e-03
9.251998e-03
1.029655e-02
1.062090e-02
1.055251e-02
9.198780e-03
9.317813e-03
9.745454e-03
1.093304e-02
1.083809e-02
1.028400e-02
1.023257e-02
1.087264e-02
1.123180e-02
1.140985e-02
1.140756e-02
1.100800e-02
1.077955e-02
1.074073e-02
1.073642e-02
1.120118e-02
1.155228e-02
1.150592e-02
1.117133e-02
1.135257e-02
1.172272e-02
1.173488e-02
1.168664e-02
1.166798e-02
1.130866e-02
1.152135e-02
1.172928e-02
1.179320e-02
1.178209e-02
1.185859e-02
1.189359e-02
1.195435e-02
1.198753e-02
1.198948e-02
1.210756e-02
1.237711e-02
1.237106e-02
1.237169e-02
1.236288e-02
