0.000000e+00
2.095056e-82
-4.276253e-76
1.617554e-74
-1.511166e-70
4.655054e-65
-4.472792e-59
-6.652752e-54
-1.061088e-48
1.886148e-42
-3.460361e-36
-3.033725e-30
9.842559e-13
3.186435e-12
8.170341e-12
2.789497e-11
1.146502e-10
2.718751e-10
6.169199e-10
1.210773e-09
4.865500e-09
8.654546e-09
1.716518e-08
4.725068e-08
8.857254e-08
2.136796e-07
8.866893e-07
1.387424e-06
2.034059e-06
4.791802e-06
8.116828e-06
1.073889e-05
2.205396e-05
4.309933e-05
4.244541e-05
4.179149e-05
5.753142e-05
7.185880e-05
1.510534e-04
1.918667e-04
2.173778e-04
2.253391e-04
2.313901e-04
3.818882e-04
5.065213e-04
6.020220e-04
4.751000e-04
7.913180e-04
1.203975e-03
8.759270e-04
1.386628e-03
1.839399e-03
1.856586e-03
2.771992e-03
3.698137e-03
2.500182e-03
2.329079e-03
3.750075e-03
5.232477e-03
5.244407e-03
3.429192e-03
4.106421e-03
4.784088e-03
6.898741e-03
7.305072e-03
6.608385e-03
4.856455e-03
5.783317e-03
8.707535e-03
8.040827e-03
8.004282e-03
7.919006e-03
5.846029e-03
7.973639e-03
9.538600e-03
1.000592e-02
9.901532e-03
7.791380e-03
7.978233e-03
8.642964e-03
1.047989e-02
1.030603e-02
9.367170e-03
9.345191e-03
1.038271e-02
1.093504e-02
1.122549e-02
1.123477e-02
1.054694e-02
1.012306e-02
1.009381e-02
1.009056e-02
1.083768e-02
1.143935e-02
1.137161e-02
1.074010e-02
1.109786e-02
1.169239e-02
1.172046e-02
1.164387e-02
1.158186e-02
1.097296e-02
1.132667e-02
1.169452e-02
1.177594e-02
1.172798e-02
1.188951e-02
1.192083e-02
1.199710e-02
1.202829e-02
1.203326e-02
1.214784e-02
1.242000e-02
1.240458e-02
1.240491e-02
1.239721e-02
