0.000000e+00
-1.147944e-41
3.920274e-35
1.778476e-33
-1.598676e-29
8.240108e-12
1.820720e-11
4.613376e-11
1.588322e-10
4.213034e-10
7.088647e-10
1.951835e-09
6.581109e-09
1.369855e-08
2.458513e-08
5.287550e-08
1.274986e-07
2.181840e-07
3.635774e-07
5.535903e-07
1.320469e-06
1.892292e-06
2.895002e-06
5.428518e-06
8.094354e-06
1.401601e-05
3.452570e-05
4.559211e-05
5.831190e-05
1.009163e-04
1.410555e-04
1.683636e-04
2.661211e-04
4.078859e-04
4.037922e-04
3.996986e-04
4.897223e-04
5.643467e-04
9.033746e-04
1.055177e-03
1.142410e-03
1.169544e-03
1.189426e-03
1.636564e-03
1.957967e-03
2.186641e-03
1.880357e-03
2.586222e-03
3.391953e-03
2.772942e-03
3.709723e-03
4.435905e-03
4.449974e-03
5.707905e-03
6.860993e-03
5.375209e-03
5.142739e-03
6.918509e-03
8.500098e-03
8.518431e-03
6.550525e-03
7.323502e-03
8.049811e-03
1.007122e-02
1.041674e-02
9.799326e-03
8.122595e-03
9.035201e-03
1.158439e-02
1.104974e-02
1.101805e-02
1.094408e-02
9.109532e-03
1.099208e-02
1.224646e-02
1.259901e-02
1.252111e-02
1.084250e-02
1.099344e-02
1.154082e-02
1.294516e-02
1.281912e-02
1.213005e-02
1.211218e-02
1.288846e-02
1.329976e-02
1.351110e-02
1.351556e-02
1.301583e-02
1.270883e-02
1.269084e-02
1.268885e-02
1.323938e-02
1.367025e-02
1.362070e-02
1.317272e-02
1.343200e-02
1.385003e-02
1.387045e-02
1.381896e-02
1.378972e-02
1.334028e-02
1.360610e-02
1.387811e-02
1.393133e-02
1.390638e-02
1.402072e-02
1.406770e-02
1.412018e-02
1.415318e-02
1.415894e-02
1.429481e-02
1.461684e-02
1.459850e-02
1.459891e-02
1.459061e-02
