0.000000e+00
-7.344004e-88
-2.553189e-81
-2.701438e-80
-6.433946e-76
5.501325e-70
-4.136507e-64
1.266384e-58
2.712080e-53
1.026342e-48
7.380919e-41
-4.147144e-35
-1.289295e-29
1.014154e-11
2.667221e-11
8.524496e-11
3.405865e-10
8.154967e-10
1.829749e-09
3.592352e-09
1.370159e-08
2.447603e-08
4.692056e-08
1.290003e-07
2.340334e-07
5.592527e-07
2.145548e-06
3.343022e-06
4.732944e-06
1.074682e-05
1.748813e-05
2.316574e-05
4.475599e-05
8.140743e-05
8.145752e-05
8.150761e-05
1.107722e-04
1.324597e-04
2.639663e-04
3.292872e-04
3.656732e-04
3.776077e-04
3.914540e-04
6.054185e-04
7.726577e-04
8.999081e-04
7.509029e-04
1.150248e-03
1.648364e-03
1.281106e-03
1.871677e-03
2.347625e-03
2.403901e-03
3.329804e-03
4.190412e-03
3.107555e-03
2.921931e-03
4.277632e-03
5.558763e-03
5.591348e-03
4.033158e-03
4.633105e-03
5.204509e-03
6.936021e-03
7.292027e-03
6.776675e-03
5.339481e-03
6.111728e-03
8.367408e-03
7.933846e-03
7.899505e-03
7.819372e-03
6.210074e-03
7.850843e-03
9.010093e-03
9.363074e-03
9.299131e-03
7.786596e-03
7.918574e-03
8.393240e-03
9.730274e-03
9.621231e-03
8.980797e-03
8.928171e-03
9.666373e-03
1.007021e-02
1.028499e-02
1.028356e-02
9.822241e-03
9.541834e-03
9.497520e-03
9.492597e-03
1.002867e-02
1.044918e-02
1.038537e-02
9.989938e-03
1.021212e-02
1.063699e-02
1.065740e-02
1.058846e-02
1.056550e-02
1.015478e-02
1.039262e-02
1.064145e-02
1.071186e-02
1.068301e-02
1.078038e-02
1.081897e-02
1.087921e-02
1.091131e-02
1.091315e-02
1.101991e-02
1.126405e-02
1.125835e-02
1.125891e-02
1.125034e-02
