0.000000e+00
2.364044e-13
8.006846e-13
1.788246e-12
4.092688e-12
1.367133e-11
2.895757e-11
7.016248e-11
2.293875e-10
5.867167e-10
9.700977e-10
2.582477e-09
8.389776e-09
1.708799e-08
3.016402e-08
6.346714e-08
1.492582e-07
2.516854e-07
4.132804e-07
6.217551e-07
1.445461e-06
2.049840e-06
3.093191e-06
5.685699e-06
8.369286e-06
1.422605e-05
3.394446e-05
4.435217e-05
5.620261e-05
9.522257e-05
1.311774e-04
1.554772e-04
2.408878e-04
3.615389e-04
3.581256e-04
3.547122e-04
4.304513e-04
4.925466e-04
7.692212e-04
8.910304e-04
9.606998e-04
9.823272e-04
9.978199e-04
1.347338e-03
1.595312e-03
1.768591e-03
1.535685e-03
2.067948e-03
2.665005e-03
2.209802e-03
2.895184e-03
3.415536e-03
3.428342e-03
4.313662e-03
5.109116e-03
4.087178e-03
3.919705e-03
5.149105e-03
6.211813e-03
6.224463e-03
4.895119e-03
5.424748e-03
5.910705e-03
7.246263e-03
7.476691e-03
7.074725e-03
5.965640e-03
6.567345e-03
8.228190e-03
7.889812e-03
7.869559e-03
7.822299e-03
6.620554e-03
7.851275e-03
8.647171e-03
8.874201e-03
8.834002e-03
7.758137e-03
7.856236e-03
8.207728e-03
9.094538e-03
9.016344e-03
8.576876e-03
8.566227e-03
9.064572e-03
9.310546e-03
9.455736e-03
9.454305e-03
9.140098e-03
8.950161e-03
8.942747e-03
8.941924e-03
9.286650e-03
9.548223e-03
9.523888e-03
9.240163e-03
9.395282e-03
9.662561e-03
9.676729e-03
9.647398e-03
9.626906e-03
9.355394e-03
9.518563e-03
9.682540e-03
9.724240e-03
9.704694e-03
9.775948e-03
9.806780e-03
9.842381e-03
9.865802e-03
9.870001e-03
9.962664e-03
1.018372e-02
1.017081e-02
1.017105e-02
1.016383e-02
