0.000000e+00
-3.139511e-58
2.893973e-52
2.380431e-50
3.020866e-46
2.843851e-40
1.658387e-34
1.246154e-29
2.739679e-11
7.938172e-11
1.571546e-10
4.696847e-10
1.836842e-09
4.189574e-09
8.717334e-09
1.974957e-08
5.325299e-08
1.014843e-07
1.814765e-07
2.971008e-07
7.564727e-07
1.155097e-06
1.818031e-06
3.742157e-06
5.690493e-06
1.064791e-05
2.729204e-05
3.770243e-05
4.808600e-05
8.582019e-05
1.203505e-04
1.491997e-04
2.348701e-04
3.529319e-04
3.565682e-04
3.602045e-04
4.471958e-04
5.021824e-04
8.177221e-04
9.590885e-04
1.030146e-03
1.054124e-03
1.087198e-03
1.462659e-03
1.733950e-03
1.924407e-03
1.723239e-03
2.287229e-03
2.933499e-03
2.499752e-03
3.214941e-03
3.745230e-03
3.833025e-03
4.760246e-03
5.559290e-03
4.589739e-03
4.411032e-03
5.666940e-03
6.744701e-03
6.796292e-03
5.498658e-03
6.019429e-03
6.490723e-03
7.848900e-03
8.135425e-03
7.775887e-03
6.660269e-03
7.275654e-03
8.951934e-03
8.674719e-03
8.648655e-03
8.587836e-03
7.402665e-03
8.601041e-03
9.416814e-03
9.684447e-03
9.650495e-03
8.611632e-03
8.702178e-03
9.028106e-03
9.967607e-03
9.898867e-03
9.473818e-03
9.426409e-03
9.920299e-03
1.021008e-02
1.035566e-02
1.036431e-02
1.004996e-02
9.879691e-03
9.837904e-03
9.833262e-03
1.019925e-02
1.048337e-02
1.043421e-02
1.019083e-02
1.032701e-02
1.061671e-02
1.063516e-02
1.059767e-02
1.058457e-02
1.031739e-02
1.047684e-02
1.063589e-02
1.069162e-02
1.068080e-02
1.073400e-02
1.077762e-02
1.083180e-02
1.085687e-02
1.086289e-02
1.096806e-02
1.121288e-02
1.121819e-02
1.121804e-02
1.119976e-02
