4.087016e-12
8.425437e-12
2.297489e-11
4.369037e-11
9.202930e-11
2.568166e-10
4.864074e-10
1.029673e-09
2.821165e-09
6.308318e-09
9.680358e-09
2.231112e-08
6.097325e-08
1.119198e-07
1.817346e-07
3.429684e-07
7.120261e-07
1.112234e-06
1.699687e-06
2.408774e-06
4.953451e-06
6.675024e-06
9.481680e-06
1.592773e-05
2.217640e-05
3.487016e-05
7.332449e-05
9.205347e-05
1.127332e-04
1.768933e-04
2.324927e-04
2.686997e-04
3.898904e-04
5.508747e-04
5.464915e-04
5.421084e-04
6.385579e-04
7.162052e-04
1.044012e-03
1.182619e-03
1.260626e-03
1.284886e-03
1.302633e-03
1.677511e-03
1.933621e-03
2.109020e-03
1.872553e-03
2.401517e-03
2.973912e-03
2.541520e-03
3.186243e-03
3.659418e-03
3.669864e-03
4.437213e-03
5.110034e-03
4.247163e-03
4.103561e-03
5.144806e-03
6.003080e-03
6.015734e-03
4.938175e-03
5.371260e-03
5.764413e-03
6.816776e-03
6.995250e-03
6.682011e-03
5.807065e-03
6.291070e-03
7.556007e-03
7.302431e-03
7.287855e-03
7.253844e-03
6.332308e-03
7.277638e-03
7.880464e-03
8.044907e-03
8.012140e-03
7.209502e-03
7.283004e-03
7.547225e-03
8.206294e-03
8.149821e-03
7.825479e-03
7.818464e-03
8.184996e-03
8.368488e-03
8.472051e-03
8.469329e-03
8.240611e-03
8.107049e-03
8.099055e-03
8.098167e-03
8.349521e-03
8.543134e-03
8.526292e-03
8.318001e-03
8.439663e-03
8.633780e-03
8.642005e-03
8.621479e-03
8.604856e-03
8.404721e-03
8.526567e-03
8.649164e-03
8.677056e-03
8.666680e-03
8.717218e-03
8.743740e-03
8.773379e-03
8.793166e-03
8.796971e-03
8.878721e-03
9.074269e-03
9.062491e-03
9.062686e-03
9.055639e-03
