0.000000e+00
2.712453e-36
5.743893e-30
8.262624e-13
2.754320e-12
8.603622e-12
1.773380e-11
4.293150e-11
1.445567e-10
3.621151e-10
6.374583e-10
1.708806e-09
5.818415e-09
1.221270e-08
2.307439e-08
4.929353e-08
1.218776e-07
2.157755e-07
3.658127e-07
5.683238e-07
1.359032e-06
1.986395e-06
3.023189e-06
5.823781e-06
8.614958e-06
1.514949e-05
3.648259e-05
4.858464e-05
6.106653e-05
1.046459e-04
1.435903e-04
1.723843e-04
2.645160e-04
3.897415e-04
3.899483e-04
3.901551e-04
4.753695e-04
5.337688e-04
8.314076e-04
9.600247e-04
1.027305e-03
1.049195e-03
1.073202e-03
1.419976e-03
1.659868e-03
1.830257e-03
1.630193e-03
2.131513e-03
2.690460e-03
2.293285e-03
2.915809e-03
3.365031e-03
3.412670e-03
4.180482e-03
4.839451e-03
4.014025e-03
3.861187e-03
4.899701e-03
5.766907e-03
5.789076e-03
4.725032e-03
5.152108e-03
5.535024e-03
6.608545e-03
6.813310e-03
6.514957e-03
5.627191e-03
6.111136e-03
7.413123e-03
7.177291e-03
7.160178e-03
7.120247e-03
6.178809e-03
7.136304e-03
7.760020e-03
7.937982e-03
7.913078e-03
7.103548e-03
7.175117e-03
7.434323e-03
8.134864e-03
8.079544e-03
7.744469e-03
7.725787e-03
8.096851e-03
8.301828e-03
8.417617e-03
8.417146e-03
8.182087e-03
8.043297e-03
8.025886e-03
8.023952e-03
8.293554e-03
8.496421e-03
8.475338e-03
8.273857e-03
8.385245e-03
8.594531e-03
8.598873e-03
8.577006e-03
8.566549e-03
8.361084e-03
8.479982e-03
8.605288e-03
8.641360e-03
8.634358e-03
8.678536e-03
8.708843e-03
8.743371e-03
8.767826e-03
8.769415e-03
8.853511e-03
9.046604e-03
9.041265e-03
9.041683e-03
9.033508e-03
