0.000000e+00
1.182330e-84
-6.082427e-77
-1.117304e-75
-2.991735e-71
1.422017e-65
-1.563046e-60
9.399242e-56
4.695714e-49
-1.502893e-43
6.369710e-37
-3.130599e-31
1.009886e-13
3.181487e-13
8.177207e-13
2.851256e-12
1.248321e-11
3.129422e-11
7.549918e-11
1.568722e-10
7.190516e-10
1.357794e-09
2.901948e-09
8.988686e-09
1.804129e-08
4.838130e-08
2.371334e-07
3.925820e-07
6.006633e-07
1.561724e-06
2.814127e-06
3.848902e-06
8.588268e-06
1.810855e-05
1.780897e-05
1.750939e-05
2.499625e-05
3.199306e-05
7.308839e-05
9.515368e-05
1.092347e-04
1.136376e-04
1.170550e-04
2.036738e-04
2.779909e-04
3.362649e-04
2.591711e-04
4.555483e-04
7.203959e-04
5.082432e-04
8.411625e-04
1.145814e-03
1.156108e-03
1.793701e-03
2.455146e-03
1.603076e-03
1.483605e-03
2.492998e-03
3.579924e-03
3.589016e-03
2.261950e-03
2.751915e-03
3.248073e-03
4.830750e-03
5.141434e-03
4.612333e-03
3.302270e-03
3.992657e-03
6.214991e-03
5.703432e-03
5.674927e-03
5.608412e-03
4.038132e-03
5.650583e-03
6.857786e-03
7.221050e-03
7.140126e-03
5.511633e-03
5.655210e-03
6.165153e-03
7.590238e-03
7.454355e-03
6.723715e-03
6.706669e-03
7.514651e-03
7.945398e-03
8.173589e-03
8.180439e-03
7.641703e-03
7.310607e-03
7.287263e-03
7.284670e-03
7.868835e-03
8.339950e-03
8.285667e-03
7.791246e-03
8.071081e-03
8.537726e-03
8.559863e-03
8.498720e-03
8.449571e-03
7.971611e-03
8.249381e-03
8.536560e-03
8.599908e-03
8.561398e-03
8.686734e-03
8.711100e-03
8.769681e-03
8.793166e-03
8.796971e-03
8.878721e-03
9.074269e-03
9.062491e-03
9.062686e-03
9.055639e-03
