0.000000e+00
5.878511e-82
2.171996e-75
-1.572474e-73
1.052157e-69
9.792304e-65
1.089028e-58
4.675788e-53
1.434740e-47
-3.363116e-43
-1.659798e-35
5.737730e-30
4.950563e-12
1.242744e-11
2.895426e-11
7.532806e-11
2.524252e-10
5.672725e-10
1.195978e-09
2.276602e-09
8.032001e-09
1.428366e-08
2.695766e-08
7.436496e-08
1.344412e-07
3.288568e-07
1.278609e-06
2.035495e-06
2.897212e-06
6.681992e-06
1.096015e-05
1.488422e-05
2.895410e-05
5.282403e-05
5.335896e-05
5.389388e-05
7.380552e-05
8.785165e-05
1.787794e-04
2.248457e-04
2.498130e-04
2.582066e-04
2.695475e-04
4.168792e-04
5.345719e-04
6.221444e-04
5.257514e-04
8.023229e-04
1.149466e-03
9.046877e-04
1.312218e-03
1.644506e-03
1.694132e-03
2.333669e-03
2.928518e-03
2.201075e-03
2.073611e-03
3.003474e-03
3.877595e-03
3.918225e-03
2.861624e-03
3.273990e-03
3.659251e-03
4.844086e-03
5.098764e-03
4.766241e-03
3.786094e-03
4.317230e-03
5.856603e-03
5.583376e-03
5.558039e-03
5.498917e-03
4.410679e-03
5.516091e-03
6.305758e-03
6.560929e-03
6.530083e-03
5.511558e-03
5.599120e-03
5.914364e-03
6.842786e-03
6.770483e-03
6.342601e-03
6.288488e-03
6.793404e-03
7.081600e-03
7.228605e-03
7.226818e-03
6.912725e-03
6.731504e-03
6.699010e-03
6.695401e-03
7.066705e-03
7.347624e-03
7.302325e-03
7.050723e-03
7.190416e-03
7.482489e-03
7.497597e-03
7.454310e-03
7.440697e-03
7.166263e-03
7.328572e-03
7.488327e-03
7.544780e-03
7.528844e-03
7.586217e-03
7.616825e-03
7.666791e-03
7.686183e-03
7.690606e-03
7.762346e-03
7.930407e-03
7.932449e-03
7.932284e-03
7.917046e-03
