0.000000e+00
-2.327906e-56
7.153822e-50
3.552104e-48
4.624285e-44
-1.184678e-38
1.117641e-32
1.677118e-27
2.630602e-09
6.329847e-09
1.069196e-08
2.577730e-08
7.613890e-08
1.457411e-07
2.563415e-07
4.926193e-07
1.079515e-06
1.778268e-06
2.809195e-06
4.121144e-06
8.716499e-06
1.214493e-05
1.740494e-05
3.088875e-05
4.328641e-05
7.098869e-05
1.525430e-04
1.967757e-04
2.398552e-04
3.865828e-04
5.106714e-04
6.025824e-04
8.799486e-04
1.240504e-03
1.244240e-03
1.247977e-03
1.494978e-03
1.651838e-03
2.473796e-03
2.821781e-03
2.997254e-03
3.055329e-03
3.126791e-03
4.028163e-03
4.649959e-03
5.087074e-03
4.592287e-03
5.866620e-03
7.271257e-03
6.293018e-03
7.849478e-03
8.951617e-03
9.099115e-03
1.099670e-02
1.260575e-02
1.060829e-02
1.022062e-02
1.277263e-02
1.490273e-02
1.496638e-02
1.236098e-02
1.340567e-02
1.434850e-02
1.698200e-02
1.750215e-02
1.677499e-02
1.460248e-02
1.579351e-02
1.898346e-02
1.843785e-02
1.838861e-02
1.827372e-02
1.597534e-02
1.831280e-02
1.984248e-02
2.031192e-02
2.023544e-02
1.825635e-02
1.843421e-02
1.906364e-02
2.078959e-02
2.065386e-02
1.985408e-02
1.979324e-02
2.072267e-02
2.124631e-02
2.149961e-02
2.150160e-02
2.091669e-02
2.059861e-02
2.054074e-02
2.053431e-02
2.120592e-02
2.172032e-02
2.166160e-02
2.116813e-02
2.142789e-02
2.196044e-02
2.196978e-02
2.190226e-02
2.189835e-02
2.140147e-02
2.168510e-02
2.198641e-02
2.208094e-02
2.206932e-02
2.218289e-02
2.225080e-02
2.234545e-02
2.240540e-02
2.240832e-02
2.263370e-02
2.314449e-02
2.313097e-02
2.313229e-02
2.311883e-02
