7.160552e-12
1.409056e-11
3.470174e-11
6.156609e-11
1.242532e-10
3.194975e-10
5.821354e-10
1.207129e-09
3.291660e-09
7.056757e-09
1.125634e-08
2.533331e-08
6.937421e-08
1.275173e-07
2.150095e-07
4.007218e-07
8.422441e-07
1.345826e-06
2.075119e-06
2.977604e-06
6.084894e-06
8.307152e-06
1.170777e-05
2.002396e-05
2.762174e-05
4.379744e-05
9.002051e-05
1.137401e-04
1.372045e-04
2.135050e-04
2.764634e-04
3.209675e-04
4.551630e-04
6.242906e-04
6.244349e-04
6.245792e-04
7.341935e-04
8.066033e-04
1.155191e-03
1.299259e-03
1.373129e-03
1.397069e-03
1.422575e-03
1.783956e-03
2.025675e-03
2.191593e-03
1.994777e-03
2.476547e-03
2.989841e-03
2.628121e-03
3.191561e-03
3.582347e-03
3.620684e-03
4.258786e-03
4.790687e-03
4.125110e-03
4.001095e-03
4.842153e-03
5.513615e-03
5.532156e-03
4.701416e-03
5.039638e-03
5.339465e-03
6.148796e-03
6.298698e-03
6.074576e-03
5.407912e-03
5.776319e-03
6.730341e-03
6.563977e-03
6.552217e-03
6.524777e-03
5.825633e-03
6.536677e-03
6.984097e-03
7.118450e-03
7.092136e-03
6.512175e-03
6.564155e-03
6.752306e-03
7.248841e-03
7.207230e-03
6.978545e-03
6.963155e-03
7.232050e-03
7.372629e-03
7.453729e-03
7.451384e-03
7.293571e-03
7.193934e-03
7.180179e-03
7.178651e-03
7.368278e-03
7.507329e-03
7.490042e-03
7.359199e-03
7.431194e-03
7.580263e-03
7.587206e-03
7.570525e-03
7.566032e-03
7.418636e-03
7.501056e-03
7.594496e-03
7.619898e-03
7.618947e-03
7.643830e-03
7.670316e-03
7.697331e-03
7.718545e-03
7.720000e-03
7.792954e-03
7.960895e-03
7.955573e-03
7.955921e-03
7.947850e-03
