3.178408e-12
5.964282e-12
1.357459e-11
2.221978e-11
4.239307e-11
9.634032e-11
1.611584e-10
3.005902e-10
7.103987e-10
1.351835e-09
2.041235e-09
4.097558e-09
1.005258e-08
1.754785e-08
2.887995e-08
5.252864e-08
1.108303e-07
1.802371e-07
2.848656e-07
4.202447e-07
9.261702e-07
1.314006e-06
1.945447e-06
3.618726e-06
5.271700e-06
9.078113e-06
2.147777e-05
2.841452e-05
3.566081e-05
6.078016e-05
8.325442e-05
9.958455e-05
1.525783e-04
2.248084e-04
2.245291e-04
2.242498e-04
2.728372e-04
3.066825e-04
4.752128e-04
5.479958e-04
5.865168e-04
5.989321e-04
6.116145e-04
8.073326e-04
9.431086e-04
1.038029e-03
9.229481e-04
1.204957e-03
1.515396e-03
1.291759e-03
1.639572e-03
1.889324e-03
1.911082e-03
2.331956e-03
2.692035e-03
2.238295e-03
2.156542e-03
2.723938e-03
3.192451e-03
3.203823e-03
2.623911e-03
2.857275e-03
3.067008e-03
3.642989e-03
3.749961e-03
3.586752e-03
3.110298e-03
3.371215e-03
4.063367e-03
3.937922e-03
3.929083e-03
3.908459e-03
3.402882e-03
3.917728e-03
4.246497e-03
4.344149e-03
4.324624e-03
3.894860e-03
3.932979e-03
4.071720e-03
4.437959e-03
4.406434e-03
4.234674e-03
4.224502e-03
4.424486e-03
4.527948e-03
4.587451e-03
4.585916e-03
4.466485e-03
4.390986e-03
4.381251e-03
4.380170e-03
4.521409e-03
4.624765e-03
4.611504e-03
4.511101e-03
4.566458e-03
4.676436e-03
4.681786e-03
4.668685e-03
4.663338e-03
4.553062e-03
4.615145e-03
4.682897e-03
4.699925e-03
4.697415e-03
4.715499e-03
4.733630e-03
4.751215e-03
4.764645e-03
4.765703e-03
4.807103e-03
4.903621e-03
4.897566e-03
4.897711e-03
4.889635e-03
