1.289999e-07
2.068188e-07
3.789578e-07
5.232771e-07
8.600418e-07
1.546254e-06
2.236646e-06
3.459851e-06
6.309777e-06
9.699893e-06
1.310573e-05
2.028001e-05
3.522991e-05
4.922832e-05
6.730598e-05
9.289834e-05
1.390935e-04
1.825855e-04
2.318036e-04
2.848846e-04
4.146375e-04
4.957556e-04
5.942007e-04
8.030866e-04
9.523187e-04
1.237110e-03
1.819967e-03
2.090279e-03
2.307134e-03
2.943595e-03
3.381589e-03
3.714259e-03
4.473516e-03
5.279420e-03
5.314239e-03
5.349058e-03
5.872622e-03
6.139098e-03
7.536713e-03
8.061958e-03
8.304449e-03
8.387320e-03
8.509608e-03
9.607931e-03
1.030443e-02
1.076793e-02
1.032757e-02
1.156307e-02
1.282464e-02
1.204713e-02
1.333672e-02
1.419163e-02
1.436500e-02
1.565716e-02
1.671007e-02
1.548070e-02
1.524353e-02
1.684538e-02
1.806499e-02
1.814792e-02
1.668868e-02
1.729195e-02
1.782505e-02
1.925221e-02
1.952997e-02
1.920103e-02
1.805755e-02
1.870374e-02
2.031319e-02
2.009451e-02
2.006961e-02
2.001151e-02
1.886604e-02
2.002084e-02
2.076537e-02
2.101396e-02
2.098000e-02
2.007932e-02
2.016813e-02
2.046468e-02
2.128980e-02
2.124406e-02
2.088625e-02
2.083003e-02
2.126922e-02
2.152473e-02
2.164898e-02
2.165698e-02
2.140528e-02
2.127156e-02
2.124959e-02
2.124715e-02
2.154321e-02
2.177782e-02
2.175605e-02
2.155782e-02
2.167863e-02
2.192680e-02
2.194726e-02
2.190376e-02
2.192335e-02
2.171313e-02
2.182526e-02
2.198264e-02
2.203551e-02
2.204740e-02
2.211143e-02
2.217982e-02
2.224347e-02
2.228866e-02
2.230020e-02
2.252294e-02
2.303651e-02
2.304664e-02
2.304649e-02
2.301369e-02
