0.000000e+00
2.715561e-31
1.128601e-12
2.052947e-12
4.209881e-12
1.090272e-11
1.986159e-11
4.100031e-11
1.122064e-10
2.321078e-10
3.844742e-10
8.418883e-10
2.339240e-09
4.429666e-09
8.011369e-09
1.562331e-08
3.649508e-08
6.442353e-08
1.086057e-07
1.703700e-07
4.105087e-07
6.134804e-07
9.516122e-07
1.921657e-06
2.911662e-06
5.405992e-06
1.396742e-05
1.925449e-05
2.468330e-05
4.441039e-05
6.271327e-05
7.752520e-05
1.232982e-04
1.874737e-04
1.886610e-04
1.898484e-04
2.361772e-04
2.667541e-04
4.356763e-04
5.112747e-04
5.501919e-04
5.631156e-04
5.793564e-04
7.838543e-04
9.297614e-04
1.033011e-03
9.183903e-04
1.224771e-03
1.573490e-03
1.333261e-03
1.722572e-03
2.010275e-03
2.048548e-03
2.544936e-03
2.976635e-03
2.449872e-03
2.351990e-03
3.025053e-03
3.598359e-03
3.621234e-03
2.925933e-03
3.204602e-03
3.457675e-03
4.175648e-03
4.319560e-03
4.125060e-03
3.532877e-03
3.857476e-03
4.734775e-03
4.586420e-03
4.572950e-03
4.541519e-03
3.915604e-03
4.550416e-03
4.973960e-03
5.109217e-03
5.088735e-03
4.545518e-03
4.594821e-03
4.768011e-03
5.247395e-03
5.210219e-03
4.990588e-03
4.967437e-03
5.230088e-03
5.369933e-03
5.446822e-03
5.446509e-03
5.291610e-03
5.195743e-03
5.179429e-03
5.177618e-03
5.364608e-03
5.504115e-03
5.482609e-03
5.356946e-03
5.426905e-03
5.574314e-03
5.581043e-03
5.561979e-03
5.553381e-03
5.417984e-03
5.496386e-03
5.583913e-03
5.605465e-03
5.600540e-03
5.630126e-03
5.651831e-03
5.677382e-03
5.691061e-03
5.694451e-03
5.745091e-03
5.864538e-03
5.864014e-03
5.863840e-03
5.850311e-03
