1.551537e-12
3.020269e-12
7.075130e-12
1.182735e-11
2.291651e-11
5.353942e-11
9.139006e-11
1.742616e-10
4.275266e-10
8.158808e-10
1.280958e-09
2.556121e-09
6.282720e-09
1.101010e-08
1.859378e-08
3.336082e-08
7.060069e-08
1.170977e-07
1.866508e-07
2.796939e-07
6.197009e-07
8.935786e-07
1.334449e-06
2.551365e-06
3.750678e-06
6.665300e-06
1.622990e-05
2.192878e-05
2.772334e-05
4.829093e-05
6.687833e-05
8.169131e-05
1.269104e-04
1.889279e-04
1.898971e-04
1.908663e-04
2.344896e-04
2.636282e-04
4.193005e-04
4.877894e-04
5.231777e-04
5.348572e-04
5.489736e-04
7.318262e-04
8.609609e-04
9.511310e-04
8.493099e-04
1.116434e-03
1.415420e-03
1.207883e-03
1.540897e-03
1.785100e-03
1.815168e-03
2.228746e-03
2.585696e-03
2.148961e-03
2.066552e-03
2.625100e-03
3.093510e-03
3.107968e-03
2.540123e-03
2.769035e-03
2.975972e-03
3.557711e-03
3.671265e-03
3.515976e-03
3.034388e-03
3.299230e-03
4.004055e-03
3.880044e-03
3.870236e-03
3.847352e-03
3.342649e-03
3.852930e-03
4.193310e-03
4.295428e-03
4.278862e-03
3.844281e-03
3.883791e-03
4.024991e-03
4.404818e-03
4.373578e-03
4.202726e-03
4.186636e-03
4.388968e-03
4.501452e-03
4.559880e-03
4.562126e-03
4.435562e-03
4.362688e-03
4.352663e-03
4.351549e-03
4.498208e-03
4.603488e-03
4.591549e-03
4.488079e-03
4.543613e-03
4.659829e-03
4.667804e-03
4.650782e-03
4.646990e-03
4.537549e-03
4.601718e-03
4.667123e-03
4.684317e-03
4.680763e-03
4.705810e-03
4.723520e-03
4.743183e-03
4.754178e-03
4.757076e-03
4.797865e-03
4.894487e-03
4.892646e-03
4.892473e-03
4.879655e-03
