0.000000e+00
4.638567e-80
3.661183e-72
-2.846879e-70
-8.577539e-67
-1.582493e-60
-4.231252e-55
2.811414e-49
-1.710460e-43
-1.610795e-37
-9.774094e-32
8.451048e-14
4.447003e-13
1.246769e-12
2.921368e-12
9.030275e-12
3.468836e-11
8.069273e-11
1.819037e-10
3.584800e-10
1.484897e-09
2.697173e-09
5.505446e-09
1.598861e-08
3.096660e-08
7.885974e-08
3.577584e-07
5.773849e-07
8.667120e-07
2.156724e-06
3.780608e-06
5.095158e-06
1.095050e-05
2.229144e-05
2.193931e-05
2.158717e-05
3.030516e-05
3.832828e-05
8.412953e-05
1.082033e-04
1.233235e-04
1.280578e-04
1.317861e-04
2.229827e-04
2.995919e-04
3.590584e-04
2.804404e-04
4.782044e-04
7.392998e-04
5.310691e-04
8.556293e-04
1.146305e-03
1.155899e-03
1.747784e-03
2.350577e-03
1.573827e-03
1.462936e-03
2.383237e-03
3.346856e-03
3.355995e-03
2.176404e-03
2.615463e-03
3.055650e-03
4.433740e-03
4.697627e-03
4.242655e-03
3.104504e-03
3.705581e-03
5.598840e-03
5.174328e-03
5.149144e-03
5.090378e-03
3.748718e-03
5.129718e-03
6.140147e-03
6.441737e-03
6.376527e-03
5.011667e-03
5.131959e-03
5.560702e-03
6.742761e-03
6.631237e-03
6.027372e-03
6.015715e-03
6.683260e-03
7.037172e-03
7.233097e-03
7.227330e-03
6.789701e-03
6.520435e-03
6.499271e-03
6.496920e-03
6.981636e-03
7.364854e-03
7.320093e-03
6.910073e-03
7.143873e-03
7.526665e-03
7.541095e-03
7.494315e-03
7.452692e-03
7.063115e-03
7.298101e-03
7.522326e-03
7.578082e-03
7.544373e-03
7.650707e-03
7.673766e-03
7.718227e-03
7.738301e-03
7.741712e-03
7.812703e-03
7.983062e-03
7.972313e-03
7.972465e-03
7.965547e-03
