0.000000e+00
-7.248568e-57
-7.350103e-51
3.806017e-48
1.896132e-44
1.740283e-38
-1.458892e-32
1.057074e-27
4.073173e-09
9.476003e-09
1.646265e-08
3.802010e-08
1.083775e-07
2.040540e-07
3.641811e-07
6.745802e-07
1.443568e-06
2.392065e-06
3.746820e-06
5.501464e-06
1.121639e-05
1.563005e-05
2.207463e-05
3.880103e-05
5.356532e-05
8.757658e-05
1.815709e-04
2.350463e-04
2.833756e-04
4.478439e-04
5.826504e-04
6.951980e-04
9.910034e-04
1.361402e-03
1.378197e-03
1.394992e-03
1.661748e-03
1.811559e-03
2.685401e-03
3.056798e-03
3.232079e-03
3.292477e-03
3.385344e-03
4.287922e-03
4.913300e-03
5.344544e-03
4.922179e-03
6.158995e-03
7.533492e-03
6.654262e-03
8.130604e-03
9.186029e-03
9.399506e-03
1.118537e-02
1.268781e-02
1.090881e-02
1.055968e-02
1.292308e-02
1.489338e-02
1.502077e-02
1.265888e-02
1.360298e-02
1.444485e-02
1.688445e-02
1.740357e-02
1.678934e-02
1.480510e-02
1.591141e-02
1.883606e-02
1.839994e-02
1.835179e-02
1.823941e-02
1.615984e-02
1.826103e-02
1.967807e-02
2.015288e-02
2.009698e-02
1.832172e-02
1.847121e-02
1.901911e-02
2.066321e-02
2.055029e-02
1.984044e-02
1.972932e-02
2.059931e-02
2.110294e-02
2.134136e-02
2.134538e-02
2.083200e-02
2.056049e-02
2.048634e-02
2.047810e-02
2.110063e-02
2.156613e-02
2.149816e-02
2.111534e-02
2.131454e-02
2.182327e-02
2.185348e-02
2.178281e-02
2.176284e-02
2.133991e-02
2.158460e-02
2.186462e-02
2.197529e-02
2.195427e-02
2.205250e-02
2.213445e-02
2.223964e-02
2.228866e-02
2.230020e-02
2.252294e-02
2.303651e-02
2.304664e-02
2.304649e-02
2.301369e-02
