8.760036e-08
1.334923e-07
2.412825e-07
3.298831e-07
5.366300e-07
9.641986e-07
1.386148e-06
2.106170e-06
3.703469e-06
5.880247e-06
7.465079e-06
1.196132e-05
2.108306e-05
2.972522e-05
3.904575e-05
5.606198e-05
8.496114e-05
1.095397e-04
1.396253e-04
1.705185e-04
2.584299e-04
3.070253e-04
3.760097e-04
5.077732e-04
6.166457e-04
8.026743e-04
1.246239e-03
1.423271e-03
1.606755e-03
2.105213e-03
2.478947e-03
2.701698e-03
3.379056e-03
4.165451e-03
4.143437e-03
4.121424e-03
4.546955e-03
4.875519e-03
6.116557e-03
6.599019e-03
6.860160e-03
6.940692e-03
6.993952e-03
8.160107e-03
8.893481e-03
9.382944e-03
8.723728e-03
1.013269e-02
1.156150e-02
1.050423e-02
1.205227e-02
1.311408e-02
1.312833e-02
1.472305e-02
1.605093e-02
1.435246e-02
1.405979e-02
1.611953e-02
1.769741e-02
1.771999e-02
1.573418e-02
1.655532e-02
1.728394e-02
1.912516e-02
1.941068e-02
1.889278e-02
1.737083e-02
1.820947e-02
2.034086e-02
1.995778e-02
1.993319e-02
1.987579e-02
1.830409e-02
1.991261e-02
2.087007e-02
2.116264e-02
2.108453e-02
1.980269e-02
1.992717e-02
2.036514e-02
2.141966e-02
2.133658e-02
2.082826e-02
2.081438e-02
2.138362e-02
2.168931e-02
2.184994e-02
2.184076e-02
2.149535e-02
2.127469e-02
2.127879e-02
2.127924e-02
2.168161e-02
2.196746e-02
2.195620e-02
2.163403e-02
2.180997e-02
2.213830e-02
2.214978e-02
2.211777e-02
2.211384e-02
2.179316e-02
2.197882e-02
2.217927e-02
2.222529e-02
2.222995e-02
2.230836e-02
2.237152e-02
2.243692e-02
2.248153e-02
2.249009e-02
2.270847e-02
2.322316e-02
2.319162e-02
2.319236e-02
2.318072e-02
