0.000000e+00
1.174432e-30
1.869173e-12
3.534443e-12
7.420300e-12
2.050681e-11
3.928137e-11
8.694024e-11
2.645717e-10
6.024297e-10
1.049029e-09
2.558590e-09
7.993709e-09
1.609438e-08
3.017857e-08
6.125281e-08
1.458103e-07
2.568924e-07
4.290333e-07
6.633955e-07
1.526779e-06
2.224601e-06
3.337143e-06
6.354065e-06
9.264678e-06
1.620896e-05
3.783004e-05
5.042641e-05
6.281634e-05
1.057815e-04
1.433653e-04
1.733867e-04
2.605909e-04
3.760001e-04
3.787822e-04
3.815642e-04
4.628460e-04
5.141047e-04
7.924449e-04
9.131668e-04
9.736245e-04
9.938444e-04
1.020361e-03
1.329701e-03
1.544765e-03
1.694908e-03
1.532761e-03
1.969928e-03
2.456475e-03
2.128748e-03
2.662909e-03
3.048515e-03
3.104412e-03
3.754266e-03
4.309347e-03
3.638376e-03
3.510106e-03
4.375565e-03
5.097703e-03
5.127781e-03
4.256473e-03
4.608672e-03
4.925384e-03
5.814743e-03
5.994513e-03
5.758374e-03
5.027212e-03
5.430799e-03
6.502500e-03
6.328165e-03
6.313164e-03
6.278162e-03
5.509039e-03
6.283326e-03
6.795326e-03
6.961158e-03
6.937238e-03
6.285229e-03
6.345005e-03
6.553212e-03
7.131987e-03
7.088477e-03
6.827258e-03
6.796626e-03
7.112279e-03
7.281543e-03
7.374372e-03
7.374039e-03
7.190402e-03
7.077107e-03
7.056525e-03
7.054238e-03
7.278671e-03
7.446165e-03
7.420217e-03
7.273447e-03
7.355066e-03
7.532945e-03
7.540858e-03
7.518409e-03
7.509599e-03
7.349411e-03
7.442088e-03
7.548286e-03
7.575485e-03
7.571104e-03
7.607331e-03
7.634958e-03
7.668138e-03
7.686183e-03
7.690606e-03
7.762346e-03
7.930407e-03
7.932449e-03
7.932284e-03
7.917046e-03
