5.178185e-20
1.786092e-19
8.665796e-19
2.924046e-18
7.725079e-18
3.712266e-17
9.838386e-17
3.200826e-16
1.558319e-15
4.914143e-15
1.016402e-14
3.445898e-14
1.565429e-13
3.891262e-13
8.645200e-13
2.173458e-12
6.651365e-12
1.362963e-11
2.631751e-11
4.585841e-11
1.368334e-10
2.228130e-10
3.802199e-10
9.021871e-10
1.494675e-09
3.192716e-09
1.042423e-08
1.561162e-08
2.131411e-08
4.608912e-08
7.310473e-08
9.633094e-08
1.877449e-07
3.720367e-07
3.728493e-07
3.736619e-07
5.681945e-07
7.595244e-07
3.447981e-06
1.620814e-06
1.833078e-06
1.903194e-06
1.988417e-06
3.503902e-06
4.944749e-06
6.190900e-06
4.708520e-06
9.452457e-06
1.750602e-05
1.085210e-05
2.241907e-05
3.680135e-05
3.865591e-05
8.839675e-05
1.582765e-04
7.048435e-05
6.066041e-05
1.667465e-04
3.519741e-04
3.574862e-04
1.405043e-04
2.090080e-04
2.938246e-04
6.825695e-04
7.895160e-04
6.351573e-04
3.154297e-04
4.805261e-04
1.220373e-03
1.034333e-03
1.023408e-03
9.979166e-04
5.014290e-04
1.027202e-03
1.559192e-03
1.754367e-03
1.726807e-03
1.015198e-03
1.081052e-03
1.294169e-03
2.043430e-03
1.973069e-03
1.602196e-03
1.596908e-03
2.046391e-03
2.321507e-03
2.483929e-03
2.503147e-03
2.185624e-03
2.007504e-03
1.997031e-03
1.995868e-03
2.373940e-03
2.712979e-03
2.688942e-03
2.388122e-03
2.584093e-03
2.975503e-03
3.005699e-03
2.972750e-03
2.956574e-03
2.632847e-03
2.849912e-03
3.081847e-03
3.186446e-03
3.170688e-03
3.315125e-03
3.374276e-03
3.480106e-03
3.550791e-03
3.569573e-03
3.940430e-03
4.854725e-03
5.498415e-03
5.502360e-03
5.875202e-03
