2.670307e-10
3.957913e-10
6.853627e-10
9.167008e-10
1.456521e-09
2.534775e-09
3.577261e-09
5.364970e-09
9.378355e-09
1.466999e-08
1.883022e-08
3.015933e-08
5.494162e-08
8.085792e-08
1.142180e-07
1.876727e-07
3.812982e-07
6.437234e-07
1.125005e-06
1.857965e-06
5.650302e-06
9.215291e-06
1.657872e-05
3.980760e-05
6.907160e-05
1.496409e-04
5.133042e-04
7.594979e-04
1.055552e-03
1.786440e-05
2.453282e-05
2.930731e-05
4.676424e-05
7.354334e-05
7.297036e-05
7.239738e-05
9.066844e-05
1.058833e-04
1.802217e-04
2.155213e-04
2.361902e-04
2.427530e-04
2.486691e-04
3.569830e-04
4.381312e-04
4.981241e-04
4.243217e-04
6.085855e-04
8.263533e-04
6.679500e-04
9.230112e-04
1.130835e-03
1.145685e-03
1.505018e-03
1.836819e-03
1.433901e-03
1.374931e-03
1.886159e-03
2.341783e-03
2.362961e-03
1.816450e-03
2.049034e-03
2.269471e-03
2.859699e-03
2.979942e-03
2.822903e-03
2.348715e-03
2.630589e-03
3.400455e-03
3.270772e-03
3.266816e-03
3.257586e-03
2.729659e-03
3.309749e-03
3.694903e-03
3.820914e-03
3.815110e-03
3.354406e-03
3.411728e-03
3.586557e-03
4.061650e-03
4.031609e-03
3.845546e-03
3.864467e-03
4.127436e-03
4.265558e-03
4.361536e-03
4.383834e-03
4.250168e-03
4.176698e-03
4.193829e-03
4.195733e-03
4.390145e-03
4.556081e-03
4.573646e-03
4.453337e-03
4.556642e-03
4.772554e-03
4.798787e-03
4.807694e-03
4.813964e-03
4.690139e-03
4.796757e-03
4.918777e-03
4.994233e-03
5.006331e-03
5.096295e-03
5.171933e-03
5.253777e-03
5.329290e-03
5.351703e-03
5.743542e-03
6.656526e-03
7.228287e-03
7.231602e-03
7.539140e-03
