1.231572e-12
2.175695e-12
4.773433e-12
7.548832e-12
1.402514e-11
3.094039e-11
5.056396e-11
9.017263e-11
1.984992e-10
3.715933e-10
5.256496e-10
1.014787e-09
2.299319e-09
3.830753e-09
5.937943e-09
1.086766e-08
2.486472e-08
4.554270e-08
8.727748e-08
1.577679e-07
5.997540e-07
1.082659e-06
2.212298e-06
6.469108e-06
1.259033e-05
3.233708e-05
1.451118e-04
2.338634e-04
3.482360e-04
8.434431e-04
1.448287e-03
1.948111e-03
4.016759e-03
7.795554e-03
7.713401e-03
7.631248e-03
4.286025e-05
5.247581e-05
1.056172e-04
1.329407e-04
1.497262e-04
1.550306e-04
1.596065e-04
2.570351e-04
3.364240e-04
3.973125e-04
3.199048e-04
5.171621e-04
7.690932e-04
5.764146e-04
8.836336e-04
1.150802e-03
1.165732e-03
1.674097e-03
2.170322e-03
1.550546e-03
1.460446e-03
2.224998e-03
2.965122e-03
2.986612e-03
2.088866e-03
2.447877e-03
2.797235e-03
3.808345e-03
4.008804e-03
3.711613e-03
2.883678e-03
3.347958e-03
4.704627e-03
4.443735e-03
4.430827e-03
4.400708e-03
3.452878e-03
4.463590e-03
5.163478e-03
5.382526e-03
5.357368e-03
4.465134e-03
4.559245e-03
4.868799e-03
5.714865e-03
5.649388e-03
5.274584e-03
5.284525e-03
5.759632e-03
6.009345e-03
6.163495e-03
6.185303e-03
5.914120e-03
5.750307e-03
5.759888e-03
5.760952e-03
6.109841e-03
6.396956e-03
6.396854e-03
6.149560e-03
6.324586e-03
6.659028e-03
6.690834e-03
6.681511e-03
6.674605e-03
6.420324e-03
6.603229e-03
6.797578e-03
6.886387e-03
6.886765e-03
7.006007e-03
7.082907e-03
7.177727e-03
7.254058e-03
7.276697e-03
7.658284e-03
8.525144e-03
9.013256e-03
9.016193e-03
9.268468e-03
