7.138667e-18
1.886385e-17
6.997637e-17
1.763883e-16
4.246972e-16
1.588338e-15
3.594256e-15
9.454539e-15
3.463878e-14
9.539253e-14
1.670344e-13
4.854135e-13
1.782171e-12
3.922343e-12
7.486086e-12
1.714842e-11
4.542874e-11
8.329144e-11
1.479677e-10
2.388700e-10
6.455703e-10
9.855986e-10
1.624158e-09
3.570330e-09
5.982423e-09
1.380933e-08
8.399497e-08
1.784366e-07
3.307689e-07
1.499429e-06
3.998790e-06
6.855312e-06
2.628602e-05
9.114626e-05
8.909137e-05
8.703647e-05
1.578687e-04
2.381152e-04
9.342304e-04
1.422119e-03
1.779346e-03
1.893359e-03
2.000878e-03
4.819061e-03
7.873408e-03
4.124056e-05
7.179788e-03
6.697633e-05
1.312816e-04
7.761631e-05
1.675657e-04
2.705632e-04
2.773497e-04
5.517916e-04
8.828343e-04
4.633159e-04
4.122526e-04
9.147620e-04
1.583461e-03
1.597369e-03
7.995371e-04
1.079666e-03
1.389686e-03
2.520073e-03
2.775934e-03
2.377968e-03
1.449751e-03
1.941624e-03
3.729838e-03
3.313600e-03
3.290979e-03
3.238193e-03
2.005058e-03
3.302770e-03
4.385075e-03
4.739016e-03
4.682005e-03
3.245156e-03
3.380077e-03
3.832635e-03
5.210230e-03
5.084748e-03
4.408774e-03
4.407279e-03
5.205436e-03
5.649594e-03
5.914095e-03
5.935819e-03
5.411631e-03
5.096687e-03
5.089188e-03
5.088354e-03
5.701943e-03
6.221872e-03
6.185146e-03
5.693926e-03
6.004704e-03
6.574796e-03
6.616344e-03
6.564857e-03
6.531936e-03
6.031743e-03
6.358875e-03
6.694579e-03
6.818519e-03
6.789429e-03
6.978623e-03
7.054130e-03
7.174286e-03
7.254058e-03
7.276697e-03
7.658284e-03
8.525144e-03
9.013256e-03
9.016193e-03
9.268468e-03
