3.008156e-20
9.652770e-20
4.585020e-19
1.498849e-18
3.926465e-18
1.886160e-17
4.979433e-17
1.578234e-16
7.363257e-16
2.427159e-15
4.701597e-15
1.659255e-14
7.687453e-14
1.945774e-13
4.153860e-13
1.099918e-12
3.441646e-12
6.986486e-12
1.366471e-11
2.387384e-11
7.580096e-11
1.235495e-10
2.194948e-10
5.283683e-10
9.137524e-10
2.020491e-09
8.259136e-09
1.445146e-08
2.373967e-08
9.591621e-08
2.712997e-07
4.964638e-07
2.395721e-06
1.072476e-05
1.042737e-05
1.012999e-05
2.088971e-05
3.450045e-05
1.851070e-04
3.067429e-04
4.034937e-04
4.344534e-04
4.642996e-04
1.364198e-03
2.490608e-03
3.597983e-03
2.216351e-03
4.016282e-03
5.774515e-05
8.108784e-03
7.695401e-05
1.361916e-04
1.405636e-04
3.250313e-04
5.708145e-04
2.595813e-04
2.250600e-04
5.940369e-04
1.164875e-03
1.175864e-03
5.022503e-04
7.248597e-04
9.875013e-04
2.056729e-03
2.316668e-03
1.910622e-03
1.036245e-03
1.489728e-03
3.323562e-03
2.865936e-03
2.840744e-03
2.781960e-03
1.536062e-03
2.845142e-03
4.042585e-03
4.448825e-03
4.378418e-03
2.772351e-03
2.919426e-03
3.408750e-03
4.976049e-03
4.824986e-03
4.033016e-03
4.026439e-03
4.951831e-03
5.479523e-03
5.792486e-03
5.815884e-03
5.175178e-03
4.801181e-03
4.783685e-03
4.781742e-03
5.510139e-03
6.135437e-03
6.083400e-03
5.480622e-03
5.853155e-03
6.531215e-03
6.575971e-03
6.508322e-03
6.464297e-03
5.850061e-03
6.240781e-03
6.642806e-03
6.783729e-03
6.741719e-03
6.966029e-03
7.041919e-03
7.172668e-03
7.254058e-03
7.276697e-03
7.658284e-03
8.525144e-03
9.013256e-03
9.016193e-03
9.268468e-03
