9.742146e-13
1.804446e-12
4.030850e-12
6.483083e-12
1.220529e-11
2.702285e-11
4.435991e-11
8.055844e-11
1.825740e-10
3.329957e-10
4.911109e-10
9.234236e-10
2.047456e-09
3.309913e-09
5.103797e-09
8.309933e-09
1.520954e-08
2.254975e-08
3.231763e-08
4.391309e-08
8.039653e-08
1.059235e-07
1.427749e-07
2.371352e-07
3.240766e-07
5.426865e-07
1.583543e-06
2.007504e-06
1.680105e-06
2.410628e-06
3.235038e-06
3.853962e-06
5.986140e-06
9.264132e-06
9.262023e-06
9.259914e-06
1.177631e-05
1.359885e-05
2.517095e-05
3.107647e-05
3.454933e-05
3.567271e-05
3.685286e-05
5.879513e-05
7.757319e-05
9.257306e-05
7.436200e-05
1.246902e-04
1.939841e-04
1.408901e-04
2.284913e-04
3.099190e-04
3.179371e-04
4.921863e-04
6.715230e-04
4.496623e-04
4.176639e-04
6.973450e-04
9.943465e-04
1.006515e-03
6.507523e-04
7.904566e-04
9.314079e-04
1.371544e-03
1.469190e-03
1.339489e-03
9.792738e-04
1.183323e-03
1.817581e-03
1.698767e-03
1.693206e-03
1.680228e-03
1.241483e-03
1.715518e-03
2.067178e-03
2.186744e-03
2.178412e-03
1.739248e-03
1.788208e-03
1.942323e-03
2.397597e-03
2.365730e-03
2.172590e-03
2.179954e-03
2.437351e-03
2.582080e-03
2.672114e-03
2.690975e-03
2.547713e-03
2.466035e-03
2.472136e-03
2.472813e-03
2.673139e-03
2.847895e-03
2.853658e-03
2.722168e-03
2.827947e-03
3.043574e-03
3.067020e-03
3.066614e-03
3.069872e-03
2.930378e-03
3.041811e-03
3.167053e-03
3.242946e-03
3.250099e-03
3.340587e-03
3.400871e-03
3.483289e-03
3.550791e-03
3.569573e-03
3.940430e-03
4.854725e-03
5.498415e-03
5.502360e-03
5.875202e-03
