8.760803e-11
1.231854e-10
1.985810e-10
2.534288e-10
3.814143e-10
6.161489e-10
8.299797e-10
1.175307e-09
1.899244e-09
2.788107e-09
3.454004e-09
5.131068e-09
8.379232e-09
1.128669e-08
1.450239e-08
1.981096e-08
2.877878e-08
3.649573e-08
4.555556e-08
5.491077e-08
8.052849e-08
9.504486e-08
1.146498e-07
1.542997e-07
1.856244e-07
2.417655e-07
3.746765e-07
4.313466e-07
4.867831e-07
6.513370e-07
7.753346e-07
8.549253e-07
1.097956e-06
1.392028e-06
1.390564e-06
1.389100e-06
1.572833e-06
1.688087e-06
2.286357e-06
2.527534e-06
2.649619e-06
2.688542e-06
2.724915e-06
3.385255e-06
3.841609e-06
4.161679e-06
3.753219e-06
4.742509e-06
5.883773e-06
5.008694e-06
6.338990e-06
7.326606e-06
7.405679e-06
9.376799e-06
1.123439e-05
8.814021e-06
8.370501e-06
1.128212e-05
1.415803e-05
1.419370e-05
1.062601e-05
1.190738e-05
1.315339e-05
1.718928e-05
1.800952e-05
1.670125e-05
1.328115e-05
1.502156e-05
2.046343e-05
1.931569e-05
1.921796e-05
1.898989e-05
1.503377e-05
1.902489e-05
2.194340e-05
2.278550e-05
2.258810e-05
1.863036e-05
1.894988e-05
2.015638e-05
2.347216e-05
2.311459e-05
2.143632e-05
2.137103e-05
2.333801e-05
2.429227e-05
2.490027e-05
2.487747e-05
2.352120e-05
2.274074e-05
2.265979e-05
2.265079e-05
2.409943e-05
2.503362e-05
2.491213e-05
2.374923e-05
2.434715e-05
2.548992e-05
2.559190e-05
2.544519e-05
2.525075e-05
2.401615e-05
2.469856e-05
2.533892e-05
2.537274e-05
2.528553e-05
2.527428e-05
2.565243e-05
2.568259e-05
2.578288e-05
2.583138e-05
2.560090e-05
2.525348e-05
2.492554e-05
2.491601e-05
2.439555e-05
