8.967979e-16
2.094802e-15
6.151731e-15
1.242290e-14
2.705647e-14
7.853927e-14
1.531159e-13
3.411192e-13
1.024341e-12
2.231437e-12
3.835206e-12
8.648125e-12
2.424992e-11
4.533303e-11
8.107592e-11
1.497441e-10
3.234954e-10
5.425692e-10
8.587679e-10
1.277463e-09
2.682153e-09
3.803268e-09
5.471615e-09
1.004792e-08
1.421662e-08
2.435587e-08
5.492546e-08
7.350414e-08
9.100069e-08
1.555733e-07
2.128338e-07
2.619677e-07
4.062789e-07
6.088935e-07
6.179389e-07
6.269843e-07
7.883892e-07
8.787719e-07
1.518931e-06
1.819163e-06
1.967633e-06
2.018508e-06
2.094608e-06
3.012837e-06
3.745156e-06
4.295882e-06
3.706209e-06
5.503079e-06
7.922730e-06
6.147661e-06
9.123500e-06
1.175257e-05
1.223679e-05
1.901289e-05
2.666708e-05
1.701298e-05
1.551722e-05
2.737286e-05
4.407214e-05
4.455422e-05
2.470321e-05
3.103059e-05
3.816036e-05
6.988625e-05
7.843946e-05
6.601350e-05
3.969221e-05
5.273522e-05
1.093487e-04
9.493905e-05
9.381752e-05
9.120048e-05
5.305387e-05
9.191831e-05
1.315913e-04
1.457370e-04
1.429269e-04
8.889459e-05
9.316925e-05
1.080502e-04
1.607576e-04
1.550980e-04
1.274385e-04
1.258014e-04
1.573052e-04
1.762508e-04
1.870963e-04
1.870887e-04
1.629954e-04
1.495183e-04
1.477176e-04
1.475176e-04
1.731648e-04
1.942182e-04
1.909342e-04
1.693343e-04
1.810656e-04
2.040681e-04
2.054325e-04
2.017516e-04
1.992465e-04
1.764294e-04
1.895874e-04
2.027665e-04
2.059503e-04
2.038134e-04
2.084660e-04
2.109250e-04
2.136458e-04
2.149785e-04
2.153531e-04
2.173404e-04
2.315355e-04
2.573701e-04
2.575679e-04
2.848164e-04
