3.830422e-19
1.012463e-18
3.758417e-18
9.475184e-18
2.281508e-17
8.527905e-17
1.928321e-16
5.064187e-16
1.849134e-15
5.081947e-15
8.873144e-15
2.567770e-14
9.355235e-14
2.047576e-13
3.884216e-13
8.825976e-13
2.309259e-12
4.197905e-12
7.387205e-12
1.182594e-11
3.122273e-11
4.707848e-11
7.609571e-11
1.581688e-10
2.499442e-10
4.782328e-10
1.385364e-09
1.947475e-09
2.608282e-09
5.120604e-09
7.740142e-09
9.722211e-09
1.735471e-08
2.997928e-08
2.978065e-08
2.958203e-08
3.891550e-08
4.627245e-08
8.944874e-08
1.108898e-07
1.232823e-07
1.272373e-07
1.309654e-07
2.071868e-07
2.703446e-07
3.185680e-07
2.571524e-07
4.207755e-07
6.433386e-07
4.673709e-07
7.479021e-07
1.003670e-06
1.030033e-06
1.663141e-06
2.376604e-06
1.461099e-06
1.325845e-06
2.423781e-06
3.961366e-06
3.994361e-06
2.155769e-06
2.737065e-06
3.388285e-06
6.413934e-06
7.288168e-06
6.003870e-06
3.496623e-06
4.718542e-06
1.070373e-05
9.005458e-06
8.873682e-06
8.566189e-06
4.689482e-06
8.626671e-06
1.344591e-05
1.537215e-05
1.495463e-05
8.242071e-06
8.736094e-06
1.041606e-05
1.747759e-05
1.660062e-05
1.272096e-05
1.248845e-05
1.685203e-05
1.980272e-05
2.157477e-05
2.156604e-05
1.764560e-05
1.561546e-05
1.532268e-05
1.529016e-05
1.918303e-05
2.271002e-05
2.209187e-05
1.848762e-05
2.037890e-05
2.431550e-05
2.455800e-05
2.385141e-05
2.337896e-05
1.942723e-05
2.162925e-05
2.393248e-05
2.447368e-05
2.402689e-05
2.485718e-05
2.521518e-05
2.563217e-05
2.578288e-05
2.583138e-05
2.560090e-05
2.525348e-05
2.492554e-05
2.491601e-05
2.439555e-05
