8.317069e-24
3.240315e-23
1.965245e-22
8.480380e-22
2.368325e-21
1.456237e-20
4.473694e-20
1.705281e-19
1.007839e-18
3.958381e-18
8.448854e-18
3.605703e-17
2.092995e-16
6.061479e-16
1.439109e-15
4.377256e-15
1.602236e-14
3.575081e-14
7.641853e-14
1.435585e-13
5.276416e-13
9.125087e-13
1.740976e-12
4.630564e-12
8.475450e-12
2.011110e-11
8.195773e-11
1.289178e-10
1.889345e-10
4.552914e-10
7.833174e-10
1.054994e-09
2.251073e-09
4.597535e-09
4.551838e-09
4.506142e-09
6.428044e-09
8.084363e-09
1.896581e-08
2.495693e-08
2.866456e-08
2.984614e-08
3.094634e-08
5.583882e-08
7.854154e-08
9.687314e-08
7.350831e-08
1.390044e-07
2.360800e-07
1.575201e-07
2.853297e-07
4.138488e-07
4.268879e-07
7.747277e-07
1.194159e-06
6.582692e-07
5.856594e-07
1.224596e-06
2.211321e-06
2.235165e-06
1.064414e-06
1.422682e-06
1.840339e-06
3.957039e-06
4.630920e-06
3.664562e-06
1.917186e-06
2.760719e-06
7.507040e-06
6.043987e-06
5.933407e-06
5.675372e-06
2.735298e-06
5.723321e-06
1.013048e-05
1.215434e-05
1.171607e-05
5.441083e-06
5.877644e-06
7.310572e-06
1.460075e-05
1.358059e-05
9.468760e-06
9.219575e-06
1.382644e-05
1.740604e-05
1.967549e-05
1.967415e-05
1.478276e-05
1.249023e-05
1.214126e-05
1.210250e-05
1.665554e-05
2.131583e-05
2.044680e-05
1.582555e-05
1.821287e-05
2.357336e-05
2.387953e-05
2.286123e-05
2.223920e-05
1.701225e-05
1.986680e-05
2.304604e-05
2.389367e-05
2.323891e-05
2.458614e-05
2.493530e-05
2.559811e-05
2.578288e-05
2.583138e-05
2.560090e-05
2.525348e-05
2.492554e-05
2.491601e-05
2.439555e-05
