0.000000e+00
7.087946e-86
2.740971e-80
4.142662e-77
1.011468e-73
-1.448909e-68
2.658759e-62
-2.552930e-56
-9.939344e-51
2.158875e-44
1.693217e-38
-9.870391e-33
1.953220e-27
2.888562e-09
6.330836e-09
1.481485e-08
4.196310e-08
8.329476e-08
1.535702e-07
2.590220e-07
6.871620e-07
1.077856e-06
1.732647e-06
3.736091e-06
5.794422e-06
1.132066e-05
3.056287e-05
4.333283e-05
5.593295e-05
1.038828e-04
1.488069e-04
1.887132e-04
3.063227e-04
4.730344e-04
4.804640e-04
4.878937e-04
6.186069e-04
6.971650e-04
1.192227e-03
1.421225e-03
1.534445e-03
1.573485e-03
1.633716e-03
2.257730e-03
2.723799e-03
3.055991e-03
2.724956e-03
3.720255e-03
4.898227e-03
4.121946e-03
5.441266e-03
6.443396e-03
6.643503e-03
8.472276e-03
1.007656e-02
8.165767e-03
7.798415e-03
1.033905e-02
1.258777e-02
1.271897e-02
1.002380e-02
1.109072e-02
1.206912e-02
1.500909e-02
1.567139e-02
1.490881e-02
1.248183e-02
1.381561e-02
1.751543e-02
1.693732e-02
1.687157e-02
1.671814e-02
1.409938e-02
1.674561e-02
1.861310e-02
1.924435e-02
1.917928e-02
1.681485e-02
1.701720e-02
1.774546e-02
1.994404e-02
1.978707e-02
1.881118e-02
1.866068e-02
1.984153e-02
2.053062e-02
2.084132e-02
2.086272e-02
2.014124e-02
1.975243e-02
1.965280e-02
1.964173e-02
2.050509e-02
2.117050e-02
2.104697e-02
2.049958e-02
2.079953e-02
2.149835e-02
2.152976e-02
2.143251e-02
2.140266e-02
2.078824e-02
2.115360e-02
2.152696e-02
2.168032e-02
2.165668e-02
2.176625e-02
2.184949e-02
2.198731e-02
2.204164e-02
2.205307e-02
2.227335e-02
2.278121e-02
2.279139e-02
2.279124e-02
2.275883e-02
