0.000000e+00
-1.681894e-75
-5.349642e-69
1.452531e-67
1.501487e-63
-5.846523e-58
-1.918440e-52
7.171562e-47
-1.165880e-41
-3.949661e-35
3.325542e-29
1.437873e-23
8.774618e-06
1.605020e-05
2.636434e-05
4.857088e-05
9.848091e-05
1.522620e-04
2.281962e-04
3.185681e-04
6.186661e-04
8.189508e-04
1.123243e-03
1.808793e-03
2.421982e-03
3.633296e-03
6.880362e-03
8.402127e-03
9.923749e-03
1.449902e-02
1.811177e-02
2.050756e-02
2.758309e-02
3.604678e-02
3.597391e-02
3.590104e-02
4.093864e-02
4.447542e-02
5.949815e-02
6.551065e-02
6.859148e-02
6.957769e-02
7.053132e-02
8.479153e-02
9.395342e-02
1.000293e-01
9.250396e-02
1.100665e-01
1.279780e-01
1.153067e-01
1.346591e-01
1.478552e-01
1.487190e-01
1.689179e-01
1.854785e-01
1.646755e-01
1.610263e-01
1.869492e-01
2.067998e-01
2.072126e-01
1.826182e-01
1.929523e-01
2.019494e-01
2.251248e-01
2.292227e-01
2.230026e-01
2.038269e-01
2.144734e-01
2.416620e-01
2.367060e-01
2.363680e-01
2.355792e-01
2.161902e-01
2.362976e-01
2.485776e-01
2.520567e-01
2.515091e-01
2.354751e-01
2.369469e-01
2.423145e-01
2.560713e-01
2.549739e-01
2.485646e-01
2.483752e-01
2.557919e-01
2.595457e-01
2.615371e-01
2.616664e-01
2.573788e-01
2.546618e-01
2.544007e-01
2.543717e-01
2.595190e-01
2.634623e-01
2.630146e-01
2.592615e-01
2.615493e-01
2.655165e-01
2.657621e-01
2.652682e-01
2.649699e-01
2.612837e-01
2.636500e-01
2.659280e-01
2.667747e-01
2.665386e-01
2.677041e-01
2.680974e-01
2.688341e-01
2.692647e-01
2.693759e-01
2.712328e-01
2.750925e-01
2.763212e-01
2.763239e-01
2.767722e-01
