0.000000e+00
2.578389e-42
-1.163739e-35
2.462332e-33
1.848893e-31
-7.192594e-24
4.833287e-06
8.533106e-06
1.828392e-05
3.276524e-05
4.606158e-05
8.281534e-05
1.681372e-04
2.571896e-04
3.677323e-04
5.622379e-04
9.238006e-04
1.262618e-03
1.681062e-03
2.134092e-03
3.391687e-03
4.145480e-03
5.171540e-03
7.247055e-03
8.898091e-03
1.188040e-02
1.862023e-02
2.151316e-02
2.419333e-02
3.162868e-02
3.699281e-02
4.058105e-02
4.995484e-02
6.024868e-02
6.029009e-02
6.033150e-02
6.625606e-02
7.017402e-02
8.637870e-02
9.263132e-02
9.570693e-02
9.670728e-02
9.780172e-02
1.113623e-01
1.198262e-01
1.253097e-01
1.189166e-01
1.343361e-01
1.496053e-01
1.393361e-01
1.553763e-01
1.661347e-01
1.670787e-01
1.828334e-01
1.954503e-01
1.800591e-01
1.773559e-01
1.969823e-01
2.115529e-01
2.120627e-01
1.942616e-01
2.019584e-01
2.085733e-01
2.251985e-01
2.282943e-01
2.241106e-01
2.105257e-01
2.182641e-01
2.375190e-01
2.343012e-01
2.340863e-01
2.335849e-01
2.200854e-01
2.342346e-01
2.428171e-01
2.453514e-01
2.450858e-01
2.343059e-01
2.353615e-01
2.390552e-01
2.487575e-01
2.480554e-01
2.438226e-01
2.437185e-01
2.488911e-01
2.515449e-01
2.529926e-01
2.531703e-01
2.503564e-01
2.486183e-01
2.485049e-01
2.484923e-01
2.520727e-01
2.548561e-01
2.546342e-01
2.522386e-01
2.538359e-01
2.567852e-01
2.570204e-01
2.567514e-01
2.566239e-01
2.542315e-01
2.559031e-01
2.575599e-01
2.583566e-01
2.582919e-01
2.592598e-01
2.597275e-01
2.604883e-01
2.610092e-01
2.611483e-01
2.635978e-01
2.686924e-01
2.707971e-01
2.708052e-01
2.717412e-01
