0.000000e+00
-1.308380e-75
1.607383e-70
-1.365596e-67
-3.608316e-64
-2.389638e-58
9.135426e-54
-2.005643e-47
-4.275642e-41
-2.997511e-35
8.196758e-30
-1.154175e-23
6.408991e-06
1.188453e-05
1.949252e-05
3.670308e-05
7.566384e-05
1.175118e-04
1.777286e-04
2.494837e-04
4.964367e-04
6.600358e-04
9.171409e-04
1.491956e-03
2.023620e-03
3.066625e-03
5.976952e-03
7.327668e-03
8.744818e-03
1.297073e-02
1.639269e-02
1.858923e-02
2.541862e-02
3.379280e-02
3.362386e-02
3.345492e-02
3.832949e-02
4.197761e-02
5.687782e-02
6.288970e-02
6.606837e-02
6.706836e-02
6.789447e-02
8.261102e-02
9.211045e-02
9.840377e-02
9.017369e-02
1.086468e-01
1.275165e-01
1.137503e-01
1.343702e-01
1.485351e-01
1.490527e-01
1.707630e-01
1.887415e-01
1.658003e-01
1.618873e-01
1.899424e-01
2.115472e-01
2.118231e-01
1.847969e-01
1.960573e-01
2.059108e-01
2.310896e-01
2.353826e-01
2.284019e-01
2.073894e-01
2.189331e-01
2.485913e-01
2.429228e-01
2.425622e-01
2.417208e-01
2.203657e-01
2.424138e-01
2.557656e-01
2.594367e-01
2.587591e-01
2.410529e-01
2.426548e-01
2.485422e-01
2.633385e-01
2.620917e-01
2.549608e-01
2.548112e-01
2.628672e-01
2.668441e-01
2.689782e-01
2.690611e-01
2.643000e-01
2.612103e-01
2.609542e-01
2.609257e-01
2.664781e-01
2.706852e-01
2.701764e-01
2.659154e-01
2.684417e-01
2.725861e-01
2.728099e-01
2.722550e-01
2.718598e-01
2.677533e-01
2.703234e-01
2.727533e-01
2.735039e-01
2.731988e-01
2.743899e-01
2.747172e-01
2.753586e-01
2.757004e-01
2.757888e-01
2.771604e-01
2.800097e-01
2.805402e-01
2.805385e-01
2.806005e-01
