0.000000e+00
3.942764e-30
1.154175e-23
1.141075e-06
3.803739e-06
7.838962e-06
1.226117e-05
2.055624e-05
4.113053e-05
7.006419e-05
9.556910e-05
1.630504e-04
3.107035e-04
4.575743e-04
6.337072e-04
9.328922e-04
1.466292e-03
1.948992e-03
2.529659e-03
3.143702e-03
4.793668e-03
5.755363e-03
7.038583e-03
9.569135e-03
1.153722e-02
1.501039e-02
2.260602e-02
2.578442e-02
2.869721e-02
3.663798e-02
4.226131e-02
4.598482e-02
5.557348e-02
6.592050e-02
6.596293e-02
6.600535e-02
7.188797e-02
7.575978e-02
9.154348e-02
9.758165e-02
1.005341e-01
1.014944e-01
1.025459e-01
1.154328e-01
1.234079e-01
1.285510e-01
1.225711e-01
1.369718e-01
1.511300e-01
1.416483e-01
1.564396e-01
1.663042e-01
1.671779e-01
1.814821e-01
1.928812e-01
1.790081e-01
1.765730e-01
1.942886e-01
2.073472e-01
2.078028e-01
1.918952e-01
1.988054e-01
2.047393e-01
2.195489e-01
2.223041e-01
2.186071e-01
2.065387e-01
2.134420e-01
2.305238e-01
2.276970e-01
2.275116e-01
2.270791e-01
2.151288e-01
2.276850e-01
2.352638e-01
2.375042e-01
2.372813e-01
2.278080e-01
2.287475e-01
2.320151e-01
2.405816e-01
2.399679e-01
2.362646e-01
2.361970e-01
2.407562e-01
2.430893e-01
2.443758e-01
2.445470e-01
2.420901e-01
2.405784e-01
2.404946e-01
2.404853e-01
2.436375e-01
2.460881e-01
2.459126e-01
2.438250e-01
2.452388e-01
2.478622e-01
2.480789e-01
2.478590e-01
2.477533e-01
2.456657e-01
2.471469e-01
2.486219e-01
2.493560e-01
2.493138e-01
2.501934e-01
2.506494e-01
2.513557e-01
2.518559e-01
2.519906e-01
2.543538e-01
2.592703e-01
2.613056e-01
2.613133e-01
2.622178e-01
