0.000000e+00
-6.547504e-36
-1.675097e-29
2.918785e-28
5.156954e-24
4.808324e-06
7.705086e-06
1.330845e-05
2.759542e-05
4.860628e-05
6.673006e-05
1.181116e-04
2.341469e-04
3.524083e-04
4.934381e-04
7.460727e-04
1.203764e-03
1.617372e-03
2.127598e-03
2.667632e-03
4.179645e-03
5.055369e-03
6.254956e-03
8.631850e-03
1.052239e-02
1.384016e-02
2.134406e-02
2.443714e-02
2.736426e-02
3.540873e-02
4.117294e-02
4.480773e-02
5.477434e-02
6.566767e-02
6.558567e-02
6.550368e-02
7.161092e-02
7.575985e-02
9.226918e-02
9.854977e-02
1.016836e-01
1.026872e-01
1.036604e-01
1.174581e-01
1.259239e-01
1.314288e-01
1.246876e-01
1.402351e-01
1.554527e-01
1.448862e-01
1.609790e-01
1.715807e-01
1.722673e-01
1.878017e-01
2.002027e-01
1.847365e-01
1.819947e-01
2.013731e-01
2.156405e-01
2.159707e-01
1.983115e-01
2.058706e-01
2.123532e-01
2.285268e-01
2.313859e-01
2.271694e-01
2.138206e-01
2.213167e-01
2.399506e-01
2.366661e-01
2.364494e-01
2.359438e-01
2.227021e-01
2.365072e-01
2.447331e-01
2.470569e-01
2.467245e-01
2.361445e-01
2.371486e-01
2.407432e-01
2.498994e-01
2.491885e-01
2.450213e-01
2.449495e-01
2.498691e-01
2.523233e-01
2.536648e-01
2.537817e-01
2.510189e-01
2.492747e-01
2.491428e-01
2.491281e-01
2.525155e-01
2.550932e-01
2.548505e-01
2.524484e-01
2.539593e-01
2.566192e-01
2.568088e-01
2.565274e-01
2.563447e-01
2.539772e-01
2.555534e-01
2.570929e-01
2.577341e-01
2.576268e-01
2.584546e-01
2.588422e-01
2.594311e-01
2.598313e-01
2.599391e-01
2.617303e-01
2.654566e-01
2.666467e-01
2.666493e-01
2.670820e-01
