0.000000e+00
5.801297e-82
-1.554510e-75
1.494403e-73
2.031868e-70
3.477752e-64
-1.295943e-58
1.619091e-53
-2.182045e-47
1.118797e-41
3.526483e-38
1.232595e-29
-4.329774e-25
2.616616e-06
4.733167e-06
9.625379e-06
2.203267e-05
3.700895e-05
5.958469e-05
8.854325e-05
1.919004e-04
2.676875e-04
3.879277e-04
6.808770e-04
9.574981e-04
1.550206e-03
3.269634e-03
4.155220e-03
5.049289e-03
7.862808e-03
1.020204e-02
1.187775e-02
1.678250e-02
2.291917e-02
2.292916e-02
2.293916e-02
2.678838e-02
2.946884e-02
4.161674e-02
4.665655e-02
4.924047e-02
5.007933e-02
5.098467e-02
6.324158e-02
7.139023e-02
7.684606e-02
7.036847e-02
8.624648e-02
1.029159e-01
9.135530e-02
1.094447e-01
1.221877e-01
1.232815e-01
1.431948e-01
1.597670e-01
1.392887e-01
1.357507e-01
1.616218e-01
1.819135e-01
1.825252e-01
1.576391e-01
1.680899e-01
1.772762e-01
2.014143e-01
2.059593e-01
1.995740e-01
1.796926e-01
1.908047e-01
2.195816e-01
2.144883e-01
2.141296e-01
2.132926e-01
1.929629e-01
2.140745e-01
2.273194e-01
2.312305e-01
2.307222e-01
2.137244e-01
2.153044e-01
2.209541e-01
2.360101e-01
2.348549e-01
2.279951e-01
2.277049e-01
2.358056e-01
2.400156e-01
2.422275e-01
2.424171e-01
2.377866e-01
2.348984e-01
2.346117e-01
2.345798e-01
2.402428e-01
2.446528e-01
2.441548e-01
2.401752e-01
2.426719e-01
2.471747e-01
2.474693e-01
2.469265e-01
2.466618e-01
2.427049e-01
2.453025e-01
2.478215e-01
2.488409e-01
2.486163e-01
2.499568e-01
2.504031e-01
2.513264e-01
2.518559e-01
2.519906e-01
2.543538e-01
2.592703e-01
2.613056e-01
2.613133e-01
2.622178e-01
