0.000000e+00
5.195195e-76
-2.026208e-70
-5.161737e-68
-3.813064e-64
-1.297499e-58
7.031016e-53
5.281383e-48
8.435817e-42
-1.861983e-35
-6.582058e-30
-6.853321e-24
2.749514e-06
5.369105e-06
9.298952e-06
1.830868e-05
4.006580e-05
6.490549e-05
1.015983e-04
1.469908e-04
3.067143e-04
4.183362e-04
5.939963e-04
1.006913e-03
1.391025e-03
2.179994e-03
4.419888e-03
5.514668e-03
6.632098e-03
1.008145e-02
1.289767e-02
1.479483e-02
2.054173e-02
2.762846e-02
2.756149e-02
2.749451e-02
3.179406e-02
3.485141e-02
4.809600e-02
5.348594e-02
5.627643e-02
5.716923e-02
5.802878e-02
7.114671e-02
7.969835e-02
8.541554e-02
7.831379e-02
9.495525e-02
1.121580e-01
9.991501e-02
1.186339e-01
1.315535e-01
1.323817e-01
1.524414e-01
1.690324e-01
1.481536e-01
1.445178e-01
1.704780e-01
1.906203e-01
1.910252e-01
1.660724e-01
1.765012e-01
1.856282e-01
2.093112e-01
2.135555e-01
2.071327e-01
1.874915e-01
1.983618e-01
2.263786e-01
2.212210e-01
2.208681e-01
2.200444e-01
2.000571e-01
2.207685e-01
2.335071e-01
2.371227e-01
2.365400e-01
2.199181e-01
2.214400e-01
2.269592e-01
2.412404e-01
2.400886e-01
2.333898e-01
2.331810e-01
2.409059e-01
2.448228e-01
2.468943e-01
2.470196e-01
2.425232e-01
2.396695e-01
2.393873e-01
2.393560e-01
2.447288e-01
2.488500e-01
2.483663e-01
2.444243e-01
2.468128e-01
2.509409e-01
2.511897e-01
2.506641e-01
2.503430e-01
2.464739e-01
2.489384e-01
2.513081e-01
2.521590e-01
2.518974e-01
2.530936e-01
2.534665e-01
2.542039e-01
2.546178e-01
2.547238e-01
2.564784e-01
2.601293e-01
2.612979e-01
2.613004e-01
2.617241e-01
