0.000000e+00
-8.436847e-82
9.931594e-76
-3.240290e-74
-6.474811e-70
2.344218e-64
-1.877795e-58
4.883783e-53
1.849553e-48
2.233109e-41
-2.100608e-35
4.566765e-30
-5.751490e-24
3.121721e-06
5.461358e-06
1.116771e-05
2.532422e-05
4.160257e-05
6.639468e-05
9.739133e-05
2.119077e-04
2.923198e-04
4.241611e-04
7.353021e-04
1.037030e-03
1.659154e-03
3.523106e-03
4.436291e-03
5.415146e-03
8.444891e-03
1.100103e-02
1.267672e-02
1.805078e-02
2.489884e-02
2.475704e-02
2.461523e-02
2.870306e-02
3.180608e-02
4.483311e-02
5.020465e-02
5.307943e-02
5.398399e-02
5.473252e-02
6.831018e-02
7.724638e-02
8.322909e-02
7.540548e-02
9.310941e-02
1.115226e-01
9.800456e-02
1.183086e-01
1.324886e-01
1.330156e-01
1.551287e-01
1.736626e-01
1.499827e-01
1.459845e-01
1.748912e-01
1.975404e-01
1.978209e-01
1.695152e-01
1.812389e-01
1.915585e-01
2.182604e-01
2.228523e-01
2.153714e-01
1.930872e-01
2.053009e-01
2.370200e-01
2.308946e-01
2.304987e-01
2.295748e-01
2.067707e-01
2.303218e-01
2.447358e-01
2.487144e-01
2.479711e-01
2.288259e-01
2.305499e-01
2.368867e-01
2.529109e-01
2.515525e-01
2.437944e-01
2.436187e-01
2.523610e-01
2.566932e-01
2.590105e-01
2.590933e-01
2.538937e-01
2.505220e-01
2.502345e-01
2.502026e-01
2.562428e-01
2.608372e-01
2.602714e-01
2.556108e-01
2.583620e-01
2.628735e-01
2.631085e-01
2.624937e-01
2.620589e-01
2.575687e-01
2.603632e-01
2.630019e-01
2.637956e-01
2.634475e-01
2.647285e-01
2.650481e-01
2.657149e-01
2.660519e-01
2.661378e-01
2.674608e-01
2.702107e-01
2.707264e-01
2.707247e-01
2.707845e-01
