0.000000e+00
-5.563583e-70
-3.186950e-64
5.247251e-62
3.733809e-58
8.368703e-53
1.197399e-46
6.625339e-42
-3.620523e-36
2.339466e-29
-1.460491e-23
5.047155e-06
1.325954e-05
2.360260e-05
3.790328e-05
6.793626e-05
1.334030e-04
2.022101e-04
2.975427e-04
4.091237e-04
7.709818e-04
1.007600e-03
1.362096e-03
2.145792e-03
2.835706e-03
4.174985e-03
7.680921e-03
9.293919e-03
1.089774e-02
1.564660e-02
1.934822e-02
2.178265e-02
2.890449e-02
3.731719e-02
3.724253e-02
3.716787e-02
4.212990e-02
4.560106e-02
6.018892e-02
6.598577e-02
6.894705e-02
6.989460e-02
7.080770e-02
8.441304e-02
9.309977e-02
9.883931e-02
9.172632e-02
1.082732e-01
1.250485e-01
1.132029e-01
1.312769e-01
1.435411e-01
1.443240e-01
1.629858e-01
1.782256e-01
1.590910e-01
1.557332e-01
1.795795e-01
1.977394e-01
1.981166e-01
1.756142e-01
1.850907e-01
1.933264e-01
2.144089e-01
2.181615e-01
2.125145e-01
1.950498e-01
2.047580e-01
2.294614e-01
2.249731e-01
2.246689e-01
2.239592e-01
2.063438e-01
2.246248e-01
2.357414e-01
2.388865e-01
2.383952e-01
2.239428e-01
2.252788e-01
2.301099e-01
2.425356e-01
2.415455e-01
2.357617e-01
2.356024e-01
2.423073e-01
2.456893e-01
2.474930e-01
2.476136e-01
2.437522e-01
2.413016e-01
2.410734e-01
2.410481e-01
2.456959e-01
2.492498e-01
2.488547e-01
2.454756e-01
2.475424e-01
2.511294e-01
2.513567e-01
2.509202e-01
2.506482e-01
2.473317e-01
2.494706e-01
2.515309e-01
2.523042e-01
2.520987e-01
2.531545e-01
2.535320e-01
2.542117e-01
2.546178e-01
2.547238e-01
2.564784e-01
2.601293e-01
2.612979e-01
2.613004e-01
2.617241e-01
