0.000000e+00
7.016887e-78
2.193738e-69
9.262149e-68
-4.338288e-64
7.974794e-58
-1.344213e-52
-2.882309e-47
-1.082923e-41
3.138570e-35
4.572928e-30
-1.524468e-23
5.084822e-06
9.564028e-06
1.606243e-05
3.044661e-05
6.376373e-05
1.005389e-04
1.534742e-04
2.174969e-04
4.354613e-04
5.836993e-04
8.124302e-04
1.336638e-03
1.813622e-03
2.770774e-03
5.400256e-03
6.653843e-03
7.920462e-03
1.176333e-02
1.484264e-02
1.689583e-02
2.303023e-02
3.046439e-02
3.039474e-02
3.032509e-02
3.478190e-02
3.793267e-02
5.140327e-02
5.683227e-02
5.962885e-02
6.052341e-02
6.138320e-02
7.440443e-02
8.282182e-02
8.842142e-02
8.146728e-02
9.770616e-02
1.143573e-01
1.025397e-01
1.205886e-01
1.329599e-01
1.337468e-01
1.527961e-01
1.684708e-01
1.487606e-01
1.453172e-01
1.698444e-01
1.887305e-01
1.891132e-01
1.657118e-01
1.755214e-01
1.840827e-01
2.061728e-01
2.101171e-01
2.041553e-01
1.858431e-01
1.959959e-01
2.220246e-01
2.172551e-01
2.169297e-01
2.161704e-01
1.976044e-01
2.168569e-01
2.286419e-01
2.319797e-01
2.314478e-01
2.160896e-01
2.175009e-01
2.226141e-01
2.358076e-01
2.347479e-01
2.285766e-01
2.283946e-01
2.355252e-01
2.391326e-01
2.410470e-01
2.411675e-01
2.370319e-01
2.344101e-01
2.341585e-01
2.341306e-01
2.390807e-01
2.428719e-01
2.424376e-01
2.388148e-01
2.410182e-01
2.448284e-01
2.450633e-01
2.445833e-01
2.442929e-01
2.407360e-01
2.430122e-01
2.451983e-01
2.459975e-01
2.457647e-01
2.468742e-01
2.472437e-01
2.479366e-01
2.483385e-01
2.484420e-01
2.501514e-01
2.537127e-01
2.548534e-01
2.548558e-01
2.552691e-01
