0.000000e+00
2.552605e-41
8.569354e-36
-1.628013e-33
8.720611e-30
8.068242e-24
3.127891e-06
5.620598e-06
1.225710e-05
2.272988e-05
3.158508e-05
5.894903e-05
1.238972e-04
1.932012e-04
2.757553e-04
4.348114e-04
7.324379e-04
1.004329e-03
1.352681e-03
1.726658e-03
2.832532e-03
3.477128e-03
4.401671e-03
6.241676e-03
7.775551e-03
1.047737e-02
1.694282e-02
1.960731e-02
2.227116e-02
2.959625e-02
3.501876e-02
3.833299e-02
4.799150e-02
5.887097e-02
5.866375e-02
5.845652e-02
6.445142e-02
6.879911e-02
8.548516e-02
9.194307e-02
9.524882e-02
9.629026e-02
9.716261e-02
1.118243e-01
1.208973e-01
1.267749e-01
1.191134e-01
1.360406e-01
1.526565e-01
1.407075e-01
1.585184e-01
1.703290e-01
1.707587e-01
1.881433e-01
2.021770e-01
1.843457e-01
1.812311e-01
2.031494e-01
2.193851e-01
2.196107e-01
1.992714e-01
2.078716e-01
2.152846e-01
2.337245e-01
2.368299e-01
2.318318e-01
2.164630e-01
2.249728e-01
2.462863e-01
2.423118e-01
2.420579e-01
2.414655e-01
2.261363e-01
2.420154e-01
2.514113e-01
2.539761e-01
2.535207e-01
2.411343e-01
2.422717e-01
2.464391e-01
2.567806e-01
2.559226e-01
2.510073e-01
2.509376e-01
2.565477e-01
2.592824e-01
2.607749e-01
2.608479e-01
2.575914e-01
2.554764e-01
2.553241e-01
2.553072e-01
2.591472e-01
2.620239e-01
2.617033e-01
2.587993e-01
2.605445e-01
2.634238e-01
2.635960e-01
2.632383e-01
2.629646e-01
2.601630e-01
2.619522e-01
2.636550e-01
2.642260e-01
2.640488e-01
2.649001e-01
2.652272e-01
2.657351e-01
2.660519e-01
2.661378e-01
2.674608e-01
2.702107e-01
2.707264e-01
2.707247e-01
2.707845e-01
