2.469358e-03
2.977294e-03
3.843361e-03
4.304925e-03
5.381971e-03
6.861605e-03
7.981692e-03
9.477780e-03
1.195964e-02
1.436227e-02
1.597250e-02
1.911486e-02
2.374630e-02
2.706848e-02
3.024101e-02
3.445620e-02
4.014092e-02
4.422579e-02
4.833062e-02
5.205439e-02
6.002894e-02
6.391061e-02
6.841066e-02
7.592444e-02
8.091635e-02
8.852067e-02
1.018048e-01
1.065581e-01
1.105341e-01
1.201947e-01
1.262331e-01
1.300789e-01
1.387795e-01
1.471308e-01
1.472173e-01
1.473037e-01
1.517173e-01
1.545304e-01
1.648980e-01
1.686845e-01
1.704746e-01
1.710636e-01
1.717609e-01
1.788751e-01
1.830595e-01
1.857257e-01
1.828920e-01
1.899619e-01
1.965628e-01
1.924688e-01
1.991168e-01
2.034678e-01
2.039416e-01
2.097509e-01
2.142440e-01
2.091031e-01
2.082497e-01
2.150905e-01
2.199003e-01
2.201823e-01
2.145576e-01
2.171950e-01
2.194321e-01
2.246475e-01
2.256856e-01
2.245641e-01
2.205045e-01
2.230086e-01
2.289153e-01
2.281214e-01
2.280920e-01
2.280232e-01
2.241270e-01
2.284476e-01
2.309940e-01
2.318035e-01
2.318170e-01
2.289746e-01
2.293392e-01
2.304534e-01
2.334081e-01
2.332423e-01
2.322111e-01
2.323263e-01
2.338716e-01
2.346502e-01
2.351742e-01
2.353253e-01
2.346435e-01
2.342707e-01
2.343497e-01
2.343585e-01
2.354225e-01
2.362711e-01
2.363468e-01
2.357927e-01
2.363149e-01
2.374047e-01
2.375544e-01
2.375873e-01
2.376032e-01
2.370271e-01
2.375907e-01
2.382176e-01
2.387009e-01
2.387998e-01
2.392894e-01
2.397386e-01
2.402522e-01
2.407093e-01
2.408386e-01
2.430955e-01
2.477930e-01
2.497428e-01
2.497501e-01
2.506130e-01
