5.067074e-04
6.539599e-04
9.280081e-04
1.092465e-03
1.476222e-03
2.060524e-03
2.532064e-03
3.204898e-03
4.399769e-03
5.657252e-03
6.503005e-03
8.340535e-03
1.124048e-02
1.343956e-02
1.557560e-02
1.865630e-02
2.298985e-02
2.616769e-02
2.950863e-02
3.258895e-02
3.964800e-02
4.310690e-02
4.729647e-02
5.444527e-02
5.938617e-02
6.696204e-02
8.100390e-02
8.599313e-02
9.038342e-02
1.012656e-01
1.082187e-01
1.124044e-01
1.227799e-01
1.329814e-01
1.329403e-01
1.328992e-01
1.382399e-01
1.417481e-01
1.545935e-01
1.592496e-01
1.614959e-01
1.622189e-01
1.629493e-01
1.721795e-01
1.775784e-01
1.810055e-01
1.769517e-01
1.863172e-01
1.950514e-01
1.892231e-01
1.982024e-01
2.039311e-01
2.043442e-01
2.122391e-01
2.183580e-01
2.109277e-01
2.096166e-01
2.190987e-01
2.257693e-01
2.259893e-01
2.178560e-01
2.214760e-01
2.245348e-01
2.318240e-01
2.331341e-01
2.313653e-01
2.254565e-01
2.288885e-01
2.371048e-01
2.357861e-01
2.357110e-01
2.355360e-01
2.298230e-01
2.359104e-01
2.394398e-01
2.404594e-01
2.403696e-01
2.360356e-01
2.364952e-01
2.380528e-01
2.419901e-01
2.417092e-01
2.400705e-01
2.401291e-01
2.422303e-01
2.432552e-01
2.438817e-01
2.439830e-01
2.428983e-01
2.422390e-01
2.422516e-01
2.422530e-01
2.436864e-01
2.447644e-01
2.447463e-01
2.438188e-01
2.444807e-01
2.457157e-01
2.458461e-01
2.457913e-01
2.457373e-01
2.448062e-01
2.455161e-01
2.462512e-01
2.466734e-01
2.467034e-01
2.471653e-01
2.475454e-01
2.479727e-01
2.483385e-01
2.484420e-01
2.501514e-01
2.537127e-01
2.548534e-01
2.548558e-01
2.552691e-01
