0.000000e+00
3.951047e-76
-1.207235e-69
1.050459e-67
7.109806e-64
2.716346e-58
5.236557e-53
2.565854e-47
3.699428e-42
1.636288e-35
-6.532754e-31
-2.636638e-24
3.070298e-06
5.911374e-06
9.989628e-06
1.954565e-05
4.209111e-05
6.711947e-05
1.040612e-04
1.490620e-04
3.090583e-04
4.178998e-04
5.923187e-04
9.918305e-04
1.369459e-03
2.126983e-03
4.309493e-03
5.346964e-03
6.446413e-03
9.778614e-03
1.252688e-02
1.430607e-02
1.991804e-02
2.691569e-02
2.677237e-02
2.662906e-02
3.074665e-02
3.384810e-02
4.666308e-02
5.188208e-02
5.465689e-02
5.552981e-02
5.625077e-02
6.920478e-02
7.763615e-02
8.324833e-02
7.590774e-02
9.243786e-02
1.094510e-01
9.700675e-02
1.156681e-01
1.285804e-01
1.290493e-01
1.489851e-01
1.655785e-01
1.443973e-01
1.407974e-01
1.666819e-01
1.867612e-01
1.870148e-01
1.619071e-01
1.723390e-01
1.814979e-01
2.050067e-01
2.090344e-01
2.024812e-01
1.828607e-01
1.936317e-01
2.214256e-01
2.160866e-01
2.157425e-01
2.149394e-01
1.949517e-01
2.156003e-01
2.281636e-01
2.316203e-01
2.309788e-01
2.143102e-01
2.158152e-01
2.213476e-01
2.352817e-01
2.341028e-01
2.273743e-01
2.272317e-01
2.348240e-01
2.385784e-01
2.405927e-01
2.406686e-01
2.361657e-01
2.332470e-01
2.330039e-01
2.329769e-01
2.382152e-01
2.421870e-01
2.417030e-01
2.376746e-01
2.400595e-01
2.439711e-01
2.441817e-01
2.436536e-01
2.432757e-01
2.393924e-01
2.418166e-01
2.441067e-01
2.448027e-01
2.445119e-01
2.456193e-01
2.459227e-01
2.465149e-01
2.468247e-01
2.469059e-01
2.481330e-01
2.506782e-01
2.511640e-01
2.511625e-01
2.512152e-01
