0.000000e+00
-1.332529e-70
3.431758e-64
-4.643333e-63
2.063319e-58
3.119911e-53
-2.687732e-47
5.547741e-42
9.183550e-37
-5.971924e-30
2.500929e-24
9.337548e-07
2.803204e-06
5.406638e-06
9.148313e-06
1.793120e-05
3.868663e-05
6.175590e-05
9.584093e-05
1.373938e-04
2.853106e-04
3.860134e-04
5.475052e-04
9.176100e-04
1.267687e-03
1.970236e-03
3.995820e-03
4.959086e-03
5.980359e-03
9.074719e-03
1.162773e-02
1.328050e-02
1.849403e-02
2.499494e-02
2.486172e-02
2.472850e-02
2.855319e-02
3.143460e-02
4.333805e-02
4.818517e-02
5.076315e-02
5.157415e-02
5.224390e-02
6.427146e-02
7.210195e-02
7.731138e-02
7.049694e-02
8.584300e-02
1.016348e-01
9.008241e-02
1.074070e-01
1.193924e-01
1.198251e-01
1.383243e-01
1.537211e-01
1.340660e-01
1.307287e-01
1.547448e-01
1.733643e-01
1.735919e-01
1.503144e-01
1.599939e-01
1.684878e-01
1.902920e-01
1.940289e-01
1.879515e-01
1.697499e-01
1.797414e-01
2.055152e-01
2.005670e-01
2.002478e-01
1.995029e-01
1.809655e-01
2.001202e-01
2.117591e-01
2.149648e-01
2.143764e-01
1.989217e-01
2.003170e-01
2.054504e-01
2.183607e-01
2.172678e-01
2.110339e-01
2.109022e-01
2.179403e-01
2.214158e-01
2.232865e-01
2.233531e-01
2.191802e-01
2.164680e-01
2.162690e-01
2.162469e-01
2.210850e-01
2.247597e-01
2.243124e-01
2.205771e-01
2.227888e-01
2.264152e-01
2.266107e-01
2.261244e-01
2.257717e-01
2.221718e-01
2.244191e-01
2.265407e-01
2.271846e-01
2.269115e-01
2.279375e-01
2.282259e-01
2.287727e-01
2.290632e-01
2.291387e-01
2.302708e-01
2.326313e-01
2.330839e-01
2.330822e-01
2.331300e-01
