0.000000e+00
8.851574e-31
2.445999e-24
3.257089e-07
1.085741e-06
2.416749e-06
3.952169e-06
6.968841e-06
1.482297e-05
2.697440e-05
3.708588e-05
6.785792e-05
1.392573e-04
2.140582e-04
3.019731e-04
4.691732e-04
7.760339e-04
1.054087e-03
1.405728e-03
1.779808e-03
2.871547e-03
3.500532e-03
4.395674e-03
6.158163e-03
7.613847e-03
1.015270e-02
1.614437e-02
1.858593e-02
2.101676e-02
2.764747e-02
3.251619e-02
3.547769e-02
4.403970e-02
5.363655e-02
5.345516e-02
5.327376e-02
5.852471e-02
6.232113e-02
7.682969e-02
8.239482e-02
8.524892e-02
8.614724e-02
8.689293e-02
9.947956e-02
1.072309e-01
1.122464e-01
1.057137e-01
1.201296e-01
1.342219e-01
1.241028e-01
1.391794e-01
1.491418e-01
1.494920e-01
1.641073e-01
1.758607e-01
1.609227e-01
1.583229e-01
1.766789e-01
1.902287e-01
1.904184e-01
1.734447e-01
1.806310e-01
1.868211e-01
2.021628e-01
2.047432e-01
2.006005e-01
1.878094e-01
1.948896e-01
2.127154e-01
2.093142e-01
2.091078e-01
2.086262e-01
1.958786e-01
2.090743e-01
2.168580e-01
2.189804e-01
2.186050e-01
2.083497e-01
2.092897e-01
2.127405e-01
2.213081e-01
2.205978e-01
2.165394e-01
2.164263e-01
2.211344e-01
2.233870e-01
2.246258e-01
2.246888e-01
2.219982e-01
2.202543e-01
2.201321e-01
2.201185e-01
2.232935e-01
2.256602e-01
2.254027e-01
2.230057e-01
2.244498e-01
2.268326e-01
2.269800e-01
2.266894e-01
2.264606e-01
2.241472e-01
2.256273e-01
2.270365e-01
2.275116e-01
2.273685e-01
2.280667e-01
2.283633e-01
2.287883e-01
2.290632e-01
2.291387e-01
2.302708e-01
2.326313e-01
2.330839e-01
2.330822e-01
2.331300e-01
