0.000000e+00
6.480118e-48
2.214052e-43
5.793528e-41
4.165658e-36
-9.429353e-31
2.154789e-24
4.235310e-07
1.164563e-06
2.445280e-06
3.700427e-06
7.865727e-06
1.939292e-05
3.323689e-05
5.166061e-05
8.916442e-05
1.673983e-04
2.466453e-04
3.536659e-04
4.759023e-04
8.600006e-04
1.103501e-03
1.462006e-03
2.231827e-03
2.895797e-03
4.150627e-03
7.332153e-03
8.753494e-03
1.015843e-02
1.423276e-02
1.735121e-02
1.937129e-02
2.522041e-02
3.201347e-02
3.194489e-02
3.187632e-02
3.581686e-02
3.857936e-02
4.994610e-02
5.442064e-02
5.670246e-02
5.743095e-02
5.811971e-02
6.847969e-02
7.503264e-02
7.934097e-02
7.397334e-02
8.635595e-02
9.879497e-02
9.001312e-02
1.033746e-01
1.123828e-01
1.129203e-01
1.264874e-01
1.375206e-01
1.236675e-01
1.212391e-01
1.384835e-01
1.515135e-01
1.517789e-01
1.356214e-01
1.424482e-01
1.483656e-01
1.633934e-01
1.660475e-01
1.620335e-01
1.495858e-01
1.565138e-01
1.740492e-01
1.708701e-01
1.706580e-01
1.701629e-01
1.576581e-01
1.706492e-01
1.784954e-01
1.807013e-01
1.803566e-01
1.701645e-01
1.711120e-01
1.745359e-01
1.832744e-01
1.825750e-01
1.785192e-01
1.784316e-01
1.831539e-01
1.855093e-01
1.867862e-01
1.868754e-01
1.841674e-01
1.824479e-01
1.823059e-01
1.822901e-01
1.855524e-01
1.880267e-01
1.877656e-01
1.853949e-01
1.868531e-01
1.893771e-01
1.895431e-01
1.892495e-01
1.890555e-01
1.867290e-01
1.882374e-01
1.896887e-01
1.902314e-01
1.900961e-01
1.908314e-01
1.911407e-01
1.916255e-01
1.919339e-01
1.920167e-01
1.933257e-01
1.960605e-01
1.969536e-01
1.969550e-01
1.972668e-01
