6.568198e-05
9.099022e-05
1.432282e-04
1.787864e-04
2.617605e-04
4.047779e-04
5.293096e-04
7.186535e-04
1.082305e-03
1.507445e-03
1.793002e-03
2.492265e-03
3.686784e-03
4.660579e-03
5.620977e-03
7.147173e-03
9.398929e-03
1.110524e-02
1.299154e-02
1.477483e-02
1.916486e-02
2.134954e-02
2.415200e-02
2.899916e-02
3.255078e-02
3.805055e-02
4.897695e-02
5.286954e-02
5.652741e-02
6.563937e-02
7.168425e-02
7.518797e-02
8.455131e-02
9.407189e-02
9.391192e-02
9.375194e-02
9.866001e-02
1.020916e-01
1.143246e-01
1.187969e-01
1.210241e-01
1.217260e-01
1.223153e-01
1.316048e-01
1.370673e-01
1.405186e-01
1.360872e-01
1.457750e-01
1.548327e-01
1.484768e-01
1.579535e-01
1.639898e-01
1.642142e-01
1.726525e-01
1.792572e-01
1.709603e-01
1.694947e-01
1.797780e-01
1.870570e-01
1.871894e-01
1.781018e-01
1.820337e-01
1.853666e-01
1.933621e-01
1.947031e-01
1.926233e-01
1.859947e-01
1.897190e-01
1.987523e-01
1.971505e-01
1.970524e-01
1.968236e-01
1.903658e-01
1.971102e-01
2.009871e-01
2.020396e-01
2.018767e-01
1.968628e-01
1.973446e-01
1.990780e-01
2.033048e-01
2.029608e-01
2.010289e-01
2.010510e-01
2.033425e-01
2.044225e-01
2.050588e-01
2.051108e-01
2.038264e-01
2.030073e-01
2.029807e-01
2.029777e-01
2.045293e-01
2.056522e-01
2.055666e-01
2.044358e-01
2.051430e-01
2.063467e-01
2.064438e-01
2.063324e-01
2.062189e-01
2.051166e-01
2.058614e-01
2.065902e-01
2.068902e-01
2.068610e-01
2.072350e-01
2.075163e-01
2.078092e-01
2.080492e-01
2.081189e-01
2.091424e-01
2.112804e-01
2.116965e-01
2.116948e-01
2.117355e-01
