0.000000e+00
-1.771087e-25
2.730415e-07
4.415243e-07
8.346736e-07
1.866474e-06
3.069541e-06
5.457629e-06
1.179185e-05
2.131590e-05
2.999818e-05
5.442699e-05
1.115217e-04
1.714815e-04
2.456689e-04
3.780620e-04
6.247879e-04
8.557776e-04
1.142778e-03
1.453377e-03
2.323936e-03
2.844395e-03
3.558307e-03
4.999746e-03
6.154478e-03
8.234330e-03
1.297333e-02
1.499820e-02
1.689317e-02
2.214311e-02
2.594653e-02
2.846190e-02
3.512635e-02
4.247161e-02
4.247795e-02
4.248428e-02
4.668692e-02
4.950733e-02
6.103223e-02
6.548404e-02
6.768930e-02
6.840338e-02
6.915935e-02
7.887483e-02
8.493314e-02
8.886262e-02
8.421667e-02
9.529589e-02
1.062543e-01
9.882275e-02
1.103706e-01
1.181132e-01
1.187371e-01
1.300742e-01
1.391701e-01
1.280288e-01
1.260816e-01
1.402217e-01
1.507256e-01
1.510625e-01
1.382171e-01
1.437619e-01
1.485382e-01
1.605093e-01
1.627138e-01
1.596768e-01
1.498869e-01
1.554530e-01
1.693147e-01
1.669728e-01
1.668197e-01
1.664625e-01
1.567245e-01
1.669336e-01
1.731014e-01
1.749030e-01
1.747049e-01
1.669323e-01
1.676936e-01
1.703627e-01
1.773104e-01
1.767985e-01
1.737509e-01
1.737001e-01
1.774160e-01
1.793003e-01
1.803443e-01
1.804715e-01
1.784421e-01
1.771853e-01
1.771151e-01
1.771073e-01
1.796749e-01
1.816527e-01
1.815031e-01
1.797689e-01
1.809219e-01
1.830353e-01
1.832062e-01
1.830210e-01
1.829178e-01
1.811896e-01
1.823926e-01
1.835815e-01
1.841354e-01
1.840877e-01
1.847640e-01
1.851245e-01
1.856561e-01
1.860331e-01
1.861353e-01
1.878651e-01
1.914760e-01
1.929907e-01
1.929959e-01
1.936549e-01
