0.000000e+00
6.263934e-83
3.953746e-77
-6.649850e-75
-6.338975e-71
2.359055e-65
1.667574e-59
4.370170e-54
2.505717e-48
3.171138e-42
-1.476715e-36
5.084455e-31
-2.653602e-25
1.991490e-07
3.930773e-07
9.383193e-07
2.535886e-06
4.641163e-06
8.189315e-06
1.304046e-05
3.352379e-05
4.952632e-05
7.792310e-05
1.520316e-04
2.304079e-04
4.076210e-04
1.013086e-03
1.339797e-03
1.704143e-03
2.910307e-03
4.005501e-03
4.752665e-03
7.280649e-03
1.073175e-02
1.065709e-02
1.058243e-02
1.273467e-02
1.441326e-02
2.180673e-02
2.497043e-02
2.670129e-02
2.724604e-02
2.769791e-02
3.616281e-02
4.192406e-02
4.585581e-02
4.071221e-02
5.251571e-02
6.517462e-02
5.579156e-02
6.995624e-02
8.014055e-02
8.052024e-02
9.689733e-02
1.109050e-01
9.298687e-02
9.000649e-02
1.118244e-01
1.294356e-01
1.296483e-01
1.076846e-01
1.166827e-01
1.247096e-01
1.458716e-01
1.495592e-01
1.435353e-01
1.258717e-01
1.355066e-01
1.610142e-01
1.560133e-01
1.556891e-01
1.549325e-01
1.366146e-01
1.555208e-01
1.672914e-01
1.705582e-01
1.699372e-01
1.542695e-01
1.556716e-01
1.608241e-01
1.739659e-01
1.728365e-01
1.664344e-01
1.662827e-01
1.734812e-01
1.770623e-01
1.789816e-01
1.790419e-01
1.747153e-01
1.719177e-01
1.716752e-01
1.716483e-01
1.766437e-01
1.804473e-01
1.799683e-01
1.760884e-01
1.783665e-01
1.821035e-01
1.822962e-01
1.817776e-01
1.814070e-01
1.776646e-01
1.799769e-01
1.821518e-01
1.827746e-01
1.824714e-01
1.834976e-01
1.837452e-01
1.842609e-01
1.845094e-01
1.845725e-01
1.854737e-01
1.873611e-01
1.877346e-01
1.877329e-01
1.877650e-01
