1.829970e-05
2.666417e-05
4.494215e-05
5.847640e-05
9.005816e-05
1.488272e-04
2.027174e-04
2.885451e-04
4.626856e-04
6.769651e-04
8.266852e-04
1.208123e-03
1.896745e-03
2.484525e-03
3.082912e-03
4.065304e-03
5.573251e-03
6.753539e-03
8.090518e-03
9.381473e-03
1.265910e-02
1.433358e-02
1.652286e-02
2.039745e-02
2.329950e-02
2.788755e-02
3.729095e-02
4.072216e-02
4.398116e-02
5.223322e-02
5.780591e-02
6.106191e-02
6.989737e-02
7.903375e-02
7.887530e-02
7.871686e-02
8.347666e-02
8.682539e-02
9.891064e-02
1.033652e-01
1.055962e-01
1.062987e-01
1.068846e-01
1.162846e-01
1.218577e-01
1.253910e-01
1.208340e-01
1.308016e-01
1.401949e-01
1.335699e-01
1.434395e-01
1.497641e-01
1.499932e-01
1.589135e-01
1.659311e-01
1.570905e-01
1.555303e-01
1.664621e-01
1.742600e-01
1.743933e-01
1.646451e-01
1.688409e-01
1.724082e-01
1.810216e-01
1.824637e-01
1.802025e-01
1.730508e-01
1.770543e-01
1.868187e-01
1.850669e-01
1.849586e-01
1.847060e-01
1.777105e-01
1.849985e-01
1.892065e-01
1.903485e-01
1.901652e-01
1.846933e-01
1.852128e-01
1.870925e-01
1.916834e-01
1.913068e-01
1.891870e-01
1.891989e-01
1.916889e-01
1.928690e-01
1.935533e-01
1.936032e-01
1.921956e-01
1.912922e-01
1.912539e-01
1.912497e-01
1.929399e-01
1.941667e-01
1.940632e-01
1.928207e-01
1.935878e-01
1.948856e-01
1.949864e-01
1.948565e-01
1.947307e-01
1.935218e-01
1.943277e-01
1.951064e-01
1.954082e-01
1.953648e-01
1.957562e-01
1.960258e-01
1.963168e-01
1.965467e-01
1.966133e-01
1.975773e-01
1.995933e-01
1.999886e-01
1.999869e-01
2.000234e-01
