0.000000e+00
-3.273847e-82
3.239913e-76
-1.909457e-74
-4.648110e-71
-3.052677e-65
-7.792382e-59
-1.544662e-54
3.399757e-48
-4.557023e-42
-3.984926e-36
-2.416657e-30
1.419293e-24
5.196121e-07
9.831795e-07
2.223798e-06
5.650547e-06
9.961145e-06
1.696817e-05
2.625438e-05
6.365465e-05
9.180156e-05
1.403790e-04
2.627031e-04
3.882035e-04
6.628587e-04
1.558636e-03
2.025800e-03
2.539683e-03
4.200642e-03
5.670398e-03
6.658994e-03
9.941245e-03
1.431416e-02
1.422090e-02
1.412764e-02
1.681279e-02
1.888940e-02
2.786968e-02
3.166314e-02
3.372273e-02
3.437082e-02
3.490742e-02
4.485574e-02
5.154730e-02
5.608142e-02
5.014843e-02
6.369427e-02
7.806770e-02
6.745059e-02
8.344830e-02
9.481095e-02
9.525391e-02
1.133668e-01
1.287469e-01
1.090819e-01
1.057929e-01
1.297593e-01
1.489020e-01
1.491351e-01
1.252435e-01
1.350675e-01
1.437939e-01
1.666409e-01
1.706038e-01
1.641355e-01
1.450659e-01
1.554844e-01
1.828835e-01
1.775393e-01
1.771933e-01
1.763858e-01
1.567008e-01
1.770220e-01
1.895973e-01
1.930807e-01
1.924222e-01
1.756947e-01
1.771946e-01
1.827077e-01
1.967264e-01
1.955272e-01
1.887122e-01
1.885527e-01
1.962214e-01
2.000302e-01
2.020711e-01
2.021376e-01
1.975450e-01
1.945722e-01
1.943165e-01
1.942880e-01
1.996010e-01
2.036447e-01
2.031392e-01
1.990217e-01
2.014439e-01
2.054155e-01
2.056209e-01
2.050730e-01
2.046825e-01
2.007127e-01
2.031714e-01
2.054867e-01
2.061601e-01
2.058426e-01
2.069452e-01
2.072142e-01
2.077747e-01
2.080492e-01
2.081189e-01
2.091424e-01
2.112804e-01
2.116965e-01
2.116948e-01
2.117355e-01
