0.000000e+00
1.663948e-82
1.057931e-76
-9.715690e-75
9.579211e-71
-6.965889e-65
-4.581695e-59
-4.878685e-54
4.255041e-48
-1.245474e-41
-2.800615e-36
1.603914e-30
-1.046093e-24
6.771697e-07
1.291479e-06
2.873599e-06
7.232359e-06
1.275616e-05
2.162141e-05
3.338880e-05
7.947769e-05
1.144672e-04
1.732314e-04
3.225039e-04
4.716401e-04
8.005417e-04
1.838379e-03
2.384885e-03
2.963092e-03
4.842130e-03
6.470894e-03
7.598855e-03
1.118009e-02
1.584819e-02
1.579657e-02
1.574495e-02
1.867172e-02
2.080911e-02
3.038511e-02
3.440279e-02
3.652364e-02
3.720134e-02
3.784698e-02
4.809557e-02
5.495712e-02
5.960946e-02
5.379502e-02
6.751952e-02
8.205189e-02
7.159275e-02
8.761519e-02
9.892876e-02
9.963049e-02
1.176274e-01
1.327626e-01
1.136581e-01
1.103766e-01
1.340416e-01
1.528456e-01
1.531996e-01
1.299155e-01
1.395561e-01
1.480809e-01
1.705338e-01
1.745783e-01
1.683906e-01
1.497477e-01
1.600128e-01
1.869090e-01
1.818543e-01
1.815102e-01
1.807074e-01
1.615260e-01
1.813805e-01
1.937534e-01
1.972698e-01
1.966849e-01
1.804686e-01
1.819419e-01
1.872910e-01
2.012040e-01
2.000648e-01
1.934748e-01
1.932654e-01
2.008167e-01
2.046561e-01
2.066855e-01
2.067926e-01
2.023439e-01
1.995191e-01
1.992373e-01
1.992061e-01
2.044753e-01
2.085232e-01
2.080307e-01
2.041174e-01
2.064680e-01
2.105056e-01
2.107392e-01
2.102070e-01
2.098788e-01
2.060426e-01
2.084624e-01
2.107750e-01
2.115657e-01
2.112870e-01
2.124256e-01
2.127555e-01
2.134262e-01
2.137850e-01
2.138758e-01
2.153407e-01
2.183955e-01
2.193857e-01
2.193875e-01
2.197388e-01
