3.168992e-04
4.185327e-04
6.125121e-04
7.334239e-04
1.015568e-03
1.460223e-03
1.827603e-03
2.362884e-03
3.337698e-03
4.383847e-03
5.106085e-03
6.695213e-03
9.266722e-03
1.125725e-02
1.322109e-02
1.609116e-02
2.020269e-02
2.326369e-02
2.651519e-02
2.954345e-02
3.657489e-02
4.006234e-02
4.431926e-02
5.166715e-02
5.678961e-02
6.472279e-02
7.962181e-02
8.497304e-02
8.970029e-02
1.015174e-01
1.091185e-01
1.137117e-01
1.251781e-01
1.365309e-01
1.364838e-01
1.364366e-01
1.424145e-01
1.463379e-01
1.608314e-01
1.660953e-01
1.686388e-01
1.694571e-01
1.702812e-01
1.808254e-01
1.869757e-01
1.908961e-01
1.862413e-01
1.969862e-01
2.070513e-01
2.003073e-01
2.106789e-01
2.172992e-01
2.177717e-01
2.269482e-01
2.340660e-01
2.253914e-01
2.238514e-01
2.349038e-01
2.427038e-01
2.429511e-01
2.334212e-01
2.376433e-01
2.412117e-01
2.497626e-01
2.512952e-01
2.492034e-01
2.422550e-01
2.462741e-01
2.559219e-01
2.543564e-01
2.542650e-01
2.540517e-01
2.473199e-01
2.544675e-01
2.586224e-01
2.598178e-01
2.597061e-01
2.545693e-01
2.551052e-01
2.569360e-01
2.615694e-01
2.612357e-01
2.592844e-01
2.593340e-01
2.618048e-01
2.630169e-01
2.637392e-01
2.638502e-01
2.625610e-01
2.617717e-01
2.617730e-01
2.617731e-01
2.634605e-01
2.647367e-01
2.646979e-01
2.635936e-01
2.643684e-01
2.658025e-01
2.659443e-01
2.658694e-01
2.657994e-01
2.646964e-01
2.655245e-01
2.663752e-01
2.668486e-01
2.668698e-01
2.674009e-01
2.678014e-01
2.682756e-01
2.686703e-01
2.687814e-01
2.706338e-01
2.744855e-01
2.757121e-01
2.757148e-01
2.761617e-01
