6.810189e-07
1.145167e-06
2.302076e-06
3.366731e-06
5.851070e-06
1.145678e-05
1.736062e-05
2.802830e-05
5.329834e-05
8.761935e-05
1.165956e-04
1.917780e-04
3.491677e-04
5.002609e-04
6.756047e-04
9.686319e-04
1.473884e-03
1.917249e-03
2.441771e-03
2.985553e-03
4.419852e-03
5.233936e-03
6.310082e-03
8.383811e-03
9.976392e-03
1.272453e-02
1.861831e-02
2.102109e-02
2.322445e-02
2.913743e-02
3.327473e-02
3.596120e-02
4.289022e-02
5.028684e-02
5.029432e-02
5.030180e-02
5.443987e-02
5.719139e-02
6.814195e-02
7.230174e-02
7.434356e-02
7.500480e-02
7.570549e-02
8.452510e-02
8.993760e-02
9.342334e-02
8.932417e-02
9.906346e-02
1.085521e-01
1.021720e-01
1.120912e-01
1.186676e-01
1.191987e-01
1.286587e-01
1.361782e-01
1.270134e-01
1.254108e-01
1.370820e-01
1.456290e-01
1.459164e-01
1.354905e-01
1.400332e-01
1.439293e-01
1.535630e-01
1.553345e-01
1.529303e-01
1.450804e-01
1.495770e-01
1.606523e-01
1.588173e-01
1.587015e-01
1.584313e-01
1.506837e-01
1.588445e-01
1.637291e-01
1.651606e-01
1.650181e-01
1.589212e-01
1.595334e-01
1.616545e-01
1.671524e-01
1.667548e-01
1.643884e-01
1.643770e-01
1.673135e-01
1.687927e-01
1.696312e-01
1.697475e-01
1.681743e-01
1.672069e-01
1.671727e-01
1.671688e-01
1.691925e-01
1.707488e-01
1.706579e-01
1.693173e-01
1.702342e-01
1.719325e-01
1.720831e-01
1.719577e-01
1.718838e-01
1.705457e-01
1.715040e-01
1.724622e-01
1.729370e-01
1.729202e-01
1.734806e-01
1.738262e-01
1.742911e-01
1.746413e-01
1.747378e-01
1.763572e-01
1.797401e-01
1.811633e-01
1.811681e-01
1.817841e-01
