1.422864e-03
1.761567e-03
2.356116e-03
2.687097e-03
3.459430e-03
4.562882e-03
5.420749e-03
6.594954e-03
8.599754e-03
1.058981e-02
1.195475e-02
1.466864e-02
1.880629e-02
2.180577e-02
2.474427e-02
2.870622e-02
3.416248e-02
3.815121e-02
4.220735e-02
4.592932e-02
5.402255e-02
5.801558e-02
6.268672e-02
7.058922e-02
7.589108e-02
8.405942e-02
9.854744e-02
1.037910e-01
1.082010e-01
1.190225e-01
1.258386e-01
1.301897e-01
1.401344e-01
1.497557e-01
1.498517e-01
1.499477e-01
1.550661e-01
1.583108e-01
1.704572e-01
1.748939e-01
1.769992e-01
1.776901e-01
1.784950e-01
1.869213e-01
1.918946e-01
1.950584e-01
1.916495e-01
2.000867e-01
2.080091e-01
2.030519e-01
2.110464e-01
2.162763e-01
2.168604e-01
2.238622e-01
2.293122e-01
2.230094e-01
2.219480e-01
2.302786e-01
2.361507e-01
2.364685e-01
2.295506e-01
2.327555e-01
2.354743e-01
2.418706e-01
2.431253e-01
2.417131e-01
2.366980e-01
2.397524e-01
2.469959e-01
2.459850e-01
2.459417e-01
2.458407e-01
2.410082e-01
2.463113e-01
2.494380e-01
2.504203e-01
2.504186e-01
2.468520e-01
2.472892e-01
2.486545e-01
2.522660e-01
2.520545e-01
2.507432e-01
2.508484e-01
2.527413e-01
2.536993e-01
2.543169e-01
2.544828e-01
2.536165e-01
2.531313e-01
2.532029e-01
2.532108e-01
2.545127e-01
2.555498e-01
2.556119e-01
2.549036e-01
2.555313e-01
2.568177e-01
2.569823e-01
2.569984e-01
2.570072e-01
2.562778e-01
2.569538e-01
2.576913e-01
2.582360e-01
2.583287e-01
2.588906e-01
2.593677e-01
2.599380e-01
2.604320e-01
2.605710e-01
2.630153e-01
2.680988e-01
2.701988e-01
2.702068e-01
2.711412e-01
