2.037858e-04
2.709202e-04
4.004036e-04
4.820274e-04
6.724941e-04
9.761625e-04
1.228709e-03
1.598658e-03
2.276442e-03
3.014027e-03
3.518085e-03
4.646211e-03
6.482634e-03
7.913279e-03
9.323237e-03
1.140637e-02
1.439876e-02
1.662979e-02
1.901228e-02
2.123346e-02
2.642815e-02
2.901918e-02
3.217084e-02
3.762791e-02
4.145648e-02
4.738193e-02
5.858773e-02
6.260637e-02
6.618761e-02
7.511958e-02
8.088087e-02
8.436343e-02
9.309220e-02
1.017634e-01
1.017142e-01
1.016650e-01
1.062154e-01
1.092328e-01
1.203027e-01
1.243320e-01
1.262864e-01
1.269137e-01
1.275331e-01
1.356147e-01
1.403588e-01
1.433726e-01
1.397631e-01
1.480433e-01
1.557897e-01
1.505756e-01
1.585727e-01
1.636822e-01
1.640254e-01
1.711075e-01
1.766136e-01
1.698892e-01
1.686998e-01
1.772406e-01
1.832701e-01
1.834551e-01
1.760737e-01
1.793383e-01
1.821005e-01
1.887074e-01
1.898840e-01
1.882601e-01
1.828810e-01
1.859841e-01
1.934416e-01
1.922235e-01
1.921525e-01
1.919869e-01
1.867750e-01
1.923064e-01
1.955152e-01
1.964313e-01
1.963407e-01
1.923645e-01
1.927781e-01
1.941959e-01
1.977594e-01
1.974975e-01
1.959899e-01
1.960362e-01
1.979454e-01
1.988694e-01
1.994323e-01
1.995159e-01
1.985143e-01
1.979004e-01
1.979060e-01
1.979066e-01
1.992095e-01
2.001781e-01
2.001515e-01
1.992935e-01
1.998918e-01
2.009957e-01
2.011093e-01
2.010526e-01
2.009941e-01
2.001343e-01
2.007740e-01
2.014262e-01
2.017777e-01
2.017935e-01
2.021819e-01
2.025090e-01
2.028641e-01
2.031680e-01
2.032549e-01
2.046441e-01
2.075436e-01
2.084868e-01
2.084884e-01
2.088204e-01
