0.000000e+00
3.026805e-43
2.261651e-35
2.455561e-33
5.780871e-30
2.817584e-24
5.400080e-06
9.522810e-06
2.029495e-05
3.648451e-05
5.068843e-05
9.163415e-05
1.863780e-04
2.848216e-04
4.038909e-04
6.201252e-04
1.018686e-03
1.384051e-03
1.839379e-03
2.326091e-03
3.706044e-03
4.514705e-03
5.631105e-03
7.866682e-03
9.660360e-03
1.283911e-02
2.012290e-02
2.315754e-02
2.604058e-02
3.402163e-02
3.978176e-02
4.343290e-02
5.349502e-02
6.456779e-02
6.448564e-02
6.440348e-02
7.064565e-02
7.489062e-02
9.188581e-02
9.838519e-02
1.016297e-01
1.026690e-01
1.036793e-01
1.180268e-01
1.268815e-01
1.326307e-01
1.255647e-01
1.418478e-01
1.578279e-01
1.467174e-01
1.636563e-01
1.748345e-01
1.755678e-01
1.920209e-01
2.051820e-01
1.887572e-01
1.858403e-01
2.064144e-01
2.216101e-01
2.219542e-01
2.031481e-01
2.111848e-01
2.180776e-01
2.353488e-01
2.384001e-01
2.338891e-01
2.196355e-01
2.276289e-01
2.475507e-01
2.440310e-01
2.437969e-01
2.432508e-01
2.290870e-01
2.438452e-01
2.526549e-01
2.551459e-01
2.547861e-01
2.434397e-01
2.445130e-01
2.483599e-01
2.581700e-01
2.574064e-01
2.529301e-01
2.528438e-01
2.581156e-01
2.607560e-01
2.621863e-01
2.623097e-01
2.593416e-01
2.574638e-01
2.573162e-01
2.572998e-01
2.609348e-01
2.637018e-01
2.634350e-01
2.608476e-01
2.624696e-01
2.653172e-01
2.655163e-01
2.652075e-01
2.650121e-01
2.624649e-01
2.641522e-01
2.657984e-01
2.664795e-01
2.663590e-01
2.672407e-01
2.676370e-01
2.682564e-01
2.686703e-01
2.687814e-01
2.706338e-01
2.744855e-01
2.757121e-01
2.757148e-01
2.761617e-01
