6.178345e-07
1.033625e-06
2.095715e-06
3.085041e-06
5.393604e-06
1.067688e-05
1.624704e-05
2.631993e-05
5.007490e-05
8.366635e-05
1.097617e-04
1.838034e-04
3.393477e-04
4.896680e-04
6.565389e-04
9.559793e-04
1.467831e-03
1.905419e-03
2.435100e-03
2.977209e-03
4.473749e-03
5.295484e-03
6.426141e-03
8.558477e-03
1.025247e-02
1.309139e-02
1.942118e-02
2.188766e-02
2.429850e-02
3.067839e-02
3.520639e-02
3.791520e-02
4.555847e-02
5.383519e-02
5.368278e-02
5.353036e-02
5.797239e-02
6.114950e-02
7.300662e-02
7.748123e-02
7.975595e-02
8.047155e-02
8.106260e-02
9.090385e-02
9.687211e-02
1.006975e-01
9.572706e-02
1.066478e-01
1.171647e-01
1.096630e-01
1.208352e-01
1.281225e-01
1.283792e-01
1.388986e-01
1.472888e-01
1.366601e-01
1.347975e-01
1.478852e-01
1.574112e-01
1.575536e-01
1.456243e-01
1.507058e-01
1.550572e-01
1.657363e-01
1.675265e-01
1.646699e-01
1.557778e-01
1.607200e-01
1.729486e-01
1.707052e-01
1.705627e-01
1.702303e-01
1.614438e-01
1.705637e-01
1.758964e-01
1.773435e-01
1.770948e-01
1.700993e-01
1.707496e-01
1.731232e-01
1.789585e-01
1.784746e-01
1.757302e-01
1.757142e-01
1.788837e-01
1.804036e-01
1.812593e-01
1.813074e-01
1.794850e-01
1.783090e-01
1.782383e-01
1.782304e-01
1.803908e-01
1.819768e-01
1.818176e-01
1.802034e-01
1.811812e-01
1.828141e-01
1.829250e-01
1.827389e-01
1.825784e-01
1.810137e-01
1.820265e-01
1.829942e-01
1.833310e-01
1.832477e-01
1.837203e-01
1.839767e-01
1.842872e-01
1.845094e-01
1.845725e-01
1.854737e-01
1.873611e-01
1.877346e-01
1.877329e-01
1.877650e-01
