0.000000e+00
-1.058437e-78
5.553678e-72
1.247986e-70
1.414135e-66
7.462757e-61
-2.357776e-54
-3.006860e-50
1.333861e-43
2.167318e-37
-6.249643e-32
3.377587e-26
3.869210e-08
9.359491e-08
1.900258e-07
4.706257e-07
1.328092e-06
2.496302e-06
4.517239e-06
7.344232e-06
1.970287e-05
2.962591e-05
4.760049e-05
9.577722e-05
1.478803e-04
2.685869e-04
6.955357e-04
9.317975e-04
1.197961e-03
2.094934e-03
2.925077e-03
3.497337e-03
5.460979e-03
8.190294e-03
8.130614e-03
8.070933e-03
9.792328e-03
1.114455e-02
1.717552e-02
1.978127e-02
2.121469e-02
2.166587e-02
2.204051e-02
2.911495e-02
3.397195e-02
3.730263e-02
3.294592e-02
4.298281e-02
5.383224e-02
4.577028e-02
5.795757e-02
6.678514e-02
6.711534e-02
8.142173e-02
9.372294e-02
7.798322e-02
7.537566e-02
9.452896e-02
1.101094e-01
1.102969e-01
9.087438e-02
9.880891e-02
1.059096e-01
1.247149e-01
1.280071e-01
1.226549e-01
1.069314e-01
1.154817e-01
1.382404e-01
1.337656e-01
1.334742e-01
1.327942e-01
1.164587e-01
1.333154e-01
1.438596e-01
1.467786e-01
1.462317e-01
1.321941e-01
1.334476e-01
1.380552e-01
1.498320e-01
1.488155e-01
1.430596e-01
1.429533e-01
1.494499e-01
1.526110e-01
1.543304e-01
1.543867e-01
1.504935e-01
1.479821e-01
1.477564e-01
1.477313e-01
1.522155e-01
1.556274e-01
1.552060e-01
1.517076e-01
1.537578e-01
1.571128e-01
1.572867e-01
1.568256e-01
1.564675e-01
1.531498e-01
1.552393e-01
1.571375e-01
1.577091e-01
1.574254e-01
1.583655e-01
1.585613e-01
1.590064e-01
1.592340e-01
1.592894e-01
1.600678e-01
1.616758e-01
1.619782e-01
1.619734e-01
1.619979e-01
