0.000000e+00
-1.052656e-26
4.381188e-08
7.631803e-08
1.521701e-07
3.737739e-07
6.515587e-07
1.242024e-06
2.942588e-06
5.706417e-06
8.349642e-06
1.631221e-05
3.651846e-05
5.920523e-05
8.850486e-05
1.438043e-04
2.529109e-04
3.597825e-04
4.978124e-04
6.518112e-04
1.105646e-03
1.386676e-03
1.784569e-03
2.614411e-03
3.302823e-03
4.579100e-03
7.634195e-03
8.980612e-03
1.026713e-02
1.391170e-02
1.662645e-02
1.843240e-02
2.335642e-02
2.892437e-02
2.891629e-02
2.890820e-02
3.213404e-02
3.433440e-02
4.342326e-02
4.697980e-02
4.876143e-02
4.933664e-02
4.993211e-02
5.789138e-02
6.290492e-02
6.617890e-02
6.225729e-02
7.156255e-02
8.085055e-02
7.448503e-02
8.435358e-02
9.103048e-02
9.153413e-02
1.014279e-01
1.094282e-01
9.956905e-02
9.785824e-02
1.102671e-01
1.196374e-01
1.199084e-01
1.084565e-01
1.133750e-01
1.176197e-01
1.283529e-01
1.302939e-01
1.275340e-01
1.187464e-01
1.237104e-01
1.361821e-01
1.340448e-01
1.339029e-01
1.335720e-01
1.247778e-01
1.339725e-01
1.395461e-01
1.409768e-01
1.409413e-01
1.338855e-01
1.345697e-01
1.369934e-01
1.432544e-01
1.427792e-01
1.399891e-01
1.399494e-01
1.433138e-01
1.450119e-01
1.459769e-01
1.460191e-01
1.441884e-01
1.430303e-01
1.429606e-01
1.429529e-01
1.452830e-01
1.470679e-01
1.469150e-01
1.453326e-01
1.463688e-01
1.482526e-01
1.484151e-01
1.482297e-01
1.481393e-01
1.465393e-01
1.476320e-01
1.486959e-01
1.491383e-01
1.490837e-01
1.497004e-01
1.499534e-01
1.504255e-01
1.507359e-01
1.508208e-01
1.522163e-01
1.551156e-01
1.563355e-01
1.563385e-01
1.569584e-01
