0.000000e+00
-3.442429e-84
-2.914707e-77
3.352992e-75
1.273455e-72
-1.189728e-65
-9.008787e-60
1.105606e-54
-5.646215e-49
-1.022948e-42
-4.801160e-37
-1.717930e-31
1.151106e-26
7.670788e-08
1.619652e-07
4.012861e-07
1.152045e-06
2.221187e-06
4.069957e-06
6.724162e-06
1.806846e-05
2.754416e-05
4.431633e-05
9.068099e-05
1.399350e-04
2.582061e-04
6.678035e-04
9.046528e-04
1.159440e-03
2.032046e-03
2.831998e-03
3.426051e-03
5.323834e-03
7.926517e-03
7.917953e-03
7.909388e-03
9.625721e-03
1.088318e-02
1.686100e-02
1.946574e-02
2.085011e-02
2.129718e-02
2.176099e-02
2.863233e-02
3.339341e-02
3.666288e-02
3.270097e-02
4.243686e-02
5.305775e-02
4.550511e-02
5.730633e-02
6.591696e-02
6.658715e-02
8.060165e-02
9.259450e-02
7.763598e-02
7.511429e-02
9.380767e-02
1.090777e-01
1.094783e-01
9.073538e-02
9.847500e-02
1.053937e-01
1.239847e-01
1.274853e-01
1.223998e-01
1.070316e-01
1.155324e-01
1.381328e-01
1.339744e-01
1.336850e-01
1.330096e-01
1.169984e-01
1.335930e-01
1.441870e-01
1.472971e-01
1.468461e-01
1.331040e-01
1.343618e-01
1.388855e-01
1.509546e-01
1.499915e-01
1.443747e-01
1.441510e-01
1.506981e-01
1.540887e-01
1.558783e-01
1.560041e-01
1.521751e-01
1.497748e-01
1.495366e-01
1.495101e-01
1.541073e-01
1.576762e-01
1.572512e-01
1.539263e-01
1.559685e-01
1.595877e-01
1.598112e-01
1.593525e-01
1.591015e-01
1.558098e-01
1.579246e-01
1.599550e-01
1.606991e-01
1.604806e-01
1.615086e-01
1.618254e-01
1.624849e-01
1.628429e-01
1.629334e-01
1.644384e-01
1.675841e-01
1.689114e-01
1.689157e-01
1.694862e-01
