0.000000e+00
4.217957e-50
3.561050e-43
-1.088529e-41
8.476416e-38
8.871315e-32
-5.433674e-26
1.262426e-08
4.143133e-08
1.018221e-07
1.659111e-07
4.204929e-07
1.280397e-06
2.497698e-06
4.265568e-06
8.476493e-06
1.860384e-05
3.002084e-05
4.708127e-05
6.808364e-05
1.439820e-04
1.962578e-04
2.808562e-04
4.768217e-04
6.640008e-04
1.043151e-03
2.151518e-03
2.683655e-03
3.250222e-03
4.977826e-03
6.413121e-03
7.345258e-03
1.030010e-02
1.400648e-02
1.393004e-02
1.385360e-02
1.604120e-02
1.769301e-02
2.454166e-02
2.733805e-02
2.882792e-02
2.929649e-02
2.968247e-02
3.665252e-02
4.119714e-02
4.422656e-02
4.026422e-02
4.919435e-02
5.840306e-02
5.166262e-02
6.177497e-02
6.877720e-02
6.903135e-02
7.986782e-02
8.889917e-02
7.737122e-02
7.541119e-02
8.949238e-02
1.004335e-01
1.005718e-01
8.689239e-02
9.256881e-02
9.755648e-02
1.103716e-01
1.125678e-01
1.089938e-01
9.829329e-02
1.041591e-01
1.193099e-01
1.164020e-01
1.162131e-01
1.157722e-01
1.048725e-01
1.161324e-01
1.229778e-01
1.248554e-01
1.245042e-01
1.154215e-01
1.162408e-01
1.192560e-01
1.268281e-01
1.261809e-01
1.225254e-01
1.224572e-01
1.265956e-01
1.286224e-01
1.297263e-01
1.297654e-01
1.273096e-01
1.257198e-01
1.255928e-01
1.255787e-01
1.284317e-01
1.305658e-01
1.303081e-01
1.281180e-01
1.294126e-01
1.315408e-01
1.316626e-01
1.313809e-01
1.311634e-01
1.290463e-01
1.303658e-01
1.316056e-01
1.319679e-01
1.318103e-01
1.323793e-01
1.325831e-01
1.328931e-01
1.330693e-01
1.331173e-01
1.337461e-01
1.350736e-01
1.353444e-01
1.353426e-01
1.353508e-01
