1.490431e-08
2.815077e-08
6.732648e-08
1.129646e-07
2.194597e-07
5.179880e-07
8.797230e-07
1.625409e-06
3.685151e-06
7.048322e-06
9.962419e-06
1.923288e-05
4.211504e-05
6.731225e-05
9.797313e-05
1.584828e-04
2.744285e-04
3.834766e-04
5.250389e-04
6.791948e-04
1.144763e-03
1.420764e-03
1.821703e-03
2.631141e-03
3.315461e-03
4.536254e-03
7.514922e-03
8.759452e-03
1.001218e-02
1.348601e-02
1.608036e-02
1.768127e-02
2.236685e-02
2.769501e-02
2.759238e-02
2.748974e-02
3.044072e-02
3.258721e-02
4.089164e-02
4.410753e-02
4.576712e-02
4.628898e-02
4.671814e-02
5.409674e-02
5.867505e-02
6.164835e-02
5.776935e-02
6.635299e-02
7.480656e-02
6.871858e-02
7.780103e-02
8.384136e-02
8.405014e-02
9.297587e-02
1.001991e-01
9.101624e-02
8.942039e-02
1.006875e-01
1.090691e-01
1.091857e-01
9.868678e-02
1.031146e-01
1.069378e-01
1.164708e-01
1.180785e-01
1.154884e-01
1.075352e-01
1.119278e-01
1.229549e-01
1.208978e-01
1.207651e-01
1.204555e-01
1.125191e-01
1.207365e-01
1.256009e-01
1.269209e-01
1.266831e-01
1.202690e-01
1.208565e-01
1.230136e-01
1.283454e-01
1.278952e-01
1.253593e-01
1.253323e-01
1.282399e-01
1.296371e-01
1.304162e-01
1.304525e-01
1.287588e-01
1.276637e-01
1.275914e-01
1.275834e-01
1.295698e-01
1.310298e-01
1.308702e-01
1.293683e-01
1.302669e-01
1.317563e-01
1.318529e-01
1.316718e-01
1.315180e-01
1.300631e-01
1.309873e-01
1.318606e-01
1.321364e-01
1.320451e-01
1.324466e-01
1.326527e-01
1.329012e-01
1.330693e-01
1.331173e-01
1.337461e-01
1.350736e-01
1.353444e-01
1.353426e-01
1.353508e-01
