0.000000e+00
1.114576e-08
2.920345e-08
5.078158e-08
1.011335e-07
2.493692e-07
4.360037e-07
8.371231e-07
2.000301e-06
3.945576e-06
5.750624e-06
1.147714e-05
2.628248e-05
4.313051e-05
6.463396e-05
1.069644e-04
1.912054e-04
2.731522e-04
3.810520e-04
5.010728e-04
8.663064e-04
1.090369e-03
1.414565e-03
2.090183e-03
2.661107e-03
3.710520e-03
6.288884e-03
7.405889e-03
8.505188e-03
1.162602e-02
1.397266e-02
1.546776e-02
1.975980e-02
2.466331e-02
2.460610e-02
2.454889e-02
2.734396e-02
2.931064e-02
3.722775e-02
4.031662e-02
4.188836e-02
4.238864e-02
4.284945e-02
4.991022e-02
5.433360e-02
5.722566e-02
5.360984e-02
6.189257e-02
7.014471e-02
6.429069e-02
7.315452e-02
7.907656e-02
7.939845e-02
8.822636e-02
9.537626e-02
8.639372e-02
8.482128e-02
9.598202e-02
1.043461e-01
1.045117e-01
9.412714e-02
9.852714e-02
1.023324e-01
1.119111e-01
1.135872e-01
1.110348e-01
1.030964e-01
1.075177e-01
1.186444e-01
1.166317e-01
1.164993e-01
1.161902e-01
1.082490e-01
1.165074e-01
1.214531e-01
1.228327e-01
1.226166e-01
1.161936e-01
1.167942e-01
1.189635e-01
1.244457e-01
1.240025e-01
1.214640e-01
1.214290e-01
1.243996e-01
1.258592e-01
1.266700e-01
1.267270e-01
1.250293e-01
1.239514e-01
1.238759e-01
1.238675e-01
1.259119e-01
1.274415e-01
1.272914e-01
1.258053e-01
1.267220e-01
1.283085e-01
1.284213e-01
1.282478e-01
1.281161e-01
1.266600e-01
1.276081e-01
1.285208e-01
1.288558e-01
1.287779e-01
1.292243e-01
1.294598e-01
1.297648e-01
1.299765e-01
1.300353e-01
1.308954e-01
1.327040e-01
1.333074e-01
1.333077e-01
1.334998e-01
