3.559389e-09
6.509792e-09
1.510469e-08
2.523447e-08
4.887200e-08
1.171765e-07
2.026592e-07
3.863634e-07
9.238788e-07
1.850625e-06
2.693962e-06
5.514239e-06
1.304143e-05
2.187931e-05
3.316181e-05
5.653961e-05
1.042269e-04
1.513207e-04
2.148977e-04
2.865302e-04
5.139348e-04
6.545550e-04
8.651033e-04
1.306991e-03
1.693658e-03
2.408568e-03
4.243936e-03
5.041615e-03
5.857669e-03
8.182478e-03
9.974256e-03
1.109169e-02
1.444573e-02
1.836721e-02
1.829005e-02
1.821288e-02
2.042398e-02
2.204932e-02
2.846203e-02
3.098238e-02
3.229453e-02
3.270707e-02
3.304572e-02
3.896588e-02
4.269278e-02
4.512995e-02
4.194627e-02
4.902474e-02
5.608534e-02
5.097303e-02
5.860920e-02
6.374330e-02
6.391999e-02
7.160746e-02
7.788042e-02
6.989314e-02
6.851059e-02
7.829472e-02
8.566286e-02
8.576142e-02
7.653379e-02
8.040439e-02
8.376265e-02
9.221025e-02
9.364063e-02
9.132686e-02
8.427306e-02
8.815639e-02
9.798355e-02
9.613553e-02
9.601524e-02
9.573455e-02
8.865747e-02
9.597741e-02
1.003398e-01
1.015237e-01
1.013062e-01
9.554064e-02
9.606519e-02
9.799591e-02
1.027810e-01
1.023729e-01
1.000853e-01
1.000573e-01
1.026728e-01
1.039303e-01
1.046311e-01
1.046600e-01
1.031258e-01
1.021345e-01
1.020661e-01
1.020585e-01
1.038487e-01
1.051615e-01
1.050134e-01
1.036534e-01
1.044616e-01
1.057999e-01
1.058858e-01
1.057191e-01
1.055769e-01
1.042580e-01
1.050884e-01
1.058692e-01
1.061032e-01
1.060155e-01
1.063611e-01
1.065403e-01
1.067488e-01
1.068876e-01
1.069276e-01
1.074145e-01
1.084498e-01
1.086618e-01
1.086600e-01
1.086537e-01
