1.934326e-05
2.777708e-05
4.561763e-05
5.844436e-05
8.837515e-05
1.422720e-04
1.908452e-04
2.673099e-04
4.199572e-04
6.009011e-04
7.308644e-04
1.044647e-03
1.600506e-03
2.066165e-03
2.545306e-03
3.297915e-03
4.444744e-03
5.341403e-03
6.338891e-03
7.298998e-03
9.666559e-03
1.088351e-02
1.243262e-02
1.518838e-02
1.719998e-02
2.040043e-02
2.677903e-02
2.913910e-02
3.130424e-02
3.680175e-02
4.045459e-02
4.266058e-02
4.839984e-02
5.426418e-02
5.421077e-02
5.415737e-02
5.726671e-02
5.936793e-02
6.715995e-02
7.002950e-02
7.144001e-02
7.189011e-02
7.231391e-02
7.824314e-02
8.175968e-02
8.400185e-02
8.124969e-02
8.748610e-02
9.337617e-02
8.933774e-02
9.547859e-02
9.942535e-02
9.965264e-02
1.052040e-01
1.095560e-01
1.041781e-01
1.032249e-01
1.099878e-01
1.148132e-01
1.149381e-01
1.089873e-01
1.115835e-01
1.137887e-01
1.191149e-01
1.200481e-01
1.187019e-01
1.143290e-01
1.168167e-01
1.228545e-01
1.218321e-01
1.217695e-01
1.216235e-01
1.173614e-01
1.218505e-01
1.244592e-01
1.251889e-01
1.250991e-01
1.218059e-01
1.221352e-01
1.232899e-01
1.261644e-01
1.259411e-01
1.246828e-01
1.247100e-01
1.262628e-01
1.270043e-01
1.274530e-01
1.275062e-01
1.266633e-01
1.261403e-01
1.261352e-01
1.261346e-01
1.271937e-01
1.279645e-01
1.279282e-01
1.272032e-01
1.276849e-01
1.285527e-01
1.286375e-01
1.285792e-01
1.285166e-01
1.277940e-01
1.283043e-01
1.288103e-01
1.290442e-01
1.290387e-01
1.293027e-01
1.295410e-01
1.297747e-01
1.299765e-01
1.300353e-01
1.308954e-01
1.327040e-01
1.333074e-01
1.333077e-01
1.334998e-01
