0.000000e+00
4.570323e-51
-1.278685e-44
3.356110e-43
-6.531800e-39
-6.680569e-34
1.455448e-27
5.658322e-10
1.594791e-09
3.441330e-09
5.298181e-09
1.186180e-08
3.203250e-08
5.891536e-08
9.815286e-08
1.896477e-07
4.216063e-07
7.028458e-07
1.153198e-06
1.755567e-06
4.283141e-06
6.295790e-06
9.939626e-06
2.000394e-05
3.112808e-05
5.801405e-05
1.601367e-04
2.200805e-04
2.892487e-04
5.345434e-04
7.736576e-04
9.431029e-04
1.550940e-03
2.442843e-03
2.422769e-03
2.402694e-03
2.985988e-03
3.451905e-03
5.625137e-03
6.592183e-03
7.132845e-03
7.303049e-03
7.444592e-03
1.020002e-02
1.214237e-02
1.349652e-02
1.172496e-02
1.585746e-02
2.044205e-02
1.700463e-02
2.221547e-02
2.608795e-02
2.623350e-02
3.267305e-02
3.830433e-02
3.108799e-02
2.990231e-02
3.866114e-02
4.596560e-02
4.605142e-02
3.695877e-02
4.063489e-02
4.395854e-02
5.291932e-02
5.450191e-02
5.191074e-02
4.442174e-02
4.847872e-02
5.943685e-02
5.725735e-02
5.711428e-02
5.678042e-02
4.890994e-02
5.702279e-02
6.215830e-02
6.358393e-02
6.330550e-02
5.645540e-02
5.706317e-02
5.930116e-02
6.503884e-02
6.453310e-02
6.171849e-02
6.160606e-02
6.482212e-02
6.638855e-02
6.724133e-02
6.726184e-02
6.533580e-02
6.409751e-02
6.398997e-02
6.397802e-02
6.618446e-02
6.783912e-02
6.762630e-02
6.590613e-02
6.690697e-02
6.855533e-02
6.864634e-02
6.841530e-02
6.823675e-02
6.656773e-02
6.758863e-02
6.854001e-02
6.878689e-02
6.864836e-02
6.905553e-02
6.919074e-02
6.939346e-02
6.949601e-02
6.952401e-02
6.980501e-02
7.041324e-02
7.053186e-02
7.053002e-02
7.049876e-02
