0.000000e+00
3.516648e-73
-4.056944e-69
4.234059e-65
2.538735e-61
-4.142039e-57
-6.034602e-50
-1.972765e-44
-8.644016e-39
4.387509e-33
-4.152564e-27
3.200593e-09
1.048582e-08
2.195193e-08
4.160956e-08
9.204895e-08
2.428259e-07
4.538453e-07
8.195623e-07
1.350525e-06
3.720875e-06
5.771602e-06
9.550584e-06
2.057381e-05
3.291648e-05
6.418593e-05
1.835595e-04
2.567888e-04
3.387707e-04
6.339822e-04
9.210157e-04
1.136896e-03
1.871171e-03
2.939623e-03
2.930424e-03
2.921225e-03
3.644412e-03
4.195132e-03
6.880640e-03
8.086002e-03
8.743904e-03
8.955020e-03
9.163306e-03
1.252560e-02
1.491620e-02
1.658523e-02
1.452019e-02
1.957132e-02
2.521466e-02
2.111793e-02
2.749337e-02
3.225172e-02
3.257437e-02
4.052365e-02
4.745722e-02
3.874052e-02
3.729676e-02
4.809164e-02
5.713041e-02
5.733316e-02
4.621231e-02
5.075258e-02
5.485544e-02
6.601943e-02
6.810723e-02
6.497790e-02
5.572072e-02
6.080250e-02
7.453211e-02
7.193354e-02
7.175592e-02
7.134148e-02
6.158919e-02
7.168916e-02
7.818691e-02
8.007425e-02
7.977664e-02
7.128255e-02
7.205430e-02
7.484056e-02
8.223180e-02
8.162192e-02
7.813168e-02
7.801523e-02
8.205547e-02
8.412290e-02
8.523327e-02
8.529919e-02
8.290268e-02
8.139502e-02
8.125592e-02
8.124047e-02
8.407979e-02
8.626347e-02
8.600368e-02
8.390653e-02
8.517876e-02
8.739886e-02
8.753727e-02
8.725358e-02
8.707649e-02
8.500698e-02
8.632031e-02
8.757049e-02
8.799027e-02
8.784471e-02
8.844401e-02
8.864798e-02
8.901638e-02
8.921878e-02
8.927152e-02
9.004965e-02
9.168623e-02
9.238747e-02
9.238888e-02
9.266184e-02
