0.000000e+00
4.498126e-70
-1.934722e-64
-6.456986e-64
3.425770e-58
-7.406221e-53
-8.980489e-49
-9.741827e-42
-6.435832e-37
6.039716e-31
5.525308e-24
3.289825e-06
8.943702e-06
1.626063e-05
2.625179e-05
4.844015e-05
9.757777e-05
1.494277e-04
2.230355e-04
3.097126e-04
6.028804e-04
7.943075e-04
1.092031e-03
1.748773e-03
2.349158e-03
3.512503e-03
6.702026e-03
8.163673e-03
9.691318e-03
1.418899e-02
1.779857e-02
2.009976e-02
2.721106e-02
3.584642e-02
3.567205e-02
3.549769e-02
4.049259e-02
4.421549e-02
5.931887e-02
6.538048e-02
6.857696e-02
6.958251e-02
7.041284e-02
8.512859e-02
9.458347e-02
1.008359e-01
9.266219e-02
1.109560e-01
1.295578e-01
1.160121e-01
1.362990e-01
1.501804e-01
1.506821e-01
1.718558e-01
1.893399e-01
1.670388e-01
1.632270e-01
1.905140e-01
2.114270e-01
2.116972e-01
1.855240e-01
1.964476e-01
2.059973e-01
2.302980e-01
2.344274e-01
2.277068e-01
2.074294e-01
2.185697e-01
2.471489e-01
2.417004e-01
2.413494e-01
2.405304e-01
2.199799e-01
2.412200e-01
2.540500e-01
2.575751e-01
2.569266e-01
2.399203e-01
2.414609e-01
2.471222e-01
2.613313e-01
2.601366e-01
2.532968e-01
2.531571e-01
2.608894e-01
2.647018e-01
2.667517e-01
2.668298e-01
2.622689e-01
2.593102e-01
2.590670e-01
2.590400e-01
2.643638e-01
2.683954e-01
2.679107e-01
2.638295e-01
2.662527e-01
2.702287e-01
2.704439e-01
2.699160e-01
2.695360e-01
2.656039e-01
2.680684e-01
2.704011e-01
2.711286e-01
2.708381e-01
2.719842e-01
2.723103e-01
2.729324e-01
2.732698e-01
2.733576e-01
2.747170e-01
2.775412e-01
2.780682e-01
2.780666e-01
2.781279e-01
