1.098889e-05
1.506393e-05
2.342062e-05
2.926906e-05
4.291621e-05
6.701927e-05
8.852778e-05
1.223505e-04
1.898968e-04
2.701046e-04
3.275253e-04
4.678252e-04
7.190274e-04
9.309953e-04
1.149600e-03
1.498079e-03
2.033733e-03
2.454864e-03
2.927492e-03
3.384343e-03
4.528316e-03
5.117690e-03
5.877076e-03
7.232604e-03
8.234361e-03
9.831452e-03
1.306507e-02
1.426042e-02
1.537224e-02
1.820841e-02
2.011470e-02
2.125038e-02
2.426489e-02
2.737004e-02
2.733278e-02
2.729552e-02
2.893433e-02
3.005728e-02
3.420327e-02
3.573296e-02
3.648970e-02
3.672991e-02
3.694586e-02
4.014166e-02
4.203773e-02
4.325122e-02
4.173717e-02
4.511998e-02
4.831182e-02
4.609546e-02
4.944252e-02
5.158761e-02
5.169371e-02
5.472365e-02
5.710788e-02
5.414582e-02
5.361357e-02
5.731594e-02
5.996457e-02
6.002652e-02
5.675036e-02
5.816659e-02
5.937573e-02
6.229572e-02
6.280211e-02
6.205519e-02
5.964393e-02
6.100200e-02
6.431111e-02
6.374374e-02
6.370807e-02
6.362485e-02
6.127413e-02
6.374368e-02
6.517079e-02
6.556085e-02
6.550734e-02
6.369187e-02
6.387052e-02
6.450478e-02
6.605754e-02
6.592880e-02
6.524119e-02
6.526380e-02
6.611459e-02
6.650457e-02
6.675409e-02
6.677938e-02
6.630831e-02
6.601708e-02
6.601775e-02
6.601783e-02
6.659644e-02
6.699403e-02
6.697640e-02
6.657467e-02
6.683433e-02
6.730330e-02
6.735370e-02
6.732370e-02
6.727669e-02
6.687316e-02
6.715119e-02
6.742072e-02
6.752745e-02
6.752262e-02
6.763323e-02
6.778840e-02
6.789808e-02
6.800674e-02
6.804028e-02
6.843827e-02
6.928726e-02
6.956960e-02
6.956872e-02
6.962730e-02
