0.000000e+00
-2.418127e-74
-1.086681e-67
1.541175e-65
-8.097820e-62
-7.336188e-56
3.698021e-50
1.231610e-46
2.884209e-40
-7.523164e-35
-3.639804e-27
1.497803e-09
4.461432e-09
8.632728e-09
1.522610e-08
2.985239e-08
6.714647e-08
1.129359e-07
1.831511e-07
2.761084e-07
6.349335e-07
9.215372e-07
1.414546e-06
2.822006e-06
4.358374e-06
8.357701e-06
2.495362e-05
3.612723e-05
4.921294e-05
1.015457e-04
1.584855e-04
2.038160e-04
3.764491e-04
6.637411e-04
6.601355e-04
6.565299e-04
8.681443e-04
1.038909e-03
1.961495e-03
2.408822e-03
2.665352e-03
2.747408e-03
2.826251e-03
4.247732e-03
5.334610e-03
6.126393e-03
5.132920e-03
7.621519e-03
1.059684e-02
8.369786e-03
1.185665e-02
1.462866e-02
1.480517e-02
1.978574e-02
2.434186e-02
1.856906e-02
1.764736e-02
2.472517e-02
3.106901e-02
3.119283e-02
2.339809e-02
2.649640e-02
2.937544e-02
3.756232e-02
3.912298e-02
3.672754e-02
2.992026e-02
3.360839e-02
4.402010e-02
4.196133e-02
4.182096e-02
4.149341e-02
3.409728e-02
4.174193e-02
4.683658e-02
4.832385e-02
4.806989e-02
4.134632e-02
4.194677e-02
4.412029e-02
4.996530e-02
4.946339e-02
4.664561e-02
4.655211e-02
4.978119e-02
5.144034e-02
5.233580e-02
5.237655e-02
5.040839e-02
4.917144e-02
4.905392e-02
4.904087e-02
5.133162e-02
5.309446e-02
5.287225e-02
5.113580e-02
5.216899e-02
5.395507e-02
5.406117e-02
5.381993e-02
5.366036e-02
5.194623e-02
5.301255e-02
5.402134e-02
5.432612e-02
5.419193e-02
5.464951e-02
5.479600e-02
5.505578e-02
5.518812e-02
5.522262e-02
5.566243e-02
5.659029e-02
5.698689e-02
5.698693e-02
5.711519e-02
