0.000000e+00
-3.662120e-56
1.591130e-49
-6.847623e-48
-4.006838e-44
-1.046925e-38
-6.259272e-33
1.656608e-28
3.613272e-09
8.385037e-09
1.343214e-08
3.212806e-08
9.680625e-08
1.924500e-07
3.441517e-07
7.209852e-07
1.744354e-06
3.039165e-06
5.137138e-06
7.952755e-06
1.936162e-05
2.821530e-05
4.352327e-05
8.354671e-05
1.249752e-04
2.189913e-04
5.336401e-04
7.046810e-04
8.910262e-04
1.511475e-03
2.068902e-03
2.456669e-03
3.735881e-03
5.463855e-03
5.437389e-03
5.410923e-03
6.504691e-03
7.329767e-03
1.104924e-02
1.263814e-02
1.349366e-02
1.376539e-02
1.401098e-02
1.820320e-02
2.105271e-02
2.300107e-02
2.052231e-02
2.633139e-02
3.256404e-02
2.801377e-02
3.495767e-02
3.993665e-02
4.019451e-02
4.821384e-02
5.504515e-02
4.637825e-02
4.491515e-02
5.556906e-02
6.416037e-02
6.430240e-02
5.364229e-02
5.802543e-02
6.192870e-02
7.226019e-02
7.410558e-02
7.121241e-02
6.261343e-02
6.732498e-02
7.977052e-02
7.739388e-02
7.723478e-02
7.686353e-02
6.796166e-02
7.717073e-02
8.292209e-02
8.453840e-02
8.425450e-02
7.667649e-02
7.736181e-02
7.986190e-02
8.630235e-02
8.575881e-02
8.267968e-02
8.260436e-02
8.612735e-02
8.788597e-02
8.883967e-02
8.888277e-02
8.679076e-02
8.545680e-02
8.533994e-02
8.532696e-02
8.777949e-02
8.963349e-02
8.941283e-02
8.756488e-02
8.866709e-02
9.053750e-02
9.065101e-02
9.040890e-02
9.023567e-02
8.842818e-02
8.955952e-02
9.063052e-02
9.096138e-02
9.082845e-02
9.131932e-02
9.150231e-02
9.178568e-02
9.194753e-02
9.199092e-02
9.256877e-02
9.379194e-02
9.420279e-02
9.420241e-02
9.431410e-02
