0.000000e+00
2.820178e-29
5.396904e-10
8.451770e-10
1.558020e-09
3.356020e-09
5.407388e-09
9.480347e-09
2.039058e-08
3.642241e-08
5.188600e-08
9.444113e-08
1.987033e-07
3.120840e-07
4.624938e-07
7.341193e-07
1.288338e-06
1.853110e-06
2.597234e-06
3.462687e-06
6.202163e-06
8.060765e-06
1.085796e-05
1.764159e-05
2.396558e-05
3.788639e-05
8.287821e-05
1.081401e-04
1.356325e-04
2.329106e-04
3.254712e-04
3.932581e-04
6.301588e-04
9.803810e-04
9.757013e-04
9.710214e-04
1.209263e-03
1.392656e-03
2.307014e-03
2.721691e-03
2.951723e-03
3.024968e-03
3.092651e-03
4.300663e-03
5.173662e-03
5.790299e-03
5.007659e-03
6.901845e-03
9.055560e-03
7.455740e-03
9.925657e-03
1.179594e-02
1.190037e-02
1.510493e-02
1.794509e-02
1.433942e-02
1.374521e-02
1.816571e-02
2.194461e-02
2.201326e-02
1.734499e-02
1.922540e-02
2.094027e-02
2.566226e-02
2.653683e-02
2.518305e-02
2.124768e-02
2.338638e-02
2.924286e-02
2.810748e-02
2.802994e-02
2.784900e-02
2.366737e-02
2.799131e-02
3.078181e-02
3.157842e-02
3.144130e-02
2.776228e-02
2.809294e-02
2.929615e-02
3.245400e-02
3.218187e-02
3.066926e-02
3.063182e-02
3.237731e-02
3.325080e-02
3.373460e-02
3.375745e-02
3.270673e-02
3.204421e-02
3.198887e-02
3.198273e-02
3.321025e-02
3.412993e-02
3.402180e-02
3.309799e-02
3.364940e-02
3.460231e-02
3.466560e-02
3.454483e-02
3.445288e-02
3.353833e-02
3.410921e-02
3.464616e-02
3.480204e-02
3.473501e-02
3.495982e-02
3.507325e-02
3.520951e-02
3.529274e-02
3.531640e-02
3.556363e-02
3.608362e-02
3.630120e-02
3.630049e-02
3.634401e-02
