8.351616e-08
1.179264e-07
1.883479e-07
2.388975e-07
3.568534e-07
5.669306e-07
7.561040e-07
1.062860e-06
1.699927e-06
2.445389e-06
3.039267e-06
4.437626e-06
7.144911e-06
9.560591e-06
1.233001e-05
1.678365e-05
2.458663e-05
3.150628e-05
3.989012e-05
4.882757e-05
7.476333e-05
9.046096e-05
1.128218e-04
1.614229e-04
2.030389e-04
2.833425e-04
5.003497e-04
6.016539e-04
7.063097e-04
1.028557e-03
1.292042e-03
1.463214e-03
2.007800e-03
2.693481e-03
2.681339e-03
2.669197e-03
3.081748e-03
3.383139e-03
4.693092e-03
5.228853e-03
5.511973e-03
5.601248e-03
5.676694e-03
7.035834e-03
7.928981e-03
8.528933e-03
7.749064e-03
9.526252e-03
1.137699e-02
1.001667e-02
1.206423e-02
1.348672e-02
1.354295e-02
1.578815e-02
1.767027e-02
1.526785e-02
1.484894e-02
1.778805e-02
2.009924e-02
2.013204e-02
1.724467e-02
1.843153e-02
1.947867e-02
2.220495e-02
2.268107e-02
2.192166e-02
1.963607e-02
2.087975e-02
2.411353e-02
2.350172e-02
2.345933e-02
2.336040e-02
2.102709e-02
2.343656e-02
2.490506e-02
2.530407e-02
2.522947e-02
2.328645e-02
2.346062e-02
2.410509e-02
2.571695e-02
2.557283e-02
2.480096e-02
2.479390e-02
2.568909e-02
2.611147e-02
2.635884e-02
2.636708e-02
2.583211e-02
2.549262e-02
2.547035e-02
2.546787e-02
2.608597e-02
2.651934e-02
2.647136e-02
2.600444e-02
2.627794e-02
2.674498e-02
2.678156e-02
2.672567e-02
2.666693e-02
2.620364e-02
2.648981e-02
2.675370e-02
2.681662e-02
2.678500e-02
2.686852e-02
2.695854e-02
2.701555e-02
2.706350e-02
2.707915e-02
2.717437e-02
2.738077e-02
2.743060e-02
2.742906e-02
2.738908e-02
