0.000000e+00
1.611639e-79
-3.216800e-73
-6.163875e-72
-2.668890e-67
-1.615006e-61
4.747414e-56
3.648950e-51
2.736911e-45
5.733979e-39
3.728480e-33
-4.102077e-29
1.309870e-09
2.621146e-09
4.706515e-09
9.563939e-09
2.218766e-08
3.766356e-08
6.159251e-08
9.292256e-08
2.126026e-07
3.042356e-07
4.560223e-07
8.615746e-07
1.271008e-06
2.236429e-06
5.663314e-06
7.735165e-06
1.005219e-05
1.910629e-05
2.872591e-05
3.627002e-05
6.690900e-05
1.226756e-04
1.216696e-04
1.206636e-04
1.648870e-04
2.023019e-04
4.330086e-04
5.553088e-04
6.300962e-04
6.538670e-04
6.754905e-04
1.141829e-03
1.537631e-03
1.845339e-03
1.450517e-03
2.476916e-03
3.837212e-03
2.769159e-03
4.454873e-03
5.935295e-03
6.017054e-03
9.012448e-03
1.197476e-02
8.176224e-03
7.607102e-03
1.218105e-02
1.676853e-02
1.682990e-02
1.121248e-02
1.334590e-02
1.542274e-02
2.177859e-02
2.302289e-02
2.102620e-02
1.573233e-02
1.853928e-02
2.707007e-02
2.525220e-02
2.513031e-02
2.484587e-02
1.880111e-02
2.503240e-02
2.943566e-02
3.072918e-02
3.047680e-02
2.458032e-02
2.509334e-02
2.695446e-02
3.207018e-02
3.160158e-02
2.904872e-02
2.897013e-02
3.184127e-02
3.332860e-02
3.413647e-02
3.415432e-02
3.232500e-02
3.117761e-02
3.106464e-02
3.105209e-02
3.311829e-02
3.471647e-02
3.449810e-02
3.285912e-02
3.380460e-02
3.540485e-02
3.549030e-02
3.525461e-02
3.508675e-02
3.347452e-02
3.444758e-02
3.536319e-02
3.559580e-02
3.545029e-02
3.583935e-02
3.593976e-02
3.612401e-02
3.620065e-02
3.622030e-02
3.638028e-02
3.672576e-02
3.682701e-02
3.682560e-02
3.680689e-02
