0.000000e+00
-1.510450e-56
2.301083e-50
7.497105e-49
-1.942659e-44
1.429477e-38
3.570494e-33
7.513900e-29
7.869217e-10
1.694129e-09
2.632715e-09
5.566846e-09
1.400778e-08
2.446336e-08
3.962517e-08
6.970456e-08
1.376184e-07
2.129020e-07
3.179893e-07
4.463254e-07
8.729490e-07
1.175056e-06
1.633810e-06
2.765743e-06
3.807757e-06
6.096177e-06
1.313805e-05
1.705881e-05
2.117491e-05
3.608481e-05
5.045698e-05
6.142687e-05
1.016439e-04
1.676554e-04
1.669538e-04
1.662522e-04
2.161652e-04
2.556858e-04
4.892991e-04
6.072281e-04
6.766646e-04
6.988395e-04
7.198605e-04
1.136960e-03
1.477693e-03
1.736445e-03
1.407725e-03
2.255405e-03
3.344208e-03
2.501883e-03
3.829400e-03
4.960499e-03
5.029345e-03
7.253628e-03
9.407758e-03
6.656162e-03
6.233004e-03
9.568838e-03
1.282119e-02
1.287470e-02
8.888751e-03
1.041901e-02
1.189126e-02
1.632435e-02
1.719402e-02
1.583156e-02
1.213526e-02
1.410541e-02
1.998300e-02
1.876463e-02
1.868123e-02
1.848662e-02
1.431537e-02
1.861862e-02
2.161692e-02
2.249948e-02
2.233763e-02
1.834438e-02
1.869470e-02
1.996443e-02
2.344269e-02
2.312993e-02
2.141921e-02
2.136524e-02
2.331423e-02
2.431881e-02
2.486951e-02
2.488775e-02
2.366385e-02
2.289870e-02
2.282537e-02
2.281722e-02
2.421797e-02
2.529115e-02
2.515077e-02
2.406350e-02
2.469887e-02
2.579502e-02
2.586034e-02
2.570728e-02
2.559678e-02
2.451781e-02
2.517705e-02
2.579780e-02
2.596449e-02
2.587370e-02
2.613223e-02
2.622718e-02
2.636578e-02
2.643485e-02
2.645371e-02
2.662031e-02
2.696875e-02
2.711147e-02
2.711049e-02
2.711955e-02
