0.000000e+00
-2.748464e-85
-9.611849e-79
-1.658077e-77
-1.106811e-73
-9.910535e-68
1.556893e-61
-9.239933e-57
6.413069e-51
-1.763665e-44
-1.076197e-39
-2.557876e-35
1.640831e-28
9.316535e-10
1.771455e-09
3.868035e-09
9.755120e-09
1.743338e-08
2.992368e-08
4.699016e-08
1.167566e-07
1.730541e-07
2.705933e-07
5.460864e-07
8.403232e-07
1.579475e-06
4.529243e-06
6.485817e-06
8.784826e-06
1.843933e-05
2.960744e-05
3.873308e-05
7.773357e-05
1.524262e-04
1.509632e-04
1.495002e-04
2.097544e-04
2.619803e-04
5.827522e-04
7.537502e-04
8.585695e-04
8.918938e-04
9.222741e-04
1.569388e-03
2.114798e-03
2.536679e-03
1.996641e-03
3.394338e-03
5.226805e-03
3.796109e-03
6.052438e-03
8.011395e-03
8.120637e-03
1.201798e-02
1.583160e-02
1.094814e-02
1.021213e-02
1.610550e-02
2.192244e-02
2.200310e-02
1.487646e-02
1.760257e-02
2.023864e-02
2.821505e-02
2.976737e-02
2.728396e-02
2.064354e-02
2.417646e-02
3.480022e-02
3.255435e-02
3.240425e-02
3.205398e-02
2.452509e-02
3.228975e-02
3.773107e-02
3.932766e-02
3.901982e-02
3.174436e-02
3.237968e-02
3.468317e-02
4.099462e-02
4.042185e-02
3.728263e-02
3.718474e-02
4.071587e-02
4.254666e-02
4.353586e-02
4.356030e-02
4.132241e-02
3.991652e-02
3.977715e-02
3.976167e-02
4.229793e-02
4.426551e-02
4.399789e-02
4.199362e-02
4.315362e-02
4.511619e-02
4.521945e-02
4.493162e-02
4.473143e-02
4.276295e-02
4.395476e-02
4.507791e-02
4.537197e-02
4.519560e-02
4.568481e-02
4.580026e-02
4.603396e-02
4.613023e-02
4.615427e-02
4.638779e-02
4.688990e-02
4.704886e-02
4.704762e-02
4.705338e-02
