0.000000e+00
-3.567623e-28
4.313359e-10
6.736627e-10
1.239125e-09
2.658843e-09
4.272824e-09
7.464036e-09
1.597113e-08
2.839627e-08
4.036199e-08
7.301278e-08
1.523143e-07
2.378135e-07
3.507743e-07
5.519560e-07
9.571826e-07
1.365251e-06
1.893819e-06
2.500011e-06
4.348753e-06
5.568235e-06
7.331611e-06
1.144933e-05
1.507083e-05
2.267903e-05
4.519288e-05
5.730813e-05
7.006784e-05
1.150721e-04
1.574060e-04
1.885893e-04
2.994270e-04
4.688316e-04
4.666447e-04
4.644578e-04
5.838157e-04
6.760941e-04
1.165351e-03
1.394692e-03
1.524391e-03
1.565677e-03
1.603734e-03
2.318257e-03
2.855656e-03
3.244351e-03
2.748534e-03
3.969077e-03
5.414100e-03
4.322126e-03
6.015240e-03
7.346210e-03
7.420134e-03
9.811612e-03
1.199490e-02
9.211382e-03
8.761077e-03
1.215567e-02
1.518801e-02
1.523908e-02
1.149828e-02
1.297843e-02
1.435257e-02
1.825316e-02
1.898762e-02
1.784028e-02
1.458421e-02
1.633868e-02
2.128351e-02
2.030090e-02
2.023332e-02
2.007563e-02
1.654571e-02
2.019058e-02
2.260066e-02
2.329277e-02
2.316908e-02
1.997542e-02
2.025921e-02
2.129327e-02
2.403853e-02
2.379662e-02
2.246659e-02
2.243175e-02
2.395953e-02
2.472773e-02
2.515411e-02
2.517108e-02
2.423586e-02
2.364769e-02
2.359645e-02
2.359076e-02
2.467291e-02
2.548416e-02
2.538484e-02
2.455984e-02
2.504674e-02
2.588712e-02
2.594200e-02
2.583160e-02
2.574614e-02
2.492728e-02
2.543265e-02
2.590659e-02
2.603553e-02
2.597194e-02
2.616232e-02
2.625865e-02
2.636941e-02
2.643485e-02
2.645371e-02
2.662031e-02
2.696875e-02
2.711147e-02
2.711049e-02
2.711955e-02
