4.530653e-07
5.982831e-07
8.709280e-07
1.045962e-06
1.454398e-06
2.111630e-06
2.666623e-06
3.514891e-06
5.165268e-06
6.938829e-06
8.345710e-06
1.134914e-05
1.679648e-05
2.137950e-05
2.653049e-05
3.420540e-05
4.706516e-05
5.809081e-05
7.084245e-05
8.406831e-05
1.200144e-04
1.410338e-04
1.696094e-04
2.294212e-04
2.780103e-04
3.682586e-04
5.942971e-04
6.952119e-04
7.960577e-04
1.096292e-03
1.331246e-03
1.482471e-03
1.943184e-03
2.500345e-03
2.492485e-03
2.484624e-03
2.813652e-03
3.047270e-03
4.049512e-03
4.451044e-03
4.659425e-03
4.725359e-03
4.782919e-03
5.766084e-03
6.400656e-03
6.822921e-03
6.281040e-03
7.519468e-03
8.787937e-03
7.867234e-03
9.258318e-03
1.021113e-02
1.025310e-02
1.173177e-02
1.295783e-02
1.140447e-02
1.112984e-02
1.304314e-02
1.452463e-02
1.455144e-02
1.270605e-02
1.347135e-02
1.414292e-02
1.587227e-02
1.617776e-02
1.570633e-02
1.425923e-02
1.505142e-02
1.708910e-02
1.671534e-02
1.668935e-02
1.662873e-02
1.516261e-02
1.668299e-02
1.760181e-02
1.785230e-02
1.780943e-02
1.660697e-02
1.671708e-02
1.712087e-02
1.812718e-02
1.803742e-02
1.756664e-02
1.756825e-02
1.812945e-02
1.838902e-02
1.854921e-02
1.855759e-02
1.822705e-02
1.802032e-02
1.801138e-02
1.801038e-02
1.839752e-02
1.866088e-02
1.863720e-02
1.835276e-02
1.852323e-02
1.882359e-02
1.885183e-02
1.882155e-02
1.878338e-02
1.849683e-02
1.867733e-02
1.884374e-02
1.888438e-02
1.886854e-02
1.891325e-02
1.899098e-02
1.903037e-02
1.907025e-02
1.908363e-02
1.916303e-02
1.931779e-02
1.935387e-02
1.935248e-02
1.930911e-02
