8.540798e-08
1.154901e-07
1.740135e-07
2.129290e-07
3.037370e-07
4.543552e-07
5.833888e-07
7.828359e-07
1.174999e-06
1.605000e-06
1.939751e-06
2.671506e-06
3.990041e-06
5.086771e-06
6.304756e-06
8.085514e-06
1.098487e-05
1.340102e-05
1.609536e-05
1.881291e-05
2.572116e-05
2.959987e-05
3.450697e-05
4.453403e-05
5.196658e-05
6.533822e-05
9.559790e-05
1.087280e-04
1.209043e-04
1.585078e-04
1.870284e-04
2.056500e-04
2.637697e-04
3.373461e-04
3.368258e-04
3.363055e-04
3.839717e-04
4.152583e-04
5.797861e-04
6.494166e-04
6.862619e-04
6.979592e-04
7.084887e-04
9.099672e-04
1.053675e-03
1.155410e-03
1.022792e-03
1.339872e-03
1.704628e-03
1.424207e-03
1.850059e-03
2.172202e-03
2.186715e-03
2.772350e-03
3.303835e-03
2.615658e-03
2.497839e-03
3.328077e-03
4.068633e-03
4.076483e-03
3.154081e-03
3.511491e-03
3.843061e-03
4.794630e-03
4.970654e-03
4.685129e-03
3.881067e-03
4.304795e-03
5.506387e-03
5.263205e-03
5.245111e-03
5.202889e-03
4.333362e-03
5.224913e-03
5.809805e-03
5.970711e-03
5.936638e-03
5.150118e-03
5.217201e-03
5.468934e-03
6.119916e-03
6.056387e-03
5.732992e-03
5.727695e-03
6.099291e-03
6.274682e-03
6.380126e-03
6.380348e-03
6.144778e-03
5.997353e-03
5.985359e-03
5.984027e-03
6.246449e-03
6.424623e-03
6.400933e-03
6.195245e-03
6.309467e-03
6.506016e-03
6.521765e-03
6.494638e-03
6.463564e-03
6.255554e-03
6.377421e-03
6.486863e-03
6.501060e-03
6.483499e-03
6.502180e-03
6.542836e-03
6.553926e-03
6.566041e-03
6.570959e-03
6.539992e-03
6.458579e-03
6.382300e-03
6.380793e-03
6.294701e-03
