1.624658e-10
2.806070e-10
5.815193e-10
8.754122e-10
1.561202e-09
3.189513e-09
4.970953e-09
8.365860e-09
1.702607e-08
2.914865e-08
4.051633e-08
7.030633e-08
1.392419e-07
2.105592e-07
3.023836e-07
4.594059e-07
7.635232e-07
1.060450e-06
1.432686e-06
1.849638e-06
3.059031e-06
3.831219e-06
4.902017e-06
7.307267e-06
9.298019e-06
1.327030e-05
2.359402e-05
2.866714e-05
3.358105e-05
4.972509e-05
6.317636e-05
7.275532e-05
1.036904e-04
1.470706e-04
1.469442e-04
1.468177e-04
1.773458e-04
1.987634e-04
3.218872e-04
3.796859e-04
4.120948e-04
4.224679e-04
4.324880e-04
6.245766e-04
7.770509e-04
8.915656e-04
7.454382e-04
1.119755e-03
1.597611e-03
1.225110e-03
1.808630e-03
2.304087e-03
2.333098e-03
3.328703e-03
4.303289e-03
3.051306e-03
2.856947e-03
4.366405e-03
5.868689e-03
5.890018e-03
4.046104e-03
4.743588e-03
5.420663e-03
7.497984e-03
7.907271e-03
7.257494e-03
5.519791e-03
6.437040e-03
9.220388e-03
8.634054e-03
8.593218e-03
8.497931e-03
6.517336e-03
8.556958e-03
9.993444e-03
1.041323e-02
1.033220e-02
8.409204e-03
8.575933e-03
9.183734e-03
1.084712e-02
1.069222e-02
9.866163e-03
9.843508e-03
1.078525e-02
1.126373e-02
1.153305e-02
1.153952e-02
1.093941e-02
1.056541e-02
1.053108e-02
1.052726e-02
1.120619e-02
1.171468e-02
1.164767e-02
1.111455e-02
1.142162e-02
1.195128e-02
1.198535e-02
1.191118e-02
1.184989e-02
1.131728e-02
1.163832e-02
1.193760e-02
1.200649e-02
1.196075e-02
1.206769e-02
1.212759e-02
1.218395e-02
1.221561e-02
1.222532e-02
1.225715e-02
1.230829e-02
1.229967e-02
1.229824e-02
1.223753e-02
