1.661913e-16
4.902395e-16
2.022950e-15
5.619872e-15
1.401318e-14
5.647372e-14
1.333568e-13
3.689755e-13
1.432022e-12
3.976589e-12
7.211502e-12
2.085827e-11
7.576390e-11
1.642130e-10
3.142209e-10
6.900874e-10
1.745048e-09
3.121343e-09
5.347777e-09
8.380084e-09
2.053917e-08
3.022074e-08
4.667079e-08
9.166928e-08
1.378949e-07
2.482407e-07
6.306946e-07
8.550808e-07
1.095974e-06
1.974822e-06
2.807786e-06
3.438449e-06
5.619371e-06
8.881345e-06
8.885909e-06
8.890473e-06
1.130121e-05
1.296252e-05
2.298544e-05
2.776097e-05
3.033960e-05
3.118078e-05
3.212058e-05
4.793015e-05
6.071978e-05
7.048888e-05
5.859626e-05
9.158855e-05
1.370467e-04
1.013137e-04
1.593342e-04
2.149301e-04
2.213343e-04
3.766331e-04
5.706737e-04
3.226924e-04
2.903101e-04
5.841174e-04
1.058493e-03
1.065310e-03
5.065742e-04
6.777937e-04
8.833063e-04
1.855901e-03
2.118100e-03
1.709597e-03
9.134052e-04
1.304368e-03
3.139604e-03
2.631834e-03
2.597837e-03
2.518504e-03
1.304677e-03
2.554211e-03
3.880540e-03
4.350421e-03
4.250422e-03
2.430803e-03
2.576665e-03
3.077353e-03
4.854096e-03
4.655946e-03
3.700908e-03
3.664636e-03
4.732680e-03
5.370067e-03
5.736080e-03
5.738871e-03
4.913658e-03
4.441495e-03
4.388689e-03
4.382823e-03
5.247422e-03
5.980730e-03
5.865992e-03
5.107229e-03
5.527221e-03
6.291191e-03
6.331211e-03
6.204662e-03
6.115777e-03
5.338149e-03
5.789282e-03
6.231740e-03
6.332955e-03
6.250382e-03
6.432066e-03
6.469610e-03
6.545419e-03
6.566041e-03
6.570959e-03
6.539992e-03
6.458579e-03
6.382300e-03
6.380793e-03
6.294701e-03
