7.889123e-14
1.836747e-13
5.623457e-13
1.167884e-12
2.580891e-12
7.740363e-12
1.524784e-11
3.393583e-11
9.932278e-11
2.242388e-10
3.609851e-10
8.381147e-10
2.342301e-09
4.342490e-09
7.320037e-09
1.372652e-08
2.895860e-08
4.635788e-08
7.166119e-08
1.031862e-07
2.138089e-07
2.933307e-07
4.177585e-07
7.288185e-07
1.021292e-06
1.663574e-06
3.637989e-06
4.704870e-06
5.806978e-06
9.652698e-06
1.310018e-05
1.560926e-05
2.412183e-05
3.648413e-05
3.645193e-05
3.641973e-05
4.535521e-05
5.155888e-05
8.869542e-05
1.065177e-04
1.165031e-04
1.197192e-04
1.229877e-04
1.860982e-04
2.396648e-04
2.820858e-04
2.284609e-04
3.759953e-04
5.878684e-04
4.164055e-04
6.926522e-04
9.649281e-04
9.842765e-04
1.658063e-03
2.417240e-03
1.439719e-03
1.305516e-03
2.464580e-03
3.903691e-03
3.920386e-03
2.184643e-03
2.788203e-03
3.430994e-03
5.744274e-03
6.249538e-03
5.436251e-03
3.515288e-03
4.499726e-03
7.991600e-03
7.168315e-03
7.112537e-03
6.982380e-03
4.549868e-03
7.051501e-03
9.080035e-03
9.709157e-03
9.578385e-03
6.831260e-03
7.062115e-03
7.889530e-03
1.034687e-02
1.010260e-02
8.834983e-03
8.792507e-03
1.021089e-02
1.097358e-02
1.139760e-02
1.140127e-02
1.043325e-02
9.842106e-03
9.780632e-03
9.773804e-03
1.083343e-02
1.166740e-02
1.154451e-02
1.066970e-02
1.116187e-02
1.200948e-02
1.205441e-02
1.192130e-02
1.182193e-02
1.094877e-02
1.146329e-02
1.194952e-02
1.205599e-02
1.197014e-02
1.215897e-02
1.221130e-02
1.229137e-02
1.231845e-02
1.232573e-02
1.230514e-02
1.225206e-02
1.218061e-02
1.217885e-02
1.208700e-02
