0.000000e+00
-4.575948e-70
-8.614260e-64
5.835976e-62
4.735715e-58
3.265915e-52
7.218603e-47
9.865141e-42
-4.296432e-36
-1.536430e-29
9.044057e-24
4.220866e-06
1.130054e-05
2.034418e-05
3.298132e-05
5.979072e-05
1.189816e-04
1.818471e-04
2.696395e-04
3.731222e-04
7.119780e-04
9.354937e-04
1.272209e-03
2.022776e-03
2.687841e-03
3.989421e-03
7.426869e-03
9.021580e-03
1.061141e-02
1.534525e-02
1.905615e-02
2.150558e-02
2.869860e-02
3.724045e-02
3.716560e-02
3.709076e-02
4.214960e-02
4.569121e-02
6.065063e-02
6.661252e-02
6.966148e-02
7.063735e-02
7.157996e-02
8.563291e-02
9.463014e-02
1.005835e-01
9.320933e-02
1.103903e-01
1.278523e-01
1.155130e-01
1.343503e-01
1.471561e-01
1.479806e-01
1.675223e-01
1.835060e-01
1.634407e-01
1.599135e-01
1.849227e-01
2.040125e-01
2.044076e-01
1.807572e-01
1.907051e-01
1.993615e-01
2.215659e-01
2.255238e-01
2.195683e-01
2.011758e-01
2.113944e-01
2.374424e-01
2.327037e-01
2.323810e-01
2.316279e-01
2.130524e-01
2.323270e-01
2.440644e-01
2.473878e-01
2.468688e-01
2.316010e-01
2.330099e-01
2.381075e-01
2.512351e-01
2.501876e-01
2.440735e-01
2.438990e-01
2.509831e-01
2.545627e-01
2.564662e-01
2.565918e-01
2.525063e-01
2.499134e-01
2.496688e-01
2.496417e-01
2.545570e-01
2.583188e-01
2.578942e-01
2.543185e-01
2.565038e-01
2.602932e-01
2.605281e-01
2.600635e-01
2.597799e-01
2.562666e-01
2.585265e-01
2.607020e-01
2.615169e-01
2.612948e-01
2.624122e-01
2.627996e-01
2.635117e-01
2.639328e-01
2.640422e-01
2.658619e-01
2.696469e-01
2.708540e-01
2.708567e-01
2.712959e-01
