0.000000e+00
1.524824e-75
-1.746614e-69
-1.716957e-67
-9.370938e-64
-2.980824e-58
-2.153350e-52
-3.100407e-48
-1.121039e-42
5.277970e-35
1.514859e-29
-1.006188e-23
5.226981e-06
9.846498e-06
1.656504e-05
3.144397e-05
6.598354e-05
1.041886e-04
1.592396e-04
2.259117e-04
4.531426e-04
6.079994e-04
8.470039e-04
1.395884e-03
1.895650e-03
2.900313e-03
5.664025e-03
6.984462e-03
8.317868e-03
1.237006e-02
1.561953e-02
1.778885e-02
2.427298e-02
3.213591e-02
3.206480e-02
3.199369e-02
3.671563e-02
4.004790e-02
5.433268e-02
6.009309e-02
6.305835e-02
6.400737e-02
6.492344e-02
7.874577e-02
8.768433e-02
9.363505e-02
8.625588e-02
1.035090e-01
1.212096e-01
1.086529e-01
1.278320e-01
1.409948e-01
1.418447e-01
1.621165e-01
1.788001e-01
1.578237e-01
1.541608e-01
1.802655e-01
2.003552e-01
2.007877e-01
1.758760e-01
1.863159e-01
1.954324e-01
2.189613e-01
2.231759e-01
2.168299e-01
1.973196e-01
2.081315e-01
2.358713e-01
2.307916e-01
2.304443e-01
2.296339e-01
2.098483e-01
2.303620e-01
2.429290e-01
2.464907e-01
2.459234e-01
2.295505e-01
2.310544e-01
2.365033e-01
2.505774e-01
2.494485e-01
2.428659e-01
2.426672e-01
2.502698e-01
2.541218e-01
2.561609e-01
2.562897e-01
2.518832e-01
2.490832e-01
2.488105e-01
2.487802e-01
2.540656e-01
2.581140e-01
2.576440e-01
2.537846e-01
2.561311e-01
2.601958e-01
2.604430e-01
2.599326e-01
2.596230e-01
2.558305e-01
2.582558e-01
2.605894e-01
2.614430e-01
2.611944e-01
2.623816e-01
2.627669e-01
2.635078e-01
2.639328e-01
2.640422e-01
2.658619e-01
2.696469e-01
2.708540e-01
2.708567e-01
2.712959e-01
