9.969250e-16
2.671143e-15
9.692132e-15
2.360106e-14
5.605709e-14
1.989817e-13
4.357184e-13
1.098582e-12
3.798508e-12
9.602712e-12
1.678149e-11
4.377448e-11
1.412694e-10
2.859918e-10
5.224958e-10
1.062795e-09
2.474484e-09
4.238077e-09
6.937779e-09
1.050276e-08
2.367111e-08
3.380610e-08
5.019029e-08
9.314820e-08
1.350811e-07
2.319810e-07
5.414606e-07
7.174629e-07
8.992134e-07
1.535392e-06
2.110732e-06
2.554561e-06
3.971287e-06
5.976599e-06
6.001851e-06
6.027102e-06
7.482930e-06
8.433912e-06
1.411114e-05
1.673044e-05
1.808660e-05
1.853533e-05
1.908663e-05
2.709153e-05
3.332520e-05
3.791333e-05
3.255735e-05
4.757722e-05
6.719937e-05
5.244039e-05
7.650723e-05
9.748298e-05
1.006619e-04
1.535908e-04
2.136161e-04
1.373220e-04
1.258151e-04
2.186955e-04
3.566372e-04
3.597850e-04
1.966299e-04
2.470778e-04
3.053027e-04
5.941479e-04
6.794633e-04
5.540102e-04
3.166629e-04
4.320570e-04
1.022148e-03
8.516299e-04
8.393333e-04
8.106397e-04
4.306879e-04
8.203725e-04
1.294725e-03
1.478606e-03
1.440089e-03
7.835549e-04
8.339009e-04
1.003471e-03
1.685989e-03
1.604444e-03
1.231956e-03
1.214682e-03
1.635343e-03
1.906176e-03
2.066502e-03
2.068517e-03
1.713499e-03
1.521579e-03
1.497605e-03
1.494942e-03
1.858281e-03
2.181138e-03
2.129113e-03
1.800300e-03
1.980610e-03
2.331692e-03
2.352319e-03
2.293665e-03
2.253521e-03
1.903775e-03
2.105466e-03
2.310095e-03
2.361444e-03
2.323827e-03
2.409277e-03
2.433999e-03
2.475535e-03
2.491167e-03
2.495343e-03
2.512903e-03
2.637150e-03
2.892076e-03
2.893687e-03
3.152620e-03
