0.000000e+00
2.687690e-41
5.493085e-35
-1.333857e-33
6.736133e-30
1.039146e-23
3.479871e-06
6.222057e-06
1.348068e-05
2.487464e-05
3.447234e-05
6.400904e-05
1.337163e-04
2.077512e-04
2.956697e-04
4.644895e-04
7.782793e-04
1.065603e-03
1.431779e-03
1.824072e-03
2.980525e-03
3.652792e-03
4.615242e-03
6.526272e-03
8.115953e-03
1.091023e-02
1.757625e-02
2.031699e-02
2.305449e-02
3.057001e-02
3.612341e-02
3.951482e-02
4.938469e-02
6.048474e-02
6.027355e-02
6.006236e-02
6.617221e-02
7.059963e-02
8.759719e-02
9.413832e-02
9.751065e-02
9.857094e-02
9.944167e-02
1.143256e-01
1.235247e-01
1.294840e-01
1.217210e-01
1.388756e-01
1.557031e-01
1.436075e-01
1.616454e-01
1.735906e-01
1.739991e-01
1.915758e-01
2.057536e-01
1.877527e-01
1.846233e-01
2.067477e-01
2.231486e-01
2.233777e-01
2.028433e-01
2.115257e-01
2.190127e-01
2.376209e-01
2.407543e-01
2.357129e-01
2.202010e-01
2.287925e-01
2.502947e-01
2.462868e-01
2.460309e-01
2.454337e-01
2.299692e-01
2.459895e-01
2.554646e-01
2.580517e-01
2.575930e-01
2.451029e-01
2.462504e-01
2.504537e-01
2.608820e-01
2.600176e-01
2.550624e-01
2.549927e-01
2.606489e-01
2.634061e-01
2.649104e-01
2.649850e-01
2.617026e-01
2.595713e-01
2.594177e-01
2.594006e-01
2.632720e-01
2.661728e-01
2.658500e-01
2.629231e-01
2.646826e-01
2.675858e-01
2.677595e-01
2.673995e-01
2.671240e-01
2.643003e-01
2.661043e-01
2.678219e-01
2.683994e-01
2.682216e-01
2.690814e-01
2.694125e-01
2.699268e-01
2.702476e-01
2.703347e-01
2.716790e-01
2.744725e-01
2.749946e-01
2.749929e-01
2.750536e-01
