0.000000e+00
7.438448e-60
-4.812412e-54
-1.891033e-51
-2.658866e-47
-1.008935e-43
2.001279e-36
-6.359421e-31
-9.269431e-26
5.637030e-07
8.914581e-07
1.901963e-06
4.797068e-06
8.365490e-06
1.353155e-05
2.347578e-05
4.522845e-05
6.880450e-05
1.006396e-04
1.385668e-04
2.554881e-04
3.350087e-04
4.493275e-04
7.104406e-04
9.321854e-04
1.381447e-03
2.520355e-03
3.075437e-03
3.594343e-03
5.170119e-03
6.386979e-03
7.268171e-03
9.630688e-03
1.240043e-02
1.244351e-02
1.248659e-02
1.421970e-02
1.531518e-02
2.045770e-02
2.251564e-02
2.351882e-02
2.385034e-02
2.425437e-02
2.897670e-02
3.205129e-02
3.407470e-02
3.178864e-02
3.757602e-02
4.354753e-02
3.952139e-02
4.587841e-02
5.021810e-02
5.070072e-02
5.743551e-02
6.291837e-02
5.618426e-02
5.493903e-02
6.352695e-02
7.015470e-02
7.037731e-02
6.226490e-02
6.564562e-02
6.857355e-02
7.635248e-02
7.784221e-02
7.582172e-02
6.939057e-02
7.293481e-02
8.204104e-02
8.048066e-02
8.034886e-02
8.004128e-02
7.355704e-02
8.018795e-02
8.434292e-02
8.556245e-02
8.539246e-02
8.004083e-02
8.050699e-02
8.223272e-02
8.687107e-02
8.650851e-02
8.437401e-02
8.419308e-02
8.668431e-02
8.798832e-02
8.863539e-02
8.866125e-02
8.719669e-02
8.630060e-02
8.615578e-02
8.613969e-02
8.787294e-02
8.915701e-02
8.895110e-02
8.773946e-02
8.843292e-02
8.972582e-02
8.980158e-02
8.959149e-02
8.948814e-02
8.825702e-02
8.901790e-02
8.974231e-02
9.000283e-02
8.992053e-02
9.023230e-02
9.035397e-02
9.058029e-02
9.069076e-02
9.071952e-02
9.110919e-02
9.193721e-02
9.190253e-02
9.190055e-02
9.178729e-02
