0.000000e+00
6.310397e-48
1.410267e-41
-1.474390e-40
6.469627e-36
3.828749e-31
-9.002859e-25
4.010284e-07
1.025003e-06
2.011557e-06
2.975645e-06
5.922727e-06
1.361782e-05
2.240071e-05
3.401627e-05
5.620944e-05
1.012650e-04
1.461607e-04
2.051457e-04
2.717376e-04
4.733471e-04
6.007995e-04
7.822561e-04
1.174642e-03
1.502347e-03
2.124764e-03
3.658511e-03
4.349378e-03
5.008359e-03
6.951071e-03
8.415067e-03
9.381101e-03
1.211882e-02
1.526618e-02
1.525814e-02
1.525010e-02
1.712188e-02
1.835678e-02
2.372348e-02
2.581630e-02
2.685997e-02
2.719672e-02
2.754371e-02
3.236592e-02
3.541842e-02
3.742803e-02
3.498654e-02
4.074342e-02
4.654523e-02
4.247431e-02
4.868634e-02
5.281994e-02
5.313816e-02
5.947965e-02
6.460558e-02
5.814920e-02
5.694665e-02
6.502257e-02
7.112604e-02
7.124483e-02
6.364964e-02
6.680581e-02
6.953220e-02
7.660575e-02
7.786319e-02
7.596225e-02
7.006443e-02
7.329819e-02
8.149494e-02
8.000856e-02
7.989261e-02
7.962206e-02
7.371540e-02
7.977482e-02
8.345250e-02
8.447644e-02
8.428741e-02
7.945573e-02
7.987788e-02
8.145235e-02
8.549910e-02
8.516263e-02
8.323750e-02
8.312894e-02
8.531548e-02
8.642184e-02
8.698719e-02
8.699682e-02
8.569475e-02
8.487266e-02
8.475611e-02
8.474316e-02
8.625790e-02
8.736831e-02
8.719973e-02
8.607758e-02
8.670956e-02
8.780851e-02
8.786745e-02
8.768973e-02
8.757795e-02
8.646443e-02
8.714301e-02
8.778327e-02
8.799070e-02
8.790792e-02
8.817685e-02
8.828659e-02
8.845540e-02
8.854654e-02
8.856997e-02
8.886768e-02
8.951697e-02
8.937549e-02
8.937351e-02
8.920653e-02
