2.004510e-04
2.565119e-04
3.584075e-04
4.188723e-04
5.599649e-04
7.706874e-04
9.393501e-04
1.180606e-03
1.608189e-03
2.046204e-03
2.351852e-03
2.990043e-03
4.000323e-03
4.761665e-03
5.517635e-03
6.573225e-03
8.075059e-03
9.186911e-03
1.034550e-02
1.141767e-02
1.385175e-02
1.506130e-02
1.649924e-02
1.900601e-02
2.070641e-02
2.335202e-02
2.821725e-02
2.996725e-02
3.147399e-02
3.528764e-02
3.770348e-02
3.916298e-02
4.278377e-02
4.633060e-02
4.632751e-02
4.632442e-02
4.821355e-02
4.938863e-02
5.392832e-02
5.554294e-02
5.630824e-02
5.655476e-02
5.680543e-02
6.003977e-02
6.191668e-02
6.310834e-02
6.168428e-02
6.494698e-02
6.798904e-02
6.591823e-02
6.905206e-02
7.099179e-02
7.112675e-02
7.387517e-02
7.598418e-02
7.334887e-02
7.283995e-02
7.615259e-02
7.848200e-02
7.852963e-02
7.563355e-02
7.686337e-02
7.790349e-02
8.045508e-02
8.089384e-02
8.023728e-02
7.811552e-02
7.928924e-02
8.211904e-02
8.162965e-02
8.159343e-02
8.150893e-02
7.945867e-02
8.156524e-02
8.278037e-02
8.310570e-02
8.305146e-02
8.146842e-02
8.160981e-02
8.213897e-02
8.343337e-02
8.332355e-02
8.272273e-02
8.270349e-02
8.340278e-02
8.374308e-02
8.393018e-02
8.393180e-02
8.351853e-02
8.325858e-02
8.323809e-02
8.323581e-02
8.371073e-02
8.402865e-02
8.398566e-02
8.363463e-02
8.382649e-02
8.417305e-02
8.420064e-02
8.415165e-02
8.410615e-02
8.375224e-02
8.397271e-02
8.419541e-02
8.428285e-02
8.427761e-02
8.436407e-02
8.446964e-02
8.455247e-02
8.462996e-02
8.465254e-02
8.493626e-02
8.555675e-02
8.542262e-02
8.542071e-02
8.526099e-02
