0.000000e+00
1.100189e-37
-1.581188e-31
4.388039e-30
-2.062903e-25
1.195182e-07
2.068504e-07
3.904641e-07
9.105629e-07
1.785219e-06
2.551134e-06
5.063892e-06
1.148377e-05
1.877449e-05
2.780425e-05
4.622244e-05
8.271612e-05
1.179090e-04
1.648284e-04
2.170008e-04
3.810097e-04
4.808832e-04
6.303155e-04
9.406758e-04
1.212577e-03
1.712051e-03
3.002878e-03
3.561861e-03
4.141966e-03
5.797428e-03
7.087730e-03
7.885915e-03
1.033838e-02
1.325465e-02
1.318594e-02
1.311724e-02
1.476186e-02
1.599801e-02
2.087915e-02
2.281313e-02
2.383658e-02
2.415616e-02
2.440053e-02
2.906976e-02
3.204210e-02
3.399514e-02
3.138506e-02
3.711564e-02
4.289261e-02
3.863103e-02
4.493715e-02
4.922236e-02
4.932065e-02
5.583123e-02
6.120383e-02
5.428569e-02
5.309524e-02
6.147923e-02
6.788321e-02
6.793617e-02
5.986319e-02
6.320068e-02
6.612022e-02
7.353141e-02
7.475381e-02
7.266632e-02
6.644110e-02
6.982975e-02
7.849529e-02
7.680489e-02
7.669290e-02
7.643156e-02
7.013679e-02
7.659701e-02
8.046485e-02
8.150330e-02
8.128069e-02
7.607446e-02
7.653274e-02
7.825085e-02
8.247370e-02
8.210033e-02
8.001208e-02
7.995901e-02
8.227086e-02
8.339079e-02
8.399183e-02
8.399162e-02
8.259219e-02
8.167490e-02
8.159398e-02
8.158498e-02
8.316483e-02
8.432715e-02
8.416927e-02
8.290755e-02
8.361752e-02
8.475168e-02
8.480026e-02
8.463046e-02
8.449392e-02
8.328424e-02
8.401784e-02
8.469857e-02
8.487099e-02
8.477647e-02
8.507700e-02
8.516987e-02
8.531101e-02
8.538317e-02
8.540152e-02
8.563256e-02
8.613778e-02
8.592343e-02
8.592085e-02
8.571330e-02
