0.000000e+00
6.852349e-43
-6.568075e-37
1.116720e-34
3.851860e-32
1.672133e-25
3.151349e-07
5.981752e-07
1.418124e-06
2.703752e-06
4.019611e-06
7.733913e-06
1.719641e-05
2.780223e-05
4.212935e-05
6.779693e-05
1.194438e-04
1.716071e-04
2.383121e-04
3.141106e-04
5.326091e-04
6.730166e-04
8.665518e-04
1.285779e-03
1.626309e-03
2.282079e-03
3.834033e-03
4.550857e-03
5.206148e-03
7.124553e-03
8.548569e-03
9.553695e-03
1.217431e-02
1.513628e-02
1.517984e-02
1.522340e-02
1.702372e-02
1.815002e-02
2.327485e-02
2.527816e-02
2.624692e-02
2.656625e-02
2.694916e-02
3.140570e-02
3.424932e-02
3.610372e-02
3.400327e-02
3.925496e-02
4.456973e-02
4.100115e-02
4.661142e-02
5.037959e-02
5.078255e-02
5.651328e-02
6.112633e-02
5.546372e-02
5.440625e-02
6.163424e-02
6.710383e-02
6.728115e-02
6.057929e-02
6.338382e-02
6.580598e-02
7.215088e-02
7.334767e-02
7.171153e-02
6.647224e-02
6.937412e-02
7.671192e-02
7.546231e-02
7.535673e-02
7.511035e-02
6.988131e-02
7.523876e-02
7.854966e-02
7.951550e-02
7.938265e-02
7.511587e-02
7.548937e-02
7.687443e-02
8.055124e-02
8.026248e-02
7.857653e-02
7.844222e-02
8.041635e-02
8.144119e-02
8.195772e-02
8.197398e-02
8.082199e-02
8.011048e-02
8.000302e-02
7.999109e-02
8.135737e-02
8.236532e-02
8.220387e-02
8.124667e-02
8.179543e-02
8.281796e-02
8.287872e-02
8.271673e-02
8.263160e-02
8.166058e-02
8.226223e-02
8.283958e-02
8.304992e-02
8.299196e-02
8.323950e-02
8.335087e-02
8.353835e-02
8.363733e-02
8.366427e-02
8.402285e-02
8.478630e-02
8.475734e-02
8.475548e-02
8.465080e-02
