1.181769e-07
1.987616e-07
4.073108e-07
6.053839e-07
1.067581e-06
2.148641e-06
3.306270e-06
5.432304e-06
1.055382e-05
1.799015e-05
2.381347e-05
4.084804e-05
7.780417e-05
1.145776e-04
1.560411e-04
2.329143e-04
3.683315e-04
4.869504e-04
6.340478e-04
7.874491e-04
1.227075e-03
1.474148e-03
1.823511e-03
2.498481e-03
3.052616e-03
4.003413e-03
6.234173e-03
7.127864e-03
8.027923e-03
1.046462e-02
1.225548e-02
1.332686e-02
1.648420e-02
2.003255e-02
1.995057e-02
1.986859e-02
2.179448e-02
2.321230e-02
2.858199e-02
3.064120e-02
3.171108e-02
3.204504e-02
3.229953e-02
3.703155e-02
3.995466e-02
4.183841e-02
3.931265e-02
4.478270e-02
5.014141e-02
4.621942e-02
5.198707e-02
5.579857e-02
5.587919e-02
6.150458e-02
6.605810e-02
6.019909e-02
5.917357e-02
6.628527e-02
7.156342e-02
7.160135e-02
6.493343e-02
6.771734e-02
7.012068e-02
7.610164e-02
7.707727e-02
7.541574e-02
7.038198e-02
7.312872e-02
8.002274e-02
7.869243e-02
7.860477e-02
7.840020e-02
7.338220e-02
7.852798e-02
8.156092e-02
8.236329e-02
8.218903e-02
7.811718e-02
7.847632e-02
7.982684e-02
8.310397e-02
8.281684e-02
8.119582e-02
8.116124e-02
8.295673e-02
8.381314e-02
8.428098e-02
8.427720e-02
8.319692e-02
8.248843e-02
8.242992e-02
8.242343e-02
8.363894e-02
8.452065e-02
8.439916e-02
8.343041e-02
8.397584e-02
8.483907e-02
8.487905e-02
8.475153e-02
8.464182e-02
8.370718e-02
8.427095e-02
8.480464e-02
8.494108e-02
8.487136e-02
8.510316e-02
8.519486e-02
8.531417e-02
8.538317e-02
8.540152e-02
8.563256e-02
8.613778e-02
8.592343e-02
8.592085e-02
8.571330e-02
