0.000000e+00
2.573779e-84
4.169650e-77
7.142111e-75
-1.082437e-70
4.039325e-65
1.857181e-59
5.933949e-54
-3.826063e-48
-4.506576e-42
2.646332e-36
-1.440596e-30
-6.498699e-25
4.069575e-07
7.540222e-07
1.590246e-06
3.805583e-06
6.546501e-06
1.081423e-05
1.638897e-05
3.734129e-05
5.311428e-05
7.874866e-05
1.439397e-04
2.071392e-04
3.466819e-04
7.750041e-04
1.001898e-03
1.234753e-03
2.002747e-03
2.659953e-03
3.123878e-03
4.570055e-03
6.442710e-03
6.435843e-03
6.428976e-03
7.633944e-03
8.470637e-03
1.241283e-02
1.406388e-02
1.491683e-02
1.519237e-02
1.547887e-02
1.968718e-02
2.251548e-02
2.444427e-02
2.209800e-02
2.777189e-02
3.382951e-02
2.950153e-02
3.617405e-02
4.085252e-02
4.122583e-02
4.883331e-02
5.521229e-02
4.715141e-02
4.570350e-02
5.573858e-02
6.377016e-02
6.392783e-02
5.397685e-02
5.804132e-02
6.162774e-02
7.128362e-02
7.305437e-02
7.038392e-02
6.233042e-02
6.671487e-02
7.825341e-02
7.610434e-02
7.593672e-02
7.554557e-02
6.726514e-02
7.575662e-02
8.109687e-02
8.261484e-02
8.233821e-02
7.529728e-02
7.590825e-02
7.817633e-02
8.413771e-02
8.363900e-02
8.077355e-02
8.060913e-02
8.384456e-02
8.550663e-02
8.635091e-02
8.636337e-02
8.441184e-02
8.318031e-02
8.300261e-02
8.298288e-02
8.524322e-02
8.694717e-02
8.668240e-02
8.499202e-02
8.594137e-02
8.760683e-02
8.768668e-02
8.741838e-02
8.725720e-02
8.557871e-02
8.659013e-02
8.754691e-02
8.783797e-02
8.770011e-02
8.811031e-02
8.821374e-02
8.844659e-02
8.854654e-02
8.856997e-02
8.886768e-02
8.951697e-02
8.937549e-02
8.937351e-02
8.920653e-02
