1.022260e-06
1.632076e-06
3.032199e-06
4.208443e-06
6.953171e-06
1.262559e-05
1.829612e-05
2.814031e-05
5.043795e-05
7.830193e-05
1.027293e-04
1.596812e-04
2.740422e-04
3.793028e-04
5.035385e-04
6.939951e-04
1.018125e-03
1.302689e-03
1.627584e-03
1.963435e-03
2.804736e-03
3.288159e-03
3.898173e-03
5.092234e-03
5.969386e-03
7.506981e-03
1.066528e-02
1.198070e-02
1.312100e-02
1.623379e-02
1.835935e-02
1.980318e-02
2.332417e-02
2.701697e-02
2.707474e-02
2.713251e-02
2.926468e-02
3.055522e-02
3.614044e-02
3.822466e-02
3.920930e-02
3.953398e-02
3.992416e-02
4.426494e-02
4.692930e-02
4.863167e-02
4.671990e-02
5.144491e-02
5.606000e-02
5.300728e-02
5.778324e-02
6.089324e-02
6.121819e-02
6.576537e-02
6.934147e-02
6.497482e-02
6.414194e-02
6.973591e-02
7.382128e-02
7.396473e-02
6.895199e-02
7.107476e-02
7.288454e-02
7.750126e-02
7.836672e-02
7.719989e-02
7.339285e-02
7.551416e-02
8.075146e-02
7.988705e-02
7.981365e-02
7.964238e-02
7.590542e-02
7.973972e-02
8.205409e-02
8.272170e-02
8.263093e-02
7.966894e-02
7.993148e-02
8.090227e-02
8.345055e-02
8.325194e-02
8.209831e-02
8.201596e-02
8.338068e-02
8.407271e-02
8.443337e-02
8.445118e-02
8.366143e-02
8.318519e-02
8.311493e-02
8.310713e-02
8.404364e-02
8.471713e-02
8.461719e-02
8.396996e-02
8.434284e-02
8.504464e-02
8.509014e-02
8.498646e-02
8.492719e-02
8.426533e-02
8.468336e-02
8.509018e-02
8.524542e-02
8.521598e-02
8.538878e-02
8.550858e-02
8.565728e-02
8.575317e-02
8.578070e-02
8.614886e-02
8.693191e-02
8.690141e-02
8.689953e-02
8.679263e-02
