0.000000e+00
-1.598893e-71
-6.320487e-65
4.391700e-64
-2.129438e-60
9.808348e-54
8.403172e-48
1.641621e-42
1.990994e-37
-5.018973e-31
2.485985e-25
2.746521e-07
8.148979e-07
1.566048e-06
2.746836e-06
5.254387e-06
1.134533e-05
1.853114e-05
2.894001e-05
4.207489e-05
8.633386e-05
1.185190e-04
1.674004e-04
2.861668e-04
3.937191e-04
6.242286e-04
1.262863e-03
1.593668e-03
1.913383e-03
2.926471e-03
3.749704e-03
4.358729e-03
6.062893e-03
8.157323e-03
8.186027e-03
8.214733e-03
9.563620e-03
1.043743e-02
1.464845e-02
1.637990e-02
1.724009e-02
1.752382e-02
1.786548e-02
2.201046e-02
2.476785e-02
2.661075e-02
2.451483e-02
2.984299e-02
3.545710e-02
3.163048e-02
3.768126e-02
4.189572e-02
4.235793e-02
4.904249e-02
5.456315e-02
4.776181e-02
4.651992e-02
5.517031e-02
6.197786e-02
6.220346e-02
5.386702e-02
5.731013e-02
6.032854e-02
6.844312e-02
7.000784e-02
6.786960e-02
6.115541e-02
6.485490e-02
7.445766e-02
7.278311e-02
7.264237e-02
7.231396e-02
6.547588e-02
7.247042e-02
7.690097e-02
7.821295e-02
7.802421e-02
7.229410e-02
7.279206e-02
7.463309e-02
7.960957e-02
7.921687e-02
7.690687e-02
7.671952e-02
7.939616e-02
8.080417e-02
8.150522e-02
8.153084e-02
7.994556e-02
7.897077e-02
7.881338e-02
7.879589e-02
8.066335e-02
8.206692e-02
8.183295e-02
8.051652e-02
8.127115e-02
8.267258e-02
8.275029e-02
8.251742e-02
8.240528e-02
8.106469e-02
8.189023e-02
8.267433e-02
8.294301e-02
8.284923e-02
8.318359e-02
8.329722e-02
8.353175e-02
8.363733e-02
8.366427e-02
8.402285e-02
8.478630e-02
8.475734e-02
8.475548e-02
8.465080e-02
