0.000000e+00
1.231329e-77
1.194925e-70
-4.099959e-69
-3.746298e-66
9.120607e-60
1.527329e-53
1.836189e-48
1.569454e-43
-1.923403e-36
-1.778789e-30
-5.953439e-25
3.241104e-07
6.561660e-07
1.181624e-06
2.410633e-06
5.544540e-06
9.302428e-06
1.501623e-05
2.232356e-05
4.898338e-05
6.853122e-05
9.976055e-05
1.771704e-04
2.507202e-04
4.093623e-04
8.812121e-04
1.124943e-03
1.373045e-03
2.176187e-03
2.851024e-03
3.321571e-03
4.769820e-03
6.612985e-03
6.604890e-03
6.596795e-03
7.766484e-03
8.574585e-03
1.232196e-02
1.387408e-02
1.467353e-02
1.493135e-02
1.519599e-02
1.909475e-02
2.146698e-02
2.344890e-02
2.130010e-02
2.645681e-02
3.190991e-02
2.801675e-02
3.400065e-02
3.816276e-02
3.848166e-02
4.517393e-02
5.076379e-02
4.367212e-02
4.242929e-02
5.121361e-02
5.817832e-02
5.831317e-02
4.967795e-02
5.321111e-02
5.632509e-02
6.464287e-02
6.615766e-02
6.386077e-02
5.692201e-02
6.070536e-02
7.060422e-02
6.876558e-02
6.862096e-02
6.828348e-02
6.111814e-02
6.846394e-02
7.301541e-02
7.430335e-02
7.406729e-02
6.806414e-02
6.858521e-02
7.052376e-02
7.559615e-02
7.517281e-02
7.273328e-02
7.259768e-02
7.534587e-02
7.674934e-02
7.746629e-02
7.747874e-02
7.583848e-02
7.477766e-02
7.462610e-02
7.460927e-02
7.653213e-02
7.796991e-02
7.774537e-02
7.631478e-02
7.711519e-02
7.852653e-02
7.859531e-02
7.836833e-02
7.822999e-02
7.680991e-02
7.766186e-02
7.847923e-02
7.872490e-02
7.861008e-02
7.895120e-02
7.905027e-02
7.924785e-02
7.933723e-02
7.935870e-02
7.962412e-02
8.020359e-02
8.007921e-02
8.007734e-02
7.992754e-02
