0.000000e+00
5.846647e-55
-5.519259e-49
-1.121492e-46
-3.506749e-43
-1.102026e-38
1.352003e-31
-2.006862e-27
3.811998e-08
9.240110e-08
1.454966e-07
3.474202e-07
9.819898e-07
1.831402e-06
3.013694e-06
5.735997e-06
1.198522e-05
1.877187e-05
2.867678e-05
4.060378e-05
8.269492e-05
1.109716e-04
1.563248e-04
2.594198e-04
3.571633e-04
5.524521e-04
1.120905e-03
1.391110e-03
1.681663e-03
2.565910e-03
3.305342e-03
3.781350e-03
5.319268e-03
7.275867e-03
7.228829e-03
7.181790e-03
8.335327e-03
9.224797e-03
1.291568e-02
1.443576e-02
1.525701e-02
1.551386e-02
1.571366e-02
1.960229e-02
2.216607e-02
2.419013e-02
2.159215e-02
2.671449e-02
3.205602e-02
2.806923e-02
3.400366e-02
3.816057e-02
3.826559e-02
4.480204e-02
5.032046e-02
4.320913e-02
4.201105e-02
5.060801e-02
5.740283e-02
5.747190e-02
4.892231e-02
5.241615e-02
5.551342e-02
6.355766e-02
6.491271e-02
6.260851e-02
5.586100e-02
5.951881e-02
6.908803e-02
6.771228e-02
6.743262e-02
6.678004e-02
5.984587e-02
6.695942e-02
7.131670e-02
7.249428e-02
7.224434e-02
6.638411e-02
6.689925e-02
6.882080e-02
7.361252e-02
7.318782e-02
7.080770e-02
7.074381e-02
7.337938e-02
7.466332e-02
7.535515e-02
7.535288e-02
7.374778e-02
7.270318e-02
7.260839e-02
7.259786e-02
7.441001e-02
7.575690e-02
7.556901e-02
7.412311e-02
7.494345e-02
7.624593e-02
7.630333e-02
7.610430e-02
7.595209e-02
7.456528e-02
7.540166e-02
7.618237e-02
7.637515e-02
7.625991e-02
7.660140e-02
7.668810e-02
7.684291e-02
7.691271e-02
7.692958e-02
7.713571e-02
7.758904e-02
7.739773e-02
7.739533e-02
7.720762e-02
