1.923637e-05
2.705368e-05
4.263844e-05
5.331175e-05
7.821758e-05
1.209757e-04
1.587063e-04
2.171296e-04
3.324438e-04
4.595381e-04
5.606397e-04
7.738038e-04
1.147927e-03
1.455735e-03
1.790417e-03
2.263113e-03
2.993371e-03
3.583238e-03
4.215890e-03
4.834290e-03
6.269078e-03
7.040649e-03
7.969382e-03
9.678462e-03
1.086771e-02
1.283729e-02
1.658110e-02
1.804308e-02
1.928008e-02
2.251329e-02
2.462457e-02
2.601573e-02
2.930313e-02
3.261059e-02
3.265771e-02
3.270483e-02
3.454907e-02
3.565875e-02
4.026384e-02
4.194203e-02
4.272735e-02
4.298555e-02
4.328994e-02
4.665403e-02
4.867234e-02
4.995008e-02
4.851353e-02
5.201870e-02
5.535873e-02
5.316115e-02
5.658779e-02
5.877580e-02
5.899735e-02
6.212282e-02
6.454850e-02
6.159219e-02
6.103000e-02
6.481426e-02
6.752790e-02
6.762224e-02
6.429327e-02
6.571347e-02
6.691799e-02
6.993909e-02
7.048620e-02
6.973966e-02
6.725406e-02
6.864530e-02
7.202128e-02
7.146963e-02
7.142414e-02
7.131799e-02
6.890710e-02
7.138754e-02
7.286333e-02
7.328315e-02
7.322630e-02
7.134919e-02
7.151852e-02
7.214068e-02
7.374790e-02
7.362124e-02
7.290638e-02
7.286432e-02
7.372475e-02
7.415317e-02
7.438468e-02
7.439836e-02
7.390695e-02
7.360423e-02
7.356977e-02
7.356595e-02
7.415448e-02
7.456166e-02
7.450961e-02
7.410411e-02
7.433759e-02
7.478013e-02
7.481261e-02
7.475561e-02
7.471380e-02
7.429648e-02
7.456397e-02
7.482971e-02
7.493724e-02
7.492530e-02
7.503323e-02
7.514620e-02
7.525402e-02
7.533577e-02
7.536028e-02
7.568134e-02
7.636660e-02
7.634176e-02
7.634000e-02
7.624488e-02
