0.000000e+00
-1.597480e-43
-3.100366e-37
1.251901e-35
-6.480754e-32
8.355615e-26
5.016701e-08
1.014824e-07
2.590422e-07
5.438303e-07
8.069719e-07
1.720854e-06
4.249803e-06
7.310747e-06
1.127653e-05
1.975145e-05
3.751759e-05
5.545534e-05
8.020915e-05
1.085861e-04
2.017988e-04
2.607433e-04
3.512812e-04
5.458550e-04
7.214904e-04
1.054448e-03
1.954556e-03
2.358207e-03
2.782661e-03
4.023498e-03
5.016260e-03
5.639578e-03
7.590876e-03
9.969378e-03
9.912720e-03
9.856062e-03
1.121947e-02
1.225357e-02
1.641248e-02
1.808307e-02
1.897457e-02
1.925313e-02
1.946770e-02
2.358705e-02
2.624445e-02
2.800177e-02
2.565369e-02
3.084073e-02
3.613341e-02
3.221721e-02
3.802563e-02
4.202002e-02
4.211375e-02
4.825554e-02
5.336977e-02
4.678560e-02
4.566294e-02
5.362905e-02
5.978978e-02
5.984200e-02
5.208751e-02
5.528090e-02
5.808272e-02
6.527299e-02
6.643757e-02
6.443151e-02
5.840206e-02
6.167911e-02
7.011514e-02
6.846668e-02
6.835801e-02
6.810445e-02
6.197565e-02
6.826853e-02
7.206915e-02
7.308779e-02
7.287427e-02
6.776297e-02
6.820919e-02
6.989035e-02
7.405180e-02
7.368519e-02
7.162389e-02
7.157417e-02
7.385015e-02
7.495958e-02
7.554992e-02
7.555167e-02
7.416928e-02
7.326479e-02
7.318465e-02
7.317575e-02
7.473852e-02
7.589041e-02
7.573051e-02
7.448855e-02
7.519116e-02
7.630782e-02
7.635558e-02
7.618655e-02
7.605383e-02
7.486471e-02
7.558128e-02
7.625560e-02
7.642384e-02
7.632585e-02
7.662141e-02
7.670754e-02
7.684550e-02
7.691271e-02
7.692958e-02
7.713571e-02
7.758904e-02
7.739773e-02
7.739533e-02
7.720762e-02
