1.588851e-07
2.717665e-07
5.572791e-07
8.294319e-07
1.464492e-06
2.927309e-06
4.490664e-06
7.394628e-06
1.443722e-05
2.415217e-05
3.249301e-05
5.469639e-05
1.026800e-04
1.496211e-04
2.052241e-04
3.000208e-04
4.681241e-04
6.177516e-04
7.980927e-04
9.868804e-04
1.500373e-03
1.796278e-03
2.190849e-03
2.975163e-03
3.582324e-03
4.648491e-03
7.002390e-03
7.973630e-03
8.868722e-03
1.135392e-02
1.310797e-02
1.422290e-02
1.723777e-02
2.050213e-02
2.049195e-02
2.048177e-02
2.233758e-02
2.354168e-02
2.851425e-02
3.038872e-02
3.130529e-02
3.160030e-02
3.189837e-02
3.599598e-02
3.850698e-02
4.013304e-02
3.815268e-02
4.274114e-02
4.722674e-02
4.410583e-02
4.884459e-02
5.191009e-02
5.213103e-02
5.669277e-02
6.031137e-02
5.575670e-02
5.490113e-02
6.059143e-02
6.477460e-02
6.485549e-02
5.963998e-02
6.182434e-02
6.368714e-02
6.844245e-02
6.927250e-02
6.800958e-02
6.405811e-02
6.623551e-02
7.281462e-02
7.066801e-02
7.059471e-02
7.042366e-02
6.650421e-02
7.051635e-02
7.290900e-02
7.356453e-02
7.344397e-02
7.031423e-02
7.058784e-02
7.161839e-02
7.421346e-02
7.399682e-02
7.276544e-02
7.270683e-02
7.411166e-02
7.480745e-02
7.517044e-02
7.517640e-02
7.434920e-02
7.382268e-02
7.375447e-02
7.374689e-02
7.471097e-02
7.540479e-02
7.530431e-02
7.459125e-02
7.498641e-02
7.568461e-02
7.572372e-02
7.561714e-02
7.554234e-02
7.483104e-02
7.526354e-02
7.568108e-02
7.581729e-02
7.577632e-02
7.594296e-02
7.603726e-02
7.615545e-02
7.623141e-02
7.625218e-02
7.650624e-02
7.706242e-02
7.694360e-02
7.694179e-02
7.679696e-02
