0.000000e+00
-2.071331e-77
-2.212628e-71
-2.449561e-69
1.653379e-65
-2.071097e-60
2.138567e-54
9.234402e-49
4.028733e-44
7.409288e-37
1.779559e-31
1.024888e-25
9.813696e-08
2.123516e-07
4.037549e-07
8.813039e-07
2.191781e-06
3.857886e-06
6.512225e-06
1.004415e-05
2.372658e-05
3.423959e-05
5.165994e-05
9.679349e-05
1.414466e-04
2.417754e-04
5.587062e-04
7.295954e-04
9.070727e-04
1.499163e-03
2.014032e-03
2.379099e-03
3.533402e-03
5.050202e-03
5.042549e-03
5.034897e-03
6.017332e-03
6.705672e-03
9.966511e-03
1.134265e-02
1.205948e-02
1.229054e-02
1.252686e-02
1.607779e-02
1.848061e-02
2.012357e-02
1.811340e-02
2.296648e-02
2.817502e-02
2.443765e-02
3.019437e-02
3.425550e-02
3.457196e-02
4.120437e-02
4.679548e-02
3.972131e-02
3.846245e-02
4.724929e-02
5.431430e-02
5.445125e-02
4.569138e-02
4.926117e-02
5.242068e-02
6.094929e-02
6.251024e-02
6.014073e-02
5.302945e-02
5.689898e-02
6.711496e-02
6.519662e-02
6.504773e-02
6.470028e-02
5.737348e-02
6.489623e-02
6.963344e-02
7.097728e-02
7.073510e-02
6.447674e-02
6.501904e-02
6.703468e-02
7.232875e-02
7.188442e-02
6.933000e-02
6.919131e-02
7.206398e-02
7.354864e-02
7.429557e-02
7.430614e-02
7.256387e-02
7.146837e-02
7.131092e-02
7.129342e-02
7.330836e-02
7.482196e-02
7.458480e-02
7.308120e-02
7.392782e-02
7.540488e-02
7.547761e-02
7.523847e-02
7.510131e-02
7.360373e-02
7.450208e-02
7.535419e-02
7.560955e-02
7.548494e-02
7.584502e-02
7.594108e-02
7.614356e-02
7.623141e-02
7.625218e-02
7.650624e-02
7.706242e-02
7.694360e-02
7.694179e-02
7.679696e-02
