0.000000e+00
3.562970e-32
-5.553581e-27
1.515003e-08
5.050216e-08
1.224621e-07
2.112889e-07
3.973271e-07
9.217961e-07
1.799936e-06
2.566284e-06
5.070911e-06
1.143490e-05
1.862914e-05
2.750838e-05
4.555433e-05
8.114444e-05
1.153363e-04
1.607811e-04
2.111715e-04
3.689008e-04
4.646051e-04
6.073989e-04
9.029026e-04
1.160897e-03
1.633136e-03
2.846725e-03
3.369989e-03
3.911796e-03
5.452889e-03
6.649603e-03
7.388314e-03
9.648179e-03
1.232998e-02
1.226729e-02
1.220460e-02
1.371119e-02
1.484150e-02
1.929190e-02
2.105122e-02
2.197812e-02
2.226783e-02
2.249175e-02
2.671957e-02
2.940374e-02
3.116395e-02
2.881058e-02
3.397339e-02
3.916403e-02
3.533789e-02
4.099678e-02
4.482972e-02
4.491671e-02
5.072839e-02
5.551181e-02
4.935173e-02
4.829049e-02
5.575648e-02
6.144460e-02
6.148985e-02
5.431783e-02
5.728707e-02
5.987944e-02
6.644292e-02
6.752708e-02
6.568115e-02
6.016432e-02
6.316737e-02
7.087114e-02
6.933954e-02
6.924257e-02
6.901632e-02
6.344280e-02
6.915726e-02
7.257454e-02
7.349007e-02
7.329532e-02
6.869646e-02
6.909975e-02
7.061505e-02
7.434433e-02
7.401705e-02
7.217386e-02
7.210639e-02
7.416972e-02
7.515405e-02
7.568306e-02
7.568605e-02
7.445057e-02
7.364377e-02
7.357062e-02
7.356250e-02
7.495853e-02
7.597679e-02
7.583806e-02
7.472873e-02
7.535472e-02
7.635111e-02
7.639754e-02
7.624571e-02
7.612386e-02
7.506168e-02
7.570080e-02
7.630639e-02
7.645665e-02
7.637586e-02
7.663184e-02
7.672054e-02
7.684675e-02
7.691271e-02
7.692958e-02
7.713571e-02
7.758904e-02
7.739773e-02
7.739533e-02
7.720762e-02
