0.000000e+00
-1.657674e-83
-3.518564e-77
7.459491e-76
8.206709e-72
7.946974e-66
2.574286e-60
-6.665497e-55
-2.696151e-49
-9.143472e-43
3.030571e-37
-2.994821e-32
5.058807e-26
4.279103e-08
8.409465e-08
2.009978e-07
5.452093e-07
1.001028e-06
1.775959e-06
2.842928e-06
7.438983e-06
1.107269e-05
1.763437e-05
3.505881e-05
5.391036e-05
9.741614e-05
2.529325e-04
3.393035e-04
4.379065e-04
7.730939e-04
1.088873e-03
1.306515e-03
2.073603e-03
3.169812e-03
3.142187e-03
3.114562e-03
3.812572e-03
4.374651e-03
6.919259e-03
8.039286e-03
8.667841e-03
8.864683e-03
9.019949e-03
1.219080e-02
1.441937e-02
1.596493e-02
1.390877e-02
1.863914e-02
2.387642e-02
1.991339e-02
2.588391e-02
3.032333e-02
3.044932e-02
3.785755e-02
4.438695e-02
3.597300e-02
3.460455e-02
4.474088e-02
5.326192e-02
5.334477e-02
4.269389e-02
4.696656e-02
5.084501e-02
6.134972e-02
6.317532e-02
6.007809e-02
5.128622e-02
5.602481e-02
6.892176e-02
6.628729e-02
6.611591e-02
6.571601e-02
5.643249e-02
6.597426e-02
7.204429e-02
7.372166e-02
7.336824e-02
6.519169e-02
6.590524e-02
6.855525e-02
7.533439e-02
7.472391e-02
7.134029e-02
7.124516e-02
7.498103e-02
7.684407e-02
7.783004e-02
7.783169e-02
7.553365e-02
7.402948e-02
7.389095e-02
7.387556e-02
7.647515e-02
7.845180e-02
7.816856e-02
7.608141e-02
2.069657e-02
7.916554e-02
7.924951e-02
7.895722e-02
7.873897e-02
7.673834e-02
7.794529e-02
7.906660e-02
7.933926e-02
7.916085e-02
7.967079e-02
7.975414e-02
7.996625e-02
8.004580e-02
8.006306e-02
8.027805e-02
8.075035e-02
8.055063e-02
8.054820e-02
8.035287e-02
