0.000000e+00
1.250726e-77
9.055679e-72
2.645390e-69
-2.608499e-65
1.604857e-59
-1.394274e-54
7.503787e-49
-5.032413e-43
5.205236e-37
2.143560e-31
-3.024177e-25
1.195888e-07
2.549014e-07
4.782055e-07
1.027369e-06
2.511208e-06
4.368712e-06
7.296300e-06
1.115273e-05
2.589406e-05
3.707791e-05
5.547215e-05
1.025237e-04
1.486739e-04
2.511395e-04
5.701986e-04
7.400372e-04
9.159716e-04
1.497144e-03
1.998270e-03
2.351283e-03
3.461122e-03
4.907726e-03
4.899566e-03
4.891406e-03
5.820461e-03
6.472568e-03
9.526840e-03
1.080881e-02
1.147578e-02
1.169059e-02
1.190872e-02
1.519488e-02
1.740731e-02
1.891545e-02
1.706521e-02
2.151239e-02
2.626322e-02
2.285322e-02
2.810355e-02
3.177855e-02
3.205419e-02
3.803487e-02
4.306688e-02
3.670074e-02
3.556651e-02
4.346571e-02
4.979391e-02
4.991080e-02
4.206670e-02
4.526816e-02
4.809877e-02
5.570444e-02
5.708785e-02
5.497574e-02
4.863389e-02
5.208603e-02
6.117442e-02
5.947244e-02
5.934164e-02
5.903643e-02
5.250857e-02
5.920453e-02
6.340602e-02
6.459500e-02
6.437522e-02
5.882653e-02
5.930831e-02
6.109884e-02
6.578459e-02
6.538957e-02
6.313151e-02
6.301078e-02
6.555711e-02
6.685685e-02
6.752548e-02
6.753450e-02
6.599267e-02
6.502137e-02
6.488540e-02
6.487030e-02
6.665213e-02
6.798560e-02
6.777906e-02
6.644533e-02
6.719742e-02
6.850349e-02
6.856753e-02
6.835709e-02
6.822849e-02
6.690629e-02
6.770416e-02
6.845673e-02
6.868013e-02
6.857247e-02
6.888785e-02
6.897731e-02
6.915677e-02
6.923646e-02
6.925564e-02
6.948461e-02
6.998764e-02
6.988130e-02
6.987961e-02
6.974699e-02
