7.152888e-07
1.143838e-06
2.135553e-06
2.972938e-06
4.926952e-06
8.987553e-06
1.305399e-05
2.011730e-05
3.610557e-05
5.628766e-05
7.365458e-05
1.149508e-04
1.978058e-04
2.741174e-04
3.631622e-04
5.018551e-04
7.367591e-04
9.414014e-04
1.175956e-03
1.417425e-03
2.027117e-03
2.374241e-03
2.815750e-03
3.672487e-03
4.306443e-03
5.406623e-03
7.679886e-03
8.614521e-03
9.436837e-03
1.166409e-02
1.318929e-02
1.420521e-02
1.672728e-02
1.937471e-02
1.940329e-02
1.943187e-02
2.094018e-02
2.187728e-02
2.582739e-02
2.730223e-02
2.800401e-02
2.823378e-02
2.849710e-02
3.158403e-02
3.347055e-02
3.467583e-02
3.329223e-02
3.664721e-02
3.991082e-02
3.772794e-02
4.111778e-02
4.332018e-02
4.352546e-02
4.673497e-02
4.926173e-02
4.615761e-02
4.557347e-02
4.951911e-02
5.240002e-02
5.249203e-02
4.894634e-02
5.044821e-02
5.172885e-02
5.497189e-02
5.556450e-02
5.473870e-02
5.206043e-02
5.355141e-02
5.722718e-02
5.660943e-02
5.655871e-02
5.644036e-02
5.381310e-02
5.651008e-02
5.812862e-02
5.859154e-02
5.852425e-02
5.644502e-02
5.663082e-02
5.731654e-02
5.908511e-02
5.894294e-02
5.814020e-02
5.808992e-02
5.904353e-02
5.952182e-02
5.977563e-02
5.978270e-02
5.922965e-02
5.889311e-02
5.885231e-02
5.884778e-02
5.949709e-02
5.996029e-02
5.989891e-02
5.943812e-02
5.970055e-02
6.018904e-02
6.022121e-02
6.015350e-02
6.010539e-02
5.964502e-02
5.993397e-02
6.021815e-02
6.032309e-02
6.030205e-02
6.042068e-02
6.051231e-02
6.061182e-02
6.068086e-02
6.070131e-02
6.095535e-02
6.150073e-02
6.148279e-02
6.148125e-02
6.140205e-02
