1.220903e-06
1.876380e-06
3.409393e-06
4.663324e-06
7.589333e-06
1.357281e-05
1.942272e-05
2.931145e-05
5.089466e-05
7.951167e-05
1.004059e-04
1.574106e-04
2.692698e-04
3.718241e-04
4.809743e-04
6.718409e-04
9.847297e-04
1.243022e-03
1.549475e-03
1.856712e-03
2.689110e-03
3.134263e-03
3.742702e-03
4.866131e-03
5.754351e-03
7.215210e-03
1.044804e-02
1.168295e-02
1.290434e-02
1.610687e-02
1.837749e-02
1.970845e-02
2.353519e-02
2.769233e-02
2.759704e-02
2.750175e-02
2.970826e-02
3.131193e-02
3.723319e-02
3.946140e-02
4.060742e-02
4.096458e-02
4.123212e-02
4.620375e-02
4.921424e-02
5.114004e-02
4.856151e-02
5.410450e-02
5.943963e-02
5.555587e-02
6.125613e-02
6.495686e-02
6.503180e-02
7.040589e-02
7.470838e-02
6.918050e-02
6.820057e-02
7.492482e-02
7.982811e-02
7.986510e-02
7.365397e-02
7.625808e-02
7.848754e-02
8.399046e-02
8.487257e-02
8.336005e-02
7.873445e-02
8.126171e-02
8.753566e-02
8.633839e-02
8.625903e-02
8.607384e-02
8.149308e-02
8.619060e-02
8.892200e-02
8.964359e-02
8.948894e-02
8.581291e-02
8.613945e-02
8.736209e-02
9.030063e-02
9.004045e-02
8.859853e-02
8.856354e-02
9.017339e-02
9.093127e-02
9.134898e-02
9.134823e-02
9.038094e-02
8.974606e-02
8.969445e-02
8.968872e-02
9.077650e-02
9.155782e-02
9.145136e-02
9.058649e-02
9.106708e-02
9.183341e-02
9.187055e-02
9.175809e-02
9.165148e-02
9.082203e-02
9.132748e-02
9.180696e-02
9.193009e-02
9.187620e-02
9.208175e-02
9.218322e-02
9.229542e-02
9.236795e-02
9.238742e-02
9.263802e-02
9.318501e-02
9.295063e-02
9.294789e-02
9.272397e-02
