8.483017e-06
1.223792e-05
2.008555e-05
2.575294e-05
3.897763e-05
6.268889e-05
8.410017e-05
1.181799e-04
1.868496e-04
2.667946e-04
3.271063e-04
4.674823e-04
7.198232e-04
9.318294e-04
1.157052e-03
1.500959e-03
2.035294e-03
2.460821e-03
2.932639e-03
3.391480e-03
4.516463e-03
5.107819e-03
5.848588e-03
7.205262e-03
8.180942e-03
9.768704e-03
1.292401e-02
1.411859e-02
1.518383e-02
1.797309e-02
1.982207e-02
2.095533e-02
2.388609e-02
2.687935e-02
2.686841e-02
2.685747e-02
2.848637e-02
2.952728e-02
3.362164e-02
3.511404e-02
3.583243e-02
3.606326e-02
3.629341e-02
3.939564e-02
4.123643e-02
4.241320e-02
4.098129e-02
4.424925e-02
4.735078e-02
4.521016e-02
4.844159e-02
5.048377e-02
5.061672e-02
5.355649e-02
5.584844e-02
5.297187e-02
5.242245e-02
5.602120e-02
5.859667e-02
5.864617e-02
5.543363e-02
5.678940e-02
5.794046e-02
6.079772e-02
6.128943e-02
6.054078e-02
5.815823e-02
5.947353e-02
6.267416e-02
6.211432e-02
6.207052e-02
6.196829e-02
5.964889e-02
6.203094e-02
6.342051e-02
6.379724e-02
6.372604e-02
6.190850e-02
6.207059e-02
6.267453e-02
6.416792e-02
6.404183e-02
6.333829e-02
6.331040e-02
6.412213e-02
6.451140e-02
6.472798e-02
6.473128e-02
6.425257e-02
6.395105e-02
6.391783e-02
6.391414e-02
6.446585e-02
6.484517e-02
6.479350e-02
6.438475e-02
6.461056e-02
6.500987e-02
6.503803e-02
6.497763e-02
6.493063e-02
6.452501e-02
6.477778e-02
6.501973e-02
6.510368e-02
6.508292e-02
6.518133e-02
6.526888e-02
6.534477e-02
6.540796e-02
6.542630e-02
6.564151e-02
6.611524e-02
6.601552e-02
6.601389e-02
6.588797e-02
