0.000000e+00
-5.438087e-77
-1.072532e-70
7.968998e-69
4.625380e-65
1.042355e-59
6.933136e-54
6.461409e-48
-1.282188e-43
8.610496e-37
9.668168e-31
2.225471e-25
3.939408e-07
7.913519e-07
1.442551e-06
2.882988e-06
6.560090e-06
1.108292e-05
1.784389e-05
2.661879e-05
5.736931e-05
8.050117e-05
1.164724e-04
2.067191e-04
2.906696e-04
4.761147e-04
1.011107e-03
1.297405e-03
1.577315e-03
2.484493e-03
3.239193e-03
3.806489e-03
5.419004e-03
7.443692e-03
7.473413e-03
7.503135e-03
8.832276e-03
9.696088e-03
1.394908e-02
1.572290e-02
1.660863e-02
1.690125e-02
1.725725e-02
2.157974e-02
2.449070e-02
2.644968e-02
2.423140e-02
2.992357e-02
3.598982e-02
3.185028e-02
3.842006e-02
4.304431e-02
4.356672e-02
5.098745e-02
5.715882e-02
4.956000e-02
4.817815e-02
5.785412e-02
6.554914e-02
6.581375e-02
5.639761e-02
6.027524e-02
6.368396e-02
7.293320e-02
7.473338e-02
7.229032e-02
6.463327e-02
6.884510e-02
7.985383e-02
7.793643e-02
7.777322e-02
7.739237e-02
6.955566e-02
7.757730e-02
8.269194e-02
8.421282e-02
8.399393e-02
7.737720e-02
7.794798e-02
8.006519e-02
8.583780e-02
8.538489e-02
8.270474e-02
8.247718e-02
8.558299e-02
8.722080e-02
8.803406e-02
8.806293e-02
8.622319e-02
8.509170e-02
8.490648e-02
8.488591e-02
8.705952e-02
8.869551e-02
8.842090e-02
8.689183e-02
8.776484e-02
8.939981e-02
8.948666e-02
8.921281e-02
8.908527e-02
8.752815e-02
8.848374e-02
8.939224e-02
8.970752e-02
8.959768e-02
8.997891e-02
9.010284e-02
9.037418e-02
9.049030e-02
9.051902e-02
9.090778e-02
9.173410e-02
9.169952e-02
9.169754e-02
9.158465e-02
