0.000000e+00
-3.139266e-32
3.122122e-25
5.337894e-08
1.779371e-07
4.011528e-07
6.619163e-07
1.180962e-06
2.557888e-06
4.740337e-06
6.568497e-06
1.229428e-05
2.599723e-05
4.076296e-05
5.838189e-05
9.297972e-05
1.584192e-04
2.191894e-04
2.980875e-04
3.833080e-04
6.421747e-04
7.949627e-04
1.018652e-03
1.470389e-03
1.856335e-03
2.547079e-03
4.267360e-03
4.990779e-03
5.733083e-03
7.809685e-03
9.393026e-03
1.036013e-02
1.328736e-02
1.669570e-02
1.661581e-02
1.653592e-02
1.842966e-02
1.984479e-02
2.534247e-02
2.749639e-02
2.862662e-02
2.897955e-02
2.924957e-02
3.435539e-02
3.757285e-02
3.966813e-02
3.686013e-02
4.299346e-02
4.911310e-02
4.461030e-02
5.125942e-02
5.573113e-02
5.582579e-02
6.255502e-02
6.806868e-02
6.097093e-02
5.974318e-02
6.834770e-02
7.485031e-02
7.490453e-02
6.669366e-02
7.010268e-02
7.306726e-02
8.054253e-02
8.177084e-02
7.967251e-02
7.339019e-02
7.681780e-02
8.550924e-02
8.381719e-02
8.370650e-02
8.344819e-02
7.712658e-02
8.361200e-02
8.747461e-02
8.850671e-02
8.828649e-02
8.308855e-02
8.354632e-02
8.526355e-02
8.946811e-02
8.909954e-02
8.701967e-02
8.696680e-02
8.926982e-02
9.037896e-02
9.097395e-02
9.097650e-02
8.958524e-02
8.867536e-02
8.859308e-02
8.858394e-02
9.015604e-02
9.130215e-02
9.114561e-02
8.989577e-02
9.060008e-02
9.171958e-02
9.177099e-02
9.159953e-02
9.146257e-02
9.026686e-02
9.098701e-02
9.167074e-02
9.184321e-02
9.175371e-02
9.204634e-02
9.214630e-02
9.229158e-02
9.236795e-02
9.238742e-02
9.263802e-02
9.318501e-02
9.295063e-02
9.294789e-02
9.272397e-02
