5.728516e-05
7.540892e-05
1.110618e-04
1.335010e-04
1.858621e-04
2.703408e-04
3.406053e-04
4.435919e-04
6.315551e-04
8.440115e-04
9.802404e-04
1.309327e-03
1.848604e-03
2.274504e-03
2.682491e-03
3.324033e-03
4.245811e-03
4.928109e-03
5.674060e-03
6.369160e-03
8.067301e-03
8.894797e-03
9.954892e-03
1.176022e-02
1.307950e-02
1.509056e-02
1.907243e-02
2.046080e-02
2.178540e-02
2.504762e-02
2.721093e-02
2.843216e-02
3.176413e-02
3.514867e-02
3.507631e-02
3.500395e-02
3.672186e-02
3.794113e-02
4.222936e-02
4.378219e-02
4.456501e-02
4.480905e-02
4.499246e-02
4.825742e-02
5.016728e-02
5.136308e-02
4.976346e-02
5.316379e-02
5.631260e-02
5.404293e-02
5.736108e-02
5.944268e-02
5.948156e-02
6.240950e-02
6.470050e-02
6.176373e-02
6.122705e-02
6.480503e-02
6.733398e-02
6.735307e-02
6.414918e-02
6.550387e-02
6.665096e-02
6.941635e-02
6.985497e-02
6.910428e-02
6.677742e-02
6.804879e-02
7.115078e-02
7.056957e-02
7.053069e-02
7.043996e-02
6.817304e-02
7.049592e-02
7.182255e-02
7.216160e-02
7.208488e-02
7.030751e-02
7.046472e-02
7.106097e-02
7.246124e-02
7.233313e-02
7.164787e-02
7.163964e-02
7.240912e-02
7.276741e-02
7.296854e-02
7.296190e-02
7.250027e-02
7.219934e-02
7.217748e-02
7.217506e-02
7.269162e-02
7.303962e-02
7.299601e-02
7.258041e-02
7.280611e-02
7.316463e-02
7.318686e-02
7.313565e-02
7.307864e-02
7.267665e-02
7.291721e-02
7.315782e-02
7.322425e-02
7.320420e-02
7.329928e-02
7.338442e-02
7.345031e-02
7.350657e-02
7.352286e-02
7.371912e-02
7.415147e-02
7.396951e-02
7.396720e-02
7.378735e-02
