0.000000e+00
-7.604619e-28
1.099909e-08
1.909530e-08
3.798757e-08
9.329528e-08
1.622125e-07
3.078073e-07
7.224815e-07
1.423054e-06
2.038464e-06
4.063716e-06
9.257164e-06
1.517055e-05
2.250605e-05
3.748638e-05
6.720106e-05
9.587802e-05
1.341168e-04
1.766393e-04
3.102128e-04
3.915255e-04
5.130738e-04
7.652355e-04
9.858131e-04
1.390359e-03
2.432352e-03
2.882374e-03
3.348474e-03
4.675613e-03
5.706434e-03
6.343516e-03
8.293870e-03
1.060272e-02
1.054913e-02
1.049553e-02
1.179445e-02
1.276835e-02
1.660289e-02
1.811827e-02
1.891778e-02
1.916751e-02
1.935912e-02
2.299823e-02
2.530697e-02
2.682072e-02
2.479919e-02
2.923419e-02
3.369196e-02
3.041063e-02
3.526754e-02
3.855625e-02
3.863157e-02
4.360965e-02
4.770987e-02
4.243618e-02
4.152481e-02
4.791876e-02
5.278449e-02
5.282607e-02
4.669083e-02
4.923106e-02
5.144725e-02
5.706099e-02
5.798832e-02
5.640791e-02
5.169451e-02
5.425932e-02
6.080855e-02
5.953377e-02
5.944989e-02
5.925415e-02
5.449722e-02
5.937743e-02
6.229518e-02
6.307549e-02
6.291076e-02
5.898742e-02
5.933229e-02
6.062617e-02
6.380345e-02
6.352324e-02
6.195165e-02
6.191363e-02
6.365541e-02
6.449207e-02
6.495065e-02
6.494851e-02
6.389520e-02
6.320439e-02
6.314792e-02
6.314164e-02
6.432848e-02
6.519851e-02
6.507777e-02
6.413184e-02
6.466460e-02
6.551386e-02
6.555275e-02
6.542601e-02
6.532096e-02
6.441519e-02
6.496283e-02
6.547460e-02
6.560323e-02
6.553163e-02
6.575208e-02
6.582885e-02
6.593715e-02
6.599458e-02
6.600962e-02
6.618404e-02
6.656992e-02
6.640811e-02
6.640597e-02
6.624346e-02
