7.083915e-05
9.382189e-05
1.367267e-04
1.634074e-04
2.256661e-04
3.235000e-04
4.047938e-04
5.239972e-04
7.442918e-04
9.735053e-04
1.146548e-03
1.496130e-03
2.071408e-03
2.519700e-03
2.986961e-03
3.624547e-03
4.563710e-03
5.291298e-03
6.049318e-03
6.770253e-03
8.388712e-03
9.227838e-03
1.021848e-02
1.198614e-02
1.318750e-02
1.511909e-02
1.866490e-02
2.000409e-02
2.112801e-02
2.400200e-02
2.583848e-02
2.702761e-02
2.980626e-02
3.254802e-02
3.258223e-02
3.261645e-02
3.411580e-02
3.502001e-02
3.868112e-02
3.999924e-02
4.061342e-02
4.081494e-02
4.104923e-02
4.364991e-02
4.519160e-02
4.616378e-02
4.506706e-02
4.771687e-02
5.021514e-02
4.857233e-02
5.112311e-02
5.274184e-02
5.289305e-02
5.517282e-02
5.693442e-02
5.479091e-02
5.438041e-02
5.711892e-02
5.906054e-02
5.913201e-02
5.674573e-02
5.776803e-02
5.863141e-02
6.077549e-02
6.116156e-02
6.063351e-02
5.887160e-02
5.985804e-02
6.224297e-02
6.185592e-02
6.182414e-02
6.174998e-02
6.005346e-02
6.180400e-02
6.283816e-02
6.313145e-02
6.309253e-02
6.178157e-02
6.190096e-02
6.233963e-02
6.345467e-02
6.336381e-02
6.287210e-02
6.285184e-02
6.345223e-02
6.374364e-02
6.391453e-02
6.392226e-02
6.357670e-02
6.336986e-02
6.334978e-02
6.334754e-02
6.375740e-02
6.403320e-02
6.399837e-02
6.371848e-02
6.387985e-02
6.419074e-02
6.421646e-02
6.418098e-02
6.414363e-02
6.385417e-02
6.404687e-02
6.423651e-02
6.431403e-02
6.431264e-02
6.438867e-02
6.448857e-02
6.456908e-02
6.463918e-02
6.466077e-02
6.493300e-02
6.551642e-02
6.549684e-02
6.549524e-02
6.541178e-02
