0.000000e+00
8.271333e-54
7.109554e-49
3.079025e-46
-5.717298e-43
5.571843e-36
-1.375114e-30
-2.834346e-25
4.344802e-07
9.241552e-07
1.434792e-06
2.965591e-06
7.198191e-06
1.226690e-05
1.945802e-05
3.299004e-05
6.185596e-05
9.249908e-05
1.331886e-04
1.809986e-04
3.253317e-04
4.219128e-04
5.588410e-04
8.666885e-04
1.125022e-03
1.640319e-03
2.919099e-03
3.533006e-03
4.102447e-03
5.813500e-03
7.119386e-03
8.058618e-03
1.055307e-02
1.344609e-02
1.349083e-02
1.353556e-02
1.533191e-02
1.646169e-02
2.172522e-02
2.381533e-02
2.483288e-02
2.516878e-02
2.557535e-02
3.033056e-02
3.340557e-02
3.542669e-02
3.314587e-02
3.890349e-02
4.481080e-02
4.083641e-02
4.710689e-02
5.136768e-02
5.183953e-02
5.841495e-02
6.374881e-02
5.719943e-02
5.598409e-02
6.434003e-02
7.074854e-02
7.096938e-02
6.311980e-02
6.639720e-02
6.922386e-02
7.672805e-02
7.815954e-02
7.621881e-02
7.000166e-02
7.344595e-02
8.218929e-02
8.069891e-02
8.057006e-02
8.026940e-02
7.404082e-02
8.041787e-02
8.439615e-02
8.556779e-02
8.539895e-02
8.027689e-02
8.072339e-02
8.237863e-02
8.682152e-02
8.647500e-02
8.443066e-02
8.425668e-02
8.664017e-02
8.788607e-02
8.850544e-02
8.853292e-02
8.713529e-02
8.627704e-02
8.613896e-02
8.612362e-02
8.777847e-02
8.900610e-02
8.880886e-02
8.765059e-02
8.831549e-02
8.955134e-02
8.962060e-02
8.941773e-02
8.932198e-02
8.814422e-02
8.887269e-02
8.956672e-02
8.981586e-02
8.974122e-02
9.003897e-02
9.016076e-02
9.038093e-02
9.049030e-02
9.051902e-02
9.090778e-02
9.173410e-02
9.169952e-02
9.169754e-02
9.158465e-02
