1.785259e-05
2.471851e-05
3.827183e-05
4.735102e-05
6.853702e-05
1.042148e-04
1.352124e-04
1.825128e-04
2.741082e-04
3.746532e-04
4.517152e-04
6.162856e-04
8.996982e-04
1.129574e-03
1.373325e-03
1.721200e-03
2.249027e-03
2.666789e-03
3.113833e-03
3.545298e-03
4.549877e-03
5.077817e-03
5.717332e-03
6.873858e-03
7.680707e-03
8.992247e-03
1.148255e-02
1.243262e-02
1.324938e-02
1.534973e-02
1.672584e-02
1.760579e-02
1.972360e-02
2.184785e-02
2.186519e-02
2.188253e-02
2.304535e-02
2.376320e-02
2.664911e-02
2.769690e-02
2.819100e-02
2.835213e-02
2.853177e-02
3.063842e-02
3.189348e-02
3.268665e-02
3.176994e-02
3.395098e-02
3.601697e-02
3.463849e-02
3.676285e-02
3.811634e-02
3.822862e-02
4.014699e-02
4.163689e-02
3.981508e-02
3.946295e-02
4.178126e-02
4.343392e-02
4.348825e-02
4.144679e-02
4.231874e-02
4.305342e-02
4.488478e-02
4.521083e-02
4.475241e-02
4.324286e-02
4.408462e-02
4.612764e-02
4.578846e-02
4.576120e-02
4.569758e-02
4.423910e-02
4.574213e-02
4.662932e-02
4.687793e-02
4.684214e-02
4.570905e-02
4.581144e-02
4.618976e-02
4.714423e-02
4.706491e-02
4.663781e-02
4.662217e-02
4.713881e-02
4.738642e-02
4.753293e-02
4.753811e-02
4.723862e-02
4.705734e-02
4.704067e-02
4.703882e-02
4.739118e-02
4.762735e-02
4.759738e-02
4.735247e-02
4.749297e-02
4.775817e-02
4.778008e-02
4.774925e-02
4.771567e-02
4.746440e-02
4.762868e-02
4.778812e-02
4.784719e-02
4.784308e-02
4.790176e-02
4.798305e-02
4.804399e-02
4.809786e-02
4.811469e-02
4.830994e-02
4.873217e-02
4.871718e-02
4.871583e-02
4.864825e-02
