0.000000e+00
5.165747e-40
1.086345e-33
-4.872603e-31
2.568531e-27
1.617616e-09
3.274214e-09
7.464004e-09
2.232158e-08
5.282761e-08
8.384752e-08
2.032495e-07
5.853927e-07
1.104067e-06
1.833590e-06
3.529386e-06
7.468805e-06
1.178790e-05
1.813113e-05
2.581214e-05
5.311880e-05
7.157546e-05
1.012790e-04
1.691147e-04
2.336811e-04
3.628932e-04
7.401625e-04
9.198522e-04
1.112930e-03
1.700569e-03
2.191237e-03
2.507968e-03
3.526261e-03
4.817958e-03
4.787415e-03
4.756872e-03
5.516885e-03
6.102052e-03
8.523582e-03
9.517759e-03
1.005358e-02
1.022116e-02
1.035162e-02
1.287940e-02
1.454141e-02
1.566056e-02
1.417334e-02
1.747357e-02
2.090658e-02
1.835884e-02
2.215455e-02
2.480511e-02
2.487355e-02
2.901972e-02
3.250581e-02
2.801772e-02
2.725639e-02
3.269081e-02
3.696173e-02
3.699834e-02
3.163006e-02
3.383137e-02
3.577607e-02
4.081046e-02
4.165592e-02
4.022105e-02
3.599599e-02
3.828799e-02
4.425529e-02
4.307853e-02
4.300040e-02
4.281810e-02
3.849638e-02
4.293384e-02
4.561318e-02
4.636813e-02
4.621244e-02
4.257762e-02
4.289514e-02
4.408915e-02
4.705492e-02
4.679049e-02
4.531895e-02
4.528820e-02
4.691377e-02
4.770590e-02
4.813312e-02
4.813380e-02
4.714141e-02
4.649447e-02
4.643752e-02
4.643119e-02
4.754976e-02
4.837376e-02
4.826158e-02
4.736971e-02
4.787229e-02
4.868099e-02
4.871766e-02
4.859687e-02
4.849938e-02
4.764187e-02
4.815971e-02
4.863857e-02
4.875401e-02
4.868456e-02
4.888749e-02
4.895299e-02
4.904604e-02
4.909239e-02
4.910433e-02
4.922809e-02
4.950620e-02
4.938750e-02
4.938574e-02
4.926090e-02
