0.000000e+00
-3.780221e-27
1.006920e-08
1.777463e-08
3.575500e-08
8.901276e-08
1.566722e-07
3.032131e-07
7.363590e-07
1.435605e-06
2.147540e-06
4.228793e-06
9.641891e-06
1.581701e-05
2.415580e-05
3.952897e-05
7.077076e-05
1.024429e-04
1.434763e-04
1.902355e-04
3.277470e-04
4.160282e-04
5.396191e-04
8.071131e-04
1.027615e-03
1.451135e-03
2.470283e-03
2.938381e-03
3.374388e-03
4.647637e-03
5.600361e-03
6.261727e-03
8.025251e-03
1.003343e-02
1.005146e-02
1.006949e-02
1.127682e-02
1.205380e-02
1.550749e-02
1.686115e-02
1.752338e-02
1.773993e-02
1.798592e-02
2.102627e-02
2.296407e-02
2.422868e-02
2.275920e-02
2.635723e-02
2.999089e-02
2.751680e-02
3.137263e-02
3.396157e-02
3.420490e-02
3.813755e-02
4.131345e-02
3.738840e-02
3.666501e-02
4.163121e-02
4.538847e-02
4.549894e-02
4.087472e-02
4.280930e-02
4.448132e-02
4.882889e-02
4.963464e-02
4.850183e-02
4.489904e-02
4.689015e-02
5.192230e-02
5.104985e-02
5.097927e-02
5.081456e-02
4.721420e-02
5.090513e-02
5.316873e-02
5.381812e-02
5.372116e-02
5.078968e-02
5.104715e-02
5.200276e-02
5.450619e-02
5.430522e-02
5.314644e-02
5.306939e-02
5.441815e-02
5.510315e-02
5.546182e-02
5.546937e-02
5.468131e-02
5.419239e-02
5.412566e-02
5.411825e-02
5.504649e-02
5.572610e-02
5.562418e-02
5.496510e-02
5.534310e-02
5.603518e-02
5.607674e-02
5.597074e-02
5.590948e-02
5.523885e-02
5.565639e-02
5.604865e-02
5.618443e-02
5.614117e-02
5.630330e-02
5.639262e-02
5.651230e-02
5.658119e-02
5.660047e-02
5.683564e-02
5.734123e-02
5.732467e-02
5.732318e-02
5.724804e-02
