0.000000e+00
-1.463653e-56
-2.276026e-50
5.257328e-48
2.143549e-44
-5.510130e-40
-8.082887e-33
5.427363e-28
2.538786e-09
6.978837e-09
1.229065e-08
3.408989e-08
1.169187e-07
2.445298e-07
4.507098e-07
9.536305e-07
2.282562e-06
3.917800e-06
6.469216e-06
9.791410e-06
2.235419e-05
3.173495e-05
4.710006e-05
8.576331e-05
1.234637e-04
2.058789e-04
4.593306e-04
5.918757e-04
7.295969e-04
1.178242e-03
1.562195e-03
1.828900e-03
2.667215e-03
3.751145e-03
3.742247e-03
3.733349e-03
4.419315e-03
4.905945e-03
7.137133e-03
8.068412e-03
8.554794e-03
8.710688e-03
8.863024e-03
1.123353e-02
1.281866e-02
1.389661e-02
1.256092e-02
1.573237e-02
1.909527e-02
1.667283e-02
2.037914e-02
2.297474e-02
2.314868e-02
2.732275e-02
3.082431e-02
2.638435e-02
2.559780e-02
3.109041e-02
3.546129e-02
3.553459e-02
3.010543e-02
3.232636e-02
3.428708e-02
3.951054e-02
4.044900e-02
3.899681e-02
3.463716e-02
3.703420e-02
4.322891e-02
4.205927e-02
4.197114e-02
4.176547e-02
3.729200e-02
4.187975e-02
4.474185e-02
4.554468e-02
4.539385e-02
4.160719e-02
4.193686e-02
4.316323e-02
4.633656e-02
4.606610e-02
4.453422e-02
4.445855e-02
4.618787e-02
4.706357e-02
4.751603e-02
4.752264e-02
4.647342e-02
4.581306e-02
4.572712e-02
4.571758e-02
4.692292e-02
4.781645e-02
4.768349e-02
4.677569e-02
4.728452e-02
4.816674e-02
4.821138e-02
4.807428e-02
4.798357e-02
4.708353e-02
4.762463e-02
4.813581e-02
4.827991e-02
4.820647e-02
4.841535e-02
4.848723e-02
4.860508e-02
4.866174e-02
4.867614e-02
4.882969e-02
4.917151e-02
4.909794e-02
4.909654e-02
4.899835e-02
