8.039553e-07
1.267191e-06
2.340715e-06
3.238202e-06
5.332459e-06
9.627694e-06
1.386790e-05
2.117850e-05
3.739634e-05
5.814364e-05
7.472836e-05
1.165360e-04
1.992007e-04
2.744553e-04
3.585341e-04
4.955778e-04
7.230298e-04
9.143677e-04
1.136196e-03
1.360012e-03
1.940812e-03
2.259620e-03
2.673730e-03
3.460937e-03
4.051403e-03
5.045816e-03
7.137400e-03
7.959881e-03
8.712090e-03
1.073063e-02
1.211504e-02
1.297268e-02
1.525631e-02
1.766246e-02
1.764917e-02
1.763588e-02
1.896385e-02
1.983120e-02
2.328536e-02
2.456543e-02
2.519075e-02
2.539109e-02
2.558623e-02
2.832426e-02
2.997036e-02
3.102985e-02
2.972608e-02
3.269854e-02
3.556918e-02
3.356561e-02
3.656641e-02
3.845005e-02
3.861279e-02
4.141898e-02
4.362434e-02
4.084506e-02
4.031646e-02
4.379093e-02
4.629442e-02
4.634365e-02
4.320544e-02
4.452271e-02
4.564908e-02
4.846774e-02
4.894560e-02
4.821040e-02
4.585354e-02
4.714687e-02
5.032600e-02
4.975798e-02
4.971444e-02
4.961283e-02
4.731479e-02
4.967492e-02
5.106338e-02
5.144828e-02
5.136989e-02
4.954316e-02
4.970469e-02
5.030957e-02
5.180282e-02
5.167756e-02
5.096364e-02
5.092802e-02
5.175912e-02
5.214909e-02
5.232950e-02
5.240519e-02
5.188896e-02
5.158055e-02
5.154629e-02
5.154248e-02
5.210290e-02
5.248218e-02
5.243237e-02
5.201694e-02
5.224937e-02
5.265057e-02
5.267304e-02
5.260998e-02
5.256409e-02
5.215687e-02
5.240718e-02
5.263758e-02
5.272754e-02
5.269969e-02
5.279889e-02
5.287248e-02
5.294021e-02
5.299397e-02
5.300932e-02
5.317649e-02
5.355674e-02
5.347624e-02
5.347476e-02
5.336282e-02
