0.000000e+00
2.628373e-62
7.232637e-56
-9.476985e-54
-6.326935e-50
5.561403e-45
1.573831e-38
-1.709263e-33
-1.960319e-27
2.841896e-09
5.002781e-09
1.477035e-08
5.378440e-08
1.166972e-07
2.168026e-07
4.819699e-07
1.202835e-06
2.098726e-06
3.548255e-06
5.458914e-06
1.316264e-05
1.893797e-05
2.895979e-05
5.420786e-05
8.033426e-05
1.377205e-04
3.285762e-04
4.289869e-04
5.411627e-04
9.075549e-04
1.237972e-03
1.460295e-03
2.217972e-03
3.253571e-03
3.228173e-03
3.202775e-03
3.843537e-03
4.350157e-03
6.568023e-03
7.518598e-03
8.043623e-03
8.207995e-03
8.337261e-03
1.091908e-02
1.268596e-02
1.389441e-02
1.228708e-02
1.594226e-02
1.988770e-02
1.692460e-02
2.136873e-02
2.459037e-02
2.467836e-02
2.991682e-02
3.444104e-02
2.861049e-02
2.764754e-02
3.468384e-02
4.043697e-02
4.048797e-02
3.328496e-02
3.620148e-02
3.882181e-02
4.578076e-02
4.697541e-02
4.495112e-02
3.912069e-02
4.227123e-02
5.068973e-02
4.899890e-02
4.888819e-02
4.862987e-02
4.255171e-02
4.879217e-02
5.269327e-02
5.376233e-02
5.353555e-02
4.828743e-02
4.874740e-02
5.045744e-02
5.477754e-02
5.439207e-02
5.224023e-02
5.218479e-02
5.456188e-02
5.573494e-02
5.636353e-02
5.636393e-02
5.490676e-02
5.395599e-02
5.386609e-02
5.385610e-02
5.550196e-02
5.673832e-02
5.656558e-02
5.525209e-02
5.599846e-02
5.719282e-02
5.724687e-02
5.706444e-02
5.692588e-02
5.566292e-02
5.642102e-02
5.713121e-02
5.730222e-02
5.719326e-02
5.750293e-02
5.757296e-02
5.770810e-02
5.776478e-02
5.777846e-02
5.792855e-02
5.826280e-02
5.812239e-02
5.812043e-02
5.797657e-02
