0.000000e+00
1.436272e-57
1.154196e-50
4.744157e-49
3.459456e-45
3.370650e-39
-3.257530e-34
8.845103e-29
3.053326e-10
7.873550e-10
1.396425e-09
3.777974e-09
1.330798e-08
2.895889e-08
5.666627e-08
1.268884e-07
3.332518e-07
6.161513e-07
1.086930e-06
1.749264e-06
4.463514e-06
6.703350e-06
1.056306e-05
2.120355e-05
3.225515e-05
5.877762e-05
1.488406e-04
2.010890e-04
2.563098e-04
4.468894e-04
6.203100e-04
7.507585e-04
1.162374e-03
1.724982e-03
1.725816e-03
1.726649e-03
2.103469e-03
2.370626e-03
3.684469e-03
4.255936e-03
4.555726e-03
4.653051e-03
4.758074e-03
6.266445e-03
7.313856e-03
8.033452e-03
7.171137e-03
9.315439e-03
1.166339e-02
9.995365e-03
1.260393e-02
1.449471e-02
1.465598e-02
1.777466e-02
2.043911e-02
1.710352e-02
1.652258e-02
2.068585e-02
2.409904e-02
2.418638e-02
1.998458e-02
2.169379e-02
2.321961e-02
2.738362e-02
2.816888e-02
2.702080e-02
2.355965e-02
2.544689e-02
3.048017e-02
2.955163e-02
2.947863e-02
2.930830e-02
2.571341e-02
2.939895e-02
3.175769e-02
3.244212e-02
3.232786e-02
2.923719e-02
2.950565e-02
3.049985e-02
3.314957e-02
3.292914e-02
3.166920e-02
3.158986e-02
3.303287e-02
3.377584e-02
3.415769e-02
3.416895e-02
3.329913e-02
3.275669e-02
3.268356e-02
3.267544e-02
3.368401e-02
3.443600e-02
3.432032e-02
3.357791e-02
3.400235e-02
3.475546e-02
3.479640e-02
3.467605e-02
3.460636e-02
3.386430e-02
3.431555e-02
3.473938e-02
3.486592e-02
3.480914e-02
3.498114e-02
3.504413e-02
3.515108e-02
3.519999e-02
3.521292e-02
3.534616e-02
3.563724e-02
3.562097e-02
3.561978e-02
3.556264e-02
