2.912134e-09
5.506337e-09
1.291962e-08
2.152457e-08
4.160395e-08
9.759929e-08
1.661746e-07
3.103738e-07
7.221753e-07
1.372285e-06
2.013786e-06
3.876502e-06
8.607420e-06
1.390628e-05
2.090893e-05
3.380092e-05
5.955547e-05
8.519569e-05
1.182127e-04
1.554074e-04
2.644053e-04
3.331940e-04
4.295638e-04
6.350471e-04
8.041693e-04
1.123959e-03
1.889881e-03
2.234934e-03
2.559218e-03
3.496062e-03
4.194032e-03
4.668446e-03
5.948737e-03
7.401727e-03
7.407836e-03
7.413945e-03
8.274158e-03
8.837219e-03
1.128107e-02
1.223334e-02
1.270360e-02
1.285633e-02
1.302167e-02
1.516483e-02
1.652056e-02
1.740429e-02
1.635605e-02
1.887384e-02
2.140207e-02
1.966259e-02
2.234780e-02
2.414534e-02
2.429233e-02
2.700283e-02
2.918947e-02
2.647239e-02
2.597293e-02
2.939234e-02
3.196634e-02
3.203617e-02
2.885434e-02
3.018453e-02
3.133372e-02
3.429606e-02
3.483763e-02
3.405681e-02
3.159708e-02
3.295340e-02
3.637490e-02
3.577547e-02
3.572792e-02
3.561698e-02
3.316334e-02
3.568102e-02
3.721076e-02
3.764309e-02
3.757461e-02
3.558526e-02
3.576036e-02
3.641138e-02
3.809397e-02
3.795574e-02
3.717187e-02
3.712871e-02
3.803995e-02
3.849360e-02
3.873495e-02
3.874315e-02
3.820587e-02
3.787467e-02
3.783264e-02
3.782797e-02
3.845446e-02
3.890426e-02
3.883923e-02
3.838783e-02
3.864642e-02
3.911134e-02
3.914089e-02
3.907252e-02
3.902636e-02
3.857244e-02
3.885292e-02
3.911920e-02
3.920317e-02
3.917579e-02
3.927835e-02
3.934809e-02
3.942557e-02
3.947423e-02
3.948846e-02
3.964240e-02
3.997736e-02
3.996198e-02
3.996074e-02
3.990038e-02
