0.000000e+00
-3.055148e-51
1.016762e-44
-1.485376e-43
-4.118248e-40
-1.662619e-34
-3.467044e-28
3.768827e-10
1.239127e-09
3.024961e-09
5.137290e-09
1.350774e-08
4.500205e-08
9.384264e-08
1.738465e-07
3.733235e-07
9.181719e-07
1.608207e-06
2.713878e-06
4.187246e-06
9.993368e-06
1.445717e-05
2.197483e-05
4.146224e-05
6.107313e-05
1.051381e-04
2.472955e-04
3.238105e-04
4.049731e-04
6.747534e-04
9.120955e-04
1.078138e-03
1.613720e-03
2.324561e-03
2.317194e-03
2.309827e-03
2.763836e-03
3.092840e-03
4.612141e-03
5.254718e-03
5.594696e-03
5.703357e-03
5.807055e-03
7.481371e-03
8.613837e-03
9.387006e-03
8.418296e-03
1.071354e-02
1.316986e-02
1.138627e-02
1.411186e-02
1.604229e-02
1.616152e-02
1.929136e-02
2.193944e-02
1.857449e-02
1.798522e-02
2.213266e-02
2.546576e-02
2.551896e-02
2.137456e-02
2.306343e-02
2.456155e-02
2.856802e-02
2.928536e-02
2.816133e-02
2.481424e-02
2.663200e-02
3.142514e-02
3.051168e-02
3.044437e-02
3.028731e-02
2.683819e-02
3.037864e-02
3.259093e-02
3.320778e-02
3.308834e-02
3.015542e-02
3.041083e-02
3.136110e-02
3.381466e-02
3.360271e-02
3.241323e-02
3.235981e-02
3.370096e-02
3.437458e-02
3.472757e-02
3.473184e-02
3.391810e-02
3.340141e-02
3.333833e-02
3.333133e-02
3.426484e-02
3.495366e-02
3.485204e-02
3.414115e-02
3.454305e-02
3.522587e-02
3.526222e-02
3.515453e-02
3.508033e-02
3.438107e-02
3.480287e-02
3.519625e-02
3.530467e-02
3.524704e-02
3.540405e-02
3.546334e-02
3.554947e-02
3.559201e-02
3.560320e-02
3.570636e-02
3.594035e-02
3.588285e-02
3.588166e-02
3.580305e-02
