3.548978e-04
4.385310e-04
5.917107e-04
6.786266e-04
8.814421e-04
1.178092e-03
1.409117e-03
1.726950e-03
2.271538e-03
2.847758e-03
3.198245e-03
4.004313e-03
5.234295e-03
6.150268e-03
6.990179e-03
8.260362e-03
9.992444e-03
1.122085e-02
1.252220e-02
1.370140e-02
1.646880e-02
1.777006e-02
1.939786e-02
2.208132e-02
2.398929e-02
2.681278e-02
3.217955e-02
3.398840e-02
3.569044e-02
3.979138e-02
4.243948e-02
4.391309e-02
4.786802e-02
5.179051e-02
5.170718e-02
5.162385e-02
5.357880e-02
5.496023e-02
5.972489e-02
6.142628e-02
6.227918e-02
6.254490e-02
6.274319e-02
6.624781e-02
6.827642e-02
6.953276e-02
6.784733e-02
7.140873e-02
7.467001e-02
7.232817e-02
7.574391e-02
7.786660e-02
7.790248e-02
8.084925e-02
8.313516e-02
8.020291e-02
7.966553e-02
8.323712e-02
8.573323e-02
8.575636e-02
8.258610e-02
8.392984e-02
8.505942e-02
8.776869e-02
8.820058e-02
8.746614e-02
8.517879e-02
8.643281e-02
8.944501e-02
8.888767e-02
8.884969e-02
8.876108e-02
8.654877e-02
8.881366e-02
9.009585e-02
9.042718e-02
9.035357e-02
8.863252e-02
8.878393e-02
8.936017e-02
9.070816e-02
9.058397e-02
8.992442e-02
8.992150e-02
9.065981e-02
9.099358e-02
9.119681e-02
9.118985e-02
9.074318e-02
9.045266e-02
9.043495e-02
9.043298e-02
9.092728e-02
9.125126e-02
9.121023e-02
9.081241e-02
9.102485e-02
9.136198e-02
9.138449e-02
9.133329e-02
9.127992e-02
9.089241e-02
9.113044e-02
9.136194e-02
9.143422e-02
9.142253e-02
9.151441e-02
9.161799e-02
9.168877e-02
9.175593e-02
9.177525e-02
9.202418e-02
9.256767e-02
9.233501e-02
9.233227e-02
9.210984e-02
