0.000000e+00
-6.541592e-49
7.230700e-43
-1.085166e-41
-1.024884e-36
-1.232595e-32
1.817536e-26
1.646633e-07
4.290859e-07
8.797773e-07
1.289020e-06
2.682948e-06
6.439580e-06
1.089332e-05
1.658095e-05
2.855453e-05
5.321885e-05
7.776683e-05
1.112965e-04
1.493732e-04
2.728589e-04
3.500985e-04
4.678821e-04
7.185272e-04
9.430237e-04
1.364987e-03
2.492563e-03
2.993834e-03
3.519473e-03
5.047233e-03
6.262597e-03
7.022845e-03
9.394812e-03
1.227173e-02
1.220346e-02
1.213519e-02
1.377903e-02
1.502407e-02
2.001535e-02
2.201671e-02
2.308225e-02
2.341510e-02
2.367072e-02
2.858927e-02
3.175611e-02
3.384606e-02
3.104975e-02
3.722080e-02
4.350937e-02
3.885626e-02
4.575505e-02
5.049174e-02
5.060089e-02
5.787861e-02
6.392926e-02
5.613649e-02
5.480342e-02
6.423567e-02
7.152666e-02
7.158533e-02
6.240832e-02
6.619082e-02
6.951022e-02
7.800436e-02
7.941589e-02
7.700787e-02
6.988057e-02
7.375275e-02
8.374231e-02
8.178052e-02
8.165163e-02
8.135085e-02
7.397255e-02
8.154142e-02
8.603185e-02
8.724117e-02
8.698545e-02
8.093985e-02
8.147058e-02
8.346109e-02
8.837284e-02
8.793943e-02
8.550641e-02
8.544354e-02
8.813252e-02
8.944441e-02
9.014887e-02
9.014715e-02
8.851424e-02
8.743957e-02
8.734788e-02
8.733770e-02
8.918361e-02
9.054360e-02
9.036124e-02
8.888696e-02
8.971923e-02
9.104423e-02
9.110054e-02
9.089568e-02
9.073834e-02
8.933092e-02
9.018077e-02
9.097680e-02
9.117908e-02
9.106240e-02
9.141581e-02
9.151260e-02
9.167754e-02
9.175593e-02
9.177525e-02
9.202418e-02
9.256767e-02
9.233501e-02
9.233227e-02
9.210984e-02
