0.000000e+00
1.250794e-07
2.787990e-07
4.216821e-07
7.550954e-07
1.556426e-06
2.430449e-06
4.063364e-06
8.078681e-06
1.401923e-05
1.873950e-05
3.275289e-05
6.380773e-05
9.525137e-05
1.311599e-04
1.985566e-04
3.191963e-04
4.262408e-04
5.602803e-04
7.013425e-04
1.110748e-03
1.343406e-03
1.675106e-03
2.322408e-03
2.858733e-03
3.787998e-03
5.999240e-03
6.895186e-03
7.801982e-03
1.027557e-02
1.210959e-02
1.321220e-02
1.648337e-02
2.019237e-02
2.010638e-02
2.002039e-02
2.204509e-02
2.354091e-02
2.924212e-02
3.144247e-02
3.258517e-02
3.294263e-02
3.322132e-02
3.830737e-02
4.146532e-02
4.351208e-02
4.077241e-02
4.671551e-02
5.256501e-02
4.827703e-02
5.458870e-02
5.878072e-02
5.886862e-02
6.508411e-02
7.012821e-02
6.363375e-02
6.250364e-02
7.038166e-02
7.625367e-02
7.630353e-02
6.887847e-02
7.197029e-02
7.464278e-02
8.133602e-02
8.242310e-02
8.056058e-02
7.493518e-02
7.800563e-02
8.572841e-02
8.423612e-02
8.413874e-02
8.391152e-02
7.828468e-02
8.404958e-02
8.745650e-02
8.836007e-02
8.816930e-02
8.359083e-02
8.399266e-02
8.550844e-02
8.919931e-02
8.887438e-02
8.705181e-02
8.700803e-02
8.903003e-02
8.999580e-02
9.051938e-02
9.051590e-02
8.929915e-02
8.850409e-02
8.843761e-02
8.843023e-02
8.980194e-02
9.079881e-02
9.065884e-02
8.956675e-02
9.018567e-02
9.115691e-02
9.119885e-02
9.105124e-02
9.093358e-02
8.988669e-02
9.052024e-02
9.111563e-02
9.126808e-02
9.119140e-02
9.145050e-02
9.154961e-02
9.168148e-02
9.175593e-02
9.177525e-02
9.202418e-02
9.256767e-02
9.233501e-02
9.233227e-02
9.210984e-02
