0.000000e+00
1.912371e-29
2.977909e-11
5.056168e-11
9.905722e-11
2.379846e-10
4.095963e-10
7.769498e-10
1.852759e-09
3.677543e-09
5.391139e-09
1.110632e-08
2.726085e-08
4.746629e-08
7.555671e-08
1.384618e-07
2.889180e-07
4.621670e-07
7.288145e-07
1.071825e-06
2.431731e-06
3.457219e-06
5.247608e-06
9.925198e-06
1.488081e-05
2.624381e-05
6.661389e-05
8.906164e-05
1.146261e-04
2.021183e-04
2.845786e-04
3.414875e-04
5.423515e-04
8.290750e-04
8.221435e-04
8.152120e-04
9.983201e-04
1.144065e-03
1.808318e-03
2.099229e-03
2.261348e-03
2.312161e-03
2.352599e-03
3.169575e-03
3.739291e-03
4.133627e-03
3.611225e-03
4.812010e-03
6.130153e-03
5.136319e-03
6.633043e-03
7.731284e-03
7.763790e-03
9.580410e-03
1.116369e-02
9.124368e-03
8.786001e-03
1.124689e-02
1.328617e-02
1.330437e-02
1.075439e-02
1.178043e-02
1.270603e-02
1.519113e-02
1.562195e-02
1.489621e-02
1.281209e-02
1.393317e-02
1.695218e-02
1.634547e-02
1.630475e-02
1.620974e-02
1.402913e-02
1.626625e-02
1.767131e-02
1.805482e-02
1.797339e-02
1.608267e-02
1.624698e-02
1.686073e-02
1.841263e-02
1.827182e-02
1.749856e-02
1.747878e-02
1.833831e-02
1.875649e-02
1.898677e-02
1.898590e-02
1.845530e-02
1.811206e-02
1.808206e-02
1.807873e-02
1.867320e-02
1.910942e-02
1.904790e-02
1.857370e-02
1.884040e-02
1.927242e-02
1.929409e-02
1.922895e-02
1.917435e-02
1.871607e-02
1.898950e-02
1.924222e-02
1.929691e-02
1.925714e-02
1.935387e-02
1.939151e-02
1.943526e-02
1.945644e-02
1.946239e-02
1.949113e-02
1.956459e-02
1.950721e-02
1.950612e-02
1.944137e-02
