0.000000e+00
-1.407928e-86
-1.227178e-81
-8.275625e-80
-1.122702e-76
-4.674994e-69
6.540072e-64
1.036132e-58
-6.035907e-54
-2.001366e-46
3.587324e-43
3.700456e-35
8.036520e-30
2.422274e-11
5.001006e-11
1.255388e-10
3.691432e-10
7.208731e-10
1.357268e-09
2.298540e-09
6.849207e-09
1.091168e-08
1.891205e-08
4.451434e-08
7.649383e-08
1.695578e-07
6.650637e-07
1.054392e-06
1.562807e-06
3.941379e-06
7.066210e-06
9.705831e-06
2.202741e-05
4.753616e-05
4.682472e-05
4.611328e-05
6.693586e-05
8.609923e-05
2.037020e-04
2.676285e-04
3.079137e-04
3.206119e-04
3.313033e-04
5.825234e-04
7.978074e-04
9.654909e-04
7.462641e-04
1.307840e-03
2.053429e-03
1.462174e-03
2.388514e-03
3.207454e-03
3.241368e-03
4.890610e-03
6.530117e-03
4.417725e-03
4.107248e-03
6.627896e-03
9.164146e-03
9.187849e-03
6.075515e-03
7.252605e-03
8.402158e-03
1.190985e-02
1.258094e-02
1.146327e-02
8.542295e-03
1.008469e-02
1.478387e-02
1.375870e-02
1.369204e-02
1.353648e-02
1.020091e-02
1.363011e-02
1.605058e-02
1.675202e-02
1.660412e-02
1.333999e-02
1.362100e-02
1.464736e-02
1.743791e-02
1.717650e-02
1.576116e-02
1.571919e-02
1.728646e-02
1.809287e-02
1.852938e-02
1.853061e-02
1.752097e-02
1.688073e-02
1.681943e-02
1.681262e-02
1.793324e-02
1.880052e-02
1.867502e-02
1.776255e-02
1.827915e-02
1.912743e-02
1.916669e-02
1.903417e-02
1.893639e-02
1.805052e-02
1.857775e-02
1.907139e-02
1.918303e-02
1.909895e-02
1.930945e-02
1.934540e-02
1.942980e-02
1.945644e-02
1.946239e-02
1.949113e-02
1.956459e-02
1.950721e-02
1.950612e-02
1.944137e-02
