0.000000e+00
1.297572e-86
-8.041720e-80
-2.422597e-78
4.817255e-74
3.758107e-69
1.286649e-63
3.173738e-59
-4.704745e-52
1.055079e-45
1.259151e-40
-1.081455e-34
-4.841634e-28
1.102134e-10
2.220652e-10
5.142995e-10
1.403708e-09
2.648426e-09
4.779035e-09
7.844250e-09
2.135270e-08
3.313989e-08
5.468629e-08
1.220290e-07
2.001112e-07
4.205909e-07
1.470496e-06
2.262535e-06
3.234045e-06
7.636941e-06
1.305195e-05
1.763607e-05
3.747165e-05
7.573148e-05
7.511141e-05
7.449134e-05
1.056283e-04
1.320936e-04
2.941813e-04
3.796366e-04
4.310283e-04
4.474544e-04
4.631374e-04
7.762104e-04
1.035359e-03
1.233965e-03
9.830571e-04
1.633245e-03
2.471567e-03
1.824211e-03
2.845440e-03
3.711412e-03
3.767049e-03
5.466291e-03
7.101208e-03
5.009586e-03
4.684268e-03
7.219583e-03
9.674900e-03
9.710930e-03
6.699206e-03
7.853757e-03
8.959073e-03
1.228600e-02
1.293322e-02
1.190790e-02
9.133706e-03
1.060702e-02
1.498501e-02
1.407213e-02
1.400744e-02
1.385649e-02
1.074572e-02
1.394108e-02
1.616260e-02
1.681213e-02
1.668350e-02
1.371166e-02
1.396688e-02
1.490136e-02
1.745849e-02
1.722647e-02
1.595208e-02
1.589847e-02
1.732326e-02
1.806387e-02
1.845602e-02
1.845945e-02
1.755364e-02
1.698544e-02
1.691861e-02
1.691118e-02
1.793044e-02
1.871377e-02
1.859602e-02
1.779250e-02
1.824541e-02
1.901779e-02
1.905495e-02
1.893213e-02
1.884904e-02
1.805764e-02
1.852859e-02
1.897065e-02
1.908093e-02
1.900779e-02
1.918933e-02
1.922800e-02
1.931262e-02
1.934189e-02
1.934876e-02
1.938746e-02
1.948142e-02
1.943769e-02
1.943672e-02
1.937967e-02
