0.000000e+00
1.131055e-87
-8.308570e-80
5.395497e-78
-4.235177e-74
-7.353211e-69
7.700905e-63
1.667768e-57
-3.001640e-52
9.442343e-47
9.226598e-40
-6.360835e-34
4.890938e-29
1.538260e-10
3.321597e-10
8.286941e-10
2.563377e-09
5.378999e-09
1.080083e-08
1.964394e-08
6.613272e-08
1.137338e-07
2.115382e-07
5.587920e-07
1.003834e-06
2.372829e-06
9.094608e-06
1.415865e-05
2.016244e-05
4.547409e-05
7.396111e-05
9.797816e-05
1.879342e-04
3.391372e-04
3.389540e-04
3.387709e-04
4.546995e-04
5.444653e-04
1.054948e-03
1.305101e-03
1.445512e-03
1.491114e-03
1.540469e-03
2.329071e-03
2.936796e-03
3.380060e-03
2.845582e-03
4.235672e-03
5.910559e-03
4.680641e-03
6.634996e-03
8.186285e-03
8.323328e-03
1.114611e-02
1.371882e-02
1.048304e-02
9.950189e-03
1.396055e-02
1.757205e-02
1.766164e-02
1.324000e-02
1.498503e-02
1.660299e-02
2.129271e-02
2.221740e-02
2.085664e-02
1.695433e-02
1.905900e-02
2.502113e-02
2.386582e-02
2.377756e-02
2.357160e-02
1.933517e-02
2.367776e-02
2.661474e-02
2.748823e-02
2.734100e-02
2.346774e-02
2.380070e-02
2.502499e-02
2.839358e-02
2.810548e-02
2.647972e-02
2.637753e-02
2.822972e-02
2.920263e-02
2.970281e-02
2.971429e-02
2.857037e-02
2.786028e-02
2.776204e-02
2.775113e-02
2.906736e-02
3.007237e-02
2.991313e-02
2.892842e-02
2.948876e-02
3.048785e-02
3.053890e-02
3.037503e-02
3.028350e-02
2.929766e-02
2.989147e-02
3.045200e-02
3.061326e-02
3.052945e-02
3.076111e-02
3.081771e-02
3.095009e-02
3.099849e-02
3.101014e-02
3.112294e-02
3.137048e-02
3.135301e-02
3.135188e-02
3.129765e-02
