1.163440e-08
1.750156e-08
3.100216e-08
4.234225e-08
6.880402e-08
1.251533e-07
1.828861e-07
2.880308e-07
5.435408e-07
9.160161e-07
1.223325e-06
2.144893e-06
4.322963e-06
6.660518e-06
9.494105e-06
1.506446e-05
2.586806e-05
3.612918e-05
4.962045e-05
6.449477e-05
1.106704e-04
1.385735e-04
1.799064e-04
2.654725e-04
3.395814e-04
4.748273e-04
8.193676e-04
9.670740e-04
1.119006e-03
1.550161e-03
1.881772e-03
2.085714e-03
2.705663e-03
3.431532e-03
3.415407e-03
3.399282e-03
3.806076e-03
4.106198e-03
5.290012e-03
5.753531e-03
5.995684e-03
6.071387e-03
6.130027e-03
7.228932e-03
7.919150e-03
8.369804e-03
7.769633e-03
9.085651e-03
1.039587e-02
9.433331e-03
1.085654e-02
1.180660e-02
1.182895e-02
1.326069e-02
1.442985e-02
1.292583e-02
1.265998e-02
1.448489e-02
1.586052e-02
1.587253e-02
1.413748e-02
1.485417e-02
1.547651e-02
1.705105e-02
1.731053e-02
1.687064e-02
1.554480e-02
1.626298e-02
1.808401e-02
1.773380e-02
1.770946e-02
1.765266e-02
1.632585e-02
1.768550e-02
1.849058e-02
1.870262e-02
1.865585e-02
1.757393e-02
1.766828e-02
1.802466e-02
1.888944e-02
1.880916e-02
1.838344e-02
1.837455e-02
1.885404e-02
1.907660e-02
1.920439e-02
1.920280e-02
1.891070e-02
1.872269e-02
1.870766e-02
1.870599e-02
1.903070e-02
1.925529e-02
1.922443e-02
1.896834e-02
1.910905e-02
1.934013e-02
1.935371e-02
1.932088e-02
1.928625e-02
1.903575e-02
1.918596e-02
1.932337e-02
1.935024e-02
1.933168e-02
1.937426e-02
1.941358e-02
1.943778e-02
1.945644e-02
1.946239e-02
1.949113e-02
1.956459e-02
1.950721e-02
1.950612e-02
1.944137e-02
