0.000000e+00
2.077425e-43
-8.353357e-37
-3.552344e-35
3.786378e-31
-1.134950e-25
1.693404e-07
3.234763e-07
7.662788e-07
1.520483e-06
2.187373e-06
4.397968e-06
1.012897e-05
1.671529e-05
2.494236e-05
4.187505e-05
7.579411e-05
1.088057e-04
1.531204e-04
2.026958e-04
3.599752e-04
4.565171e-04
6.017504e-04
9.056884e-04
1.173696e-03
1.669574e-03
2.964472e-03
3.529761e-03
4.118418e-03
5.808174e-03
7.065181e-03
7.956790e-03
1.049940e-02
1.354237e-02
1.347002e-02
1.339767e-02
1.512101e-02
1.642027e-02
2.157542e-02
2.362531e-02
2.471358e-02
2.505342e-02
2.531356e-02
3.029652e-02
3.347968e-02
3.557591e-02
3.277254e-02
3.893730e-02
4.517421e-02
4.056660e-02
4.738752e-02
5.204050e-02
5.214487e-02
5.924241e-02
6.512004e-02
5.755193e-02
5.625499e-02
6.541400e-02
7.244062e-02
7.250386e-02
6.364562e-02
6.730194e-02
7.050287e-02
7.865966e-02
8.000685e-02
7.770439e-02
7.086227e-02
7.458267e-02
8.413807e-02
8.226152e-02
8.213916e-02
8.185362e-02
7.492060e-02
8.203793e-02
8.631623e-02
8.745980e-02
8.722001e-02
8.146252e-02
8.196758e-02
8.386280e-02
8.854078e-02
8.812982e-02
8.581425e-02
8.575549e-02
8.831246e-02
8.955752e-02
9.021883e-02
9.021971e-02
8.867029e-02
8.765367e-02
8.756436e-02
8.755444e-02
8.930692e-02
9.059836e-02
9.041916e-02
8.902480e-02
8.981301e-02
9.106224e-02
9.111481e-02
9.092526e-02
9.077674e-02
8.944341e-02
9.024749e-02
9.100528e-02
9.119700e-02
9.108828e-02
9.142399e-02
9.152102e-02
9.167839e-02
9.175593e-02
9.177525e-02
9.202418e-02
9.256767e-02
9.233501e-02
9.233227e-02
9.210984e-02
