0.000000e+00
1.804519e-29
4.633978e-11
8.016947e-11
1.591100e-10
3.958168e-10
7.010582e-10
1.388361e-09
3.564749e-09
7.637810e-09
1.170193e-08
2.682309e-08
7.588956e-08
1.446680e-07
2.460600e-07
4.926189e-07
1.113703e-06
1.845602e-06
2.984159e-06
4.440678e-06
1.007624e-05
1.417544e-05
2.112624e-05
3.822428e-05
5.549979e-05
9.259976e-05
2.118997e-04
2.731300e-04
3.407534e-04
5.579105e-04
7.496189e-04
8.771008e-04
1.304423e-03
1.875239e-03
1.861708e-03
1.848177e-03
2.196666e-03
2.468270e-03
3.641372e-03
4.136651e-03
4.407247e-03
4.491979e-03
4.558738e-03
5.872060e-03
6.756986e-03
7.357546e-03
6.560339e-03
8.362461e-03
1.027829e-02
8.847217e-03
1.098970e-02
1.251645e-02
1.255845e-02
1.500217e-02
1.708815e-02
1.440348e-02
1.395155e-02
1.719750e-02
1.980460e-02
1.982780e-02
1.655871e-02
1.788844e-02
1.907327e-02
2.218707e-02
2.271774e-02
2.182099e-02
1.920897e-02
2.062025e-02
2.434716e-02
2.360709e-02
2.355780e-02
2.344278e-02
2.074602e-02
2.351312e-02
2.522006e-02
2.568257e-02
2.558470e-02
2.328927e-02
2.348965e-02
2.423917e-02
2.611473e-02
2.594622e-02
2.501489e-02
2.499168e-02
2.602652e-02
2.652765e-02
2.680331e-02
2.680227e-02
2.616848e-02
2.575655e-02
2.572139e-02
2.571748e-02
2.642948e-02
2.695159e-02
2.687854e-02
2.631166e-02
2.663102e-02
2.714594e-02
2.717136e-02
2.709409e-02
2.702977e-02
2.648331e-02
2.681088e-02
2.711433e-02
2.718311e-02
2.713705e-02
2.725701e-02
2.730267e-02
2.735856e-02
2.738657e-02
2.739433e-02
2.744934e-02
2.758024e-02
2.750902e-02
2.750776e-02
2.742795e-02
