1.066082e-04
1.403838e-04
2.036600e-04
2.430209e-04
3.348683e-04
4.780273e-04
5.959464e-04
7.691625e-04
1.085881e-03
1.419527e-03
1.658254e-03
2.167151e-03
2.998736e-03
3.641946e-03
4.293696e-03
5.219472e-03
6.567908e-03
7.585116e-03
8.661208e-03
9.669712e-03
1.199908e-02
1.317561e-02
1.458825e-02
1.708934e-02
1.880637e-02
2.151401e-02
2.658249e-02
2.843437e-02
3.003393e-02
3.413512e-02
3.675845e-02
3.835408e-02
4.234364e-02
4.628933e-02
4.628823e-02
4.628712e-02
4.840673e-02
4.972306e-02
5.487837e-02
5.672041e-02
5.759420e-02
5.787602e-02
5.816542e-02
6.188763e-02
6.406307e-02
6.544413e-02
6.378968e-02
6.758861e-02
7.114967e-02
6.872100e-02
7.239004e-02
7.468297e-02
7.484262e-02
7.809679e-02
8.061334e-02
7.747223e-02
7.686236e-02
8.080704e-02
8.359070e-02
8.364927e-02
8.018678e-02
8.165471e-02
8.289311e-02
8.595759e-02
8.648086e-02
8.569510e-02
8.314822e-02
8.455553e-02
8.796283e-02
8.737946e-02
8.733188e-02
8.722086e-02
8.475794e-02
8.729030e-02
8.875751e-02
8.915583e-02
8.908401e-02
8.717188e-02
8.734189e-02
8.797800e-02
8.954946e-02
8.941719e-02
8.868684e-02
8.865637e-02
8.950928e-02
8.991981e-02
9.014672e-02
9.014917e-02
8.964939e-02
8.933927e-02
8.930579e-02
8.930207e-02
8.987869e-02
9.026986e-02
9.021677e-02
8.979320e-02
9.002679e-02
9.044176e-02
9.047300e-02
9.040970e-02
9.035838e-02
8.992989e-02
9.020118e-02
9.046640e-02
9.056612e-02
9.055366e-02
9.066122e-02
9.077226e-02
9.086834e-02
9.095118e-02
9.097515e-02
9.128112e-02
9.194765e-02
9.180120e-02
9.179917e-02
9.162769e-02
