7.502401e-06
1.074422e-05
1.774650e-05
2.283742e-05
3.471692e-05
5.655007e-05
7.638976e-05
1.077878e-04
1.711705e-04
2.493514e-04
3.032497e-04
4.423560e-04
6.943066e-04
9.104447e-04
1.129978e-03
1.496247e-03
2.062549e-03
2.507889e-03
3.017728e-03
3.512504e-03
4.793214e-03
5.450791e-03
6.322597e-03
7.881731e-03
9.070564e-03
1.096200e-02
1.494997e-02
1.641390e-02
1.783934e-02
2.147788e-02
2.398116e-02
2.542558e-02
2.948593e-02
3.377141e-02
3.367528e-02
3.357916e-02
3.580846e-02
3.741600e-02
4.321740e-02
4.536351e-02
4.645132e-02
4.679159e-02
4.705668e-02
5.172369e-02
5.451171e-02
5.627618e-02
5.391048e-02
5.896432e-02
6.375270e-02
6.028172e-02
6.536458e-02
6.862130e-02
6.868182e-02
7.334071e-02
7.703265e-02
7.229242e-02
7.144032e-02
7.720731e-02
8.135246e-02
8.139153e-02
7.613093e-02
7.834598e-02
8.023456e-02
8.483772e-02
8.557203e-02
8.431129e-02
8.043731e-02
8.255665e-02
8.777419e-02
8.677899e-02
8.671445e-02
8.656386e-02
8.275465e-02
8.665802e-02
8.890937e-02
8.950265e-02
8.937541e-02
8.634342e-02
8.661108e-02
8.762172e-02
9.003226e-02
8.981702e-02
8.863579e-02
8.860981e-02
8.992778e-02
9.054840e-02
9.089830e-02
9.089403e-02
9.009743e-02
8.957794e-02
8.954290e-02
8.953901e-02
9.042749e-02
9.105219e-02
9.096060e-02
9.025484e-02
9.064672e-02
9.127413e-02
9.130183e-02
9.120820e-02
9.112538e-02
9.044260e-02
9.085795e-02
9.125197e-02
9.135756e-02
9.131771e-02
9.148300e-02
9.158692e-02
9.168620e-02
9.175593e-02
9.177525e-02
9.202418e-02
9.256767e-02
9.233501e-02
9.233227e-02
9.210984e-02
