0.000000e+00
-1.080121e-63
1.680214e-57
-4.302941e-55
3.001640e-52
1.555250e-45
-1.668106e-40
7.010648e-35
2.317279e-30
7.003099e-11
1.210015e-10
2.985268e-10
9.171527e-10
1.810720e-09
3.295479e-09
6.564211e-09
1.523658e-08
2.636110e-08
4.371559e-08
6.739084e-08
1.605710e-07
2.384236e-07
3.733335e-07
7.761901e-07
1.221509e-06
2.427277e-06
7.537089e-06
1.109435e-05
1.521234e-05
3.203055e-05
5.042903e-05
6.551202e-05
1.221772e-04
2.167808e-04
2.162620e-04
2.157432e-04
2.872423e-04
3.431388e-04
6.574484e-04
8.108226e-04
8.975517e-04
9.255331e-04
9.543463e-04
1.442117e-03
1.817591e-03
2.091725e-03
1.754518e-03
2.617176e-03
3.656311e-03
2.883900e-03
4.101326e-03
5.068348e-03
5.142385e-03
6.903987e-03
8.515231e-03
6.476701e-03
6.142974e-03
8.651460e-03
1.091371e-02
1.096187e-02
8.183804e-03
9.277060e-03
1.029233e-02
1.322685e-02
1.379527e-02
1.293599e-02
1.048958e-02
1.180406e-02
1.553165e-02
1.479835e-02
1.474364e-02
1.461597e-02
1.195989e-02
1.468290e-02
1.651437e-02
1.704914e-02
1.695463e-02
1.452976e-02
1.473844e-02
1.550716e-02
1.759553e-02
1.741392e-02
1.639734e-02
1.634325e-02
1.749524e-02
1.809181e-02
1.840603e-02
1.841022e-02
1.769553e-02
1.724864e-02
1.719298e-02
1.718680e-02
1.800387e-02
1.862112e-02
1.852548e-02
1.790554e-02
1.825711e-02
1.887438e-02
1.890706e-02
1.880852e-02
1.874688e-02
1.812872e-02
1.850066e-02
1.884755e-02
1.894082e-02
1.888822e-02
1.902607e-02
1.906782e-02
1.914384e-02
1.917391e-02
1.918176e-02
1.923716e-02
1.936148e-02
1.933844e-02
1.933746e-02
1.929049e-02
