0.000000e+00
4.056471e-29
5.752731e-11
9.422779e-11
1.798672e-10
4.089298e-10
6.806458e-10
1.247271e-09
2.842802e-09
5.296761e-09
7.720857e-09
1.476828e-08
3.304817e-08
5.376614e-08
8.204088e-08
1.353991e-07
2.489994e-07
3.678659e-07
5.294202e-07
7.207456e-07
1.354032e-06
1.793764e-06
2.469613e-06
4.163836e-06
5.778137e-06
9.419727e-06
2.170196e-05
2.876572e-05
3.655041e-05
6.494595e-05
9.258233e-05
1.127904e-04
1.859236e-04
2.967745e-04
2.950071e-04
2.932397e-04
3.698773e-04
4.290578e-04
7.309506e-04
8.690220e-04
9.461290e-04
9.706136e-04
9.926977e-04
1.405899e-03
1.707278e-03
1.921930e-03
1.646353e-03
2.310389e-03
3.073341e-03
2.498723e-03
3.379793e-03
4.048054e-03
4.082329e-03
5.249240e-03
6.289705e-03
4.955264e-03
4.732646e-03
6.354614e-03
7.756464e-03
7.774414e-03
6.033959e-03
6.723992e-03
7.354601e-03
9.116611e-03
9.437636e-03
8.920206e-03
7.444325e-03
8.234808e-03
1.041916e-02
9.982540e-03
9.951284e-03
9.878349e-03
8.307095e-03
9.918281e-03
1.096058e-02
1.125254e-02
1.119330e-02
9.798081e-03
9.918259e-03
1.036559e-02
1.153033e-02
1.142483e-02
1.084960e-02
1.082860e-02
1.147489e-02
1.179637e-02
1.196975e-02
1.197070e-02
1.156851e-02
1.131392e-02
1.128658e-02
1.128354e-02
1.173606e-02
1.206843e-02
1.201928e-02
1.166639e-02
1.186353e-02
1.219772e-02
1.221548e-02
1.216418e-02
1.212366e-02
1.177513e-02
1.198226e-02
1.217342e-02
1.221645e-02
1.218554e-02
1.225271e-02
1.228492e-02
1.231832e-02
1.233484e-02
1.233968e-02
1.235078e-02
1.238298e-02
1.234227e-02
1.234141e-02
1.229223e-02
