3.210373e-10
5.302424e-10
1.057405e-09
1.555496e-09
2.717776e-09
5.418701e-09
8.315839e-09
1.377854e-08
2.749746e-08
4.765769e-08
6.483499e-08
1.159422e-07
2.401468e-07
3.773594e-07
5.523679e-07
9.075474e-07
1.662430e-06
2.448245e-06
3.562170e-06
4.893142e-06
9.599536e-06
1.282042e-05
1.804215e-05
3.043912e-05
4.249375e-05
6.767990e-05
1.458649e-04
1.851150e-04
2.280554e-04
3.648364e-04
4.839482e-04
5.624249e-04
8.243606e-04
1.170867e-03
1.162759e-03
1.154652e-03
1.365348e-03
1.527603e-03
2.229607e-03
2.523823e-03
2.683718e-03
2.733765e-03
2.773028e-03
3.548162e-03
4.067101e-03
4.418327e-03
3.951790e-03
5.004493e-03
6.117862e-03
5.285983e-03
6.529232e-03
7.407563e-03
7.431742e-03
8.835043e-03
1.002774e-02
8.491244e-03
8.229290e-03
1.008678e-02
1.157118e-02
1.158342e-02
9.720508e-03
1.047737e-02
1.114928e-02
1.291441e-02
1.321407e-02
1.270816e-02
1.122456e-02
1.202391e-02
1.412612e-02
1.371102e-02
1.368257e-02
1.361619e-02
1.209048e-02
1.365443e-02
1.461341e-02
1.487123e-02
1.481559e-02
1.352438e-02
1.363675e-02
1.405826e-02
1.510494e-02
1.500900e-02
1.449015e-02
1.447761e-02
1.505813e-02
1.533435e-02
1.548855e-02
1.548786e-02
1.513118e-02
1.490052e-02
1.488063e-02
1.487842e-02
1.527726e-02
1.556199e-02
1.552216e-02
1.520587e-02
1.538206e-02
1.566846e-02
1.568448e-02
1.564194e-02
1.560181e-02
1.529472e-02
1.547752e-02
1.564579e-02
1.567860e-02
1.565357e-02
1.571066e-02
1.574575e-02
1.577308e-02
1.578968e-02
1.579475e-02
1.581097e-02
1.585683e-02
1.580469e-02
1.580369e-02
1.574527e-02
