0.000000e+00
-1.083148e-40
-3.211451e-35
1.068289e-33
1.617165e-29
2.520263e-11
4.545277e-11
9.094631e-11
2.319274e-10
4.819389e-10
7.249155e-10
1.550276e-09
3.923657e-09
6.878557e-09
1.095721e-08
1.968005e-08
3.933953e-08
6.065724e-08
9.122870e-08
1.282862e-07
2.591608e-07
3.500942e-07
4.956376e-07
8.532206e-07
1.200573e-06
1.961747e-06
4.522501e-06
5.962645e-06
7.593293e-06
1.362772e-05
1.977521e-05
2.429690e-05
4.222374e-05
7.253122e-05
7.179701e-05
7.106280e-05
9.328273e-05
1.118549e-04
2.154380e-04
2.669054e-04
2.976399e-04
3.073102e-04
3.153096e-04
4.952027e-04
6.388192e-04
7.464589e-04
6.048814e-04
9.546322e-04
1.392400e-03
1.049353e-03
1.578978e-03
2.019150e-03
2.036248e-03
2.876917e-03
3.679516e-03
2.642905e-03
2.482295e-03
3.722587e-03
4.901441e-03
4.912046e-03
3.455495e-03
4.014126e-03
4.546826e-03
6.117883e-03
6.410580e-03
5.922632e-03
4.607816e-03
5.302842e-03
7.344820e-03
6.911566e-03
6.882051e-03
6.813179e-03
5.352012e-03
6.850924e-03
7.870823e-03
8.159942e-03
8.097763e-03
6.721073e-03
6.838968e-03
7.275003e-03
8.431830e-03
8.322965e-03
7.738730e-03
7.721480e-03
8.371044e-03
8.696964e-03
8.875554e-03
8.875108e-03
8.460370e-03
8.196875e-03
8.171307e-03
8.168467e-03
8.628587e-03
8.971977e-03
8.922238e-03
8.550811e-03
8.758477e-03
9.101463e-03
9.118726e-03
9.065442e-03
9.022247e-03
8.659345e-03
8.873806e-03
9.071490e-03
9.111295e-03
9.077725e-03
9.150208e-03
9.176172e-03
9.206072e-03
9.218053e-03
9.221471e-03
9.215731e-03
9.211950e-03
9.167663e-03
9.166813e-03
9.119207e-03
