0.000000e+00
3.203924e-52
-1.190556e-46
-7.146622e-44
3.662658e-40
-6.195325e-34
-1.552084e-28
9.364317e-11
2.671407e-10
5.664932e-10
8.912117e-10
1.954935e-09
5.163344e-09
9.278141e-09
1.538132e-08
2.810643e-08
5.828029e-08
9.284665e-08
1.434682e-07
2.073577e-07
4.407970e-07
6.167386e-07
9.061080e-07
1.693228e-06
2.506957e-06
4.504213e-06
1.215611e-05
1.698065e-05
2.250154e-05
4.390344e-05
6.619055e-05
8.316647e-05
1.472983e-04
2.503697e-04
2.487451e-04
2.471205e-04
3.211749e-04
3.797620e-04
6.902308e-04
8.369899e-04
9.203641e-04
9.468916e-04
9.712458e-04
1.429274e-03
1.772755e-03
2.021233e-03
1.704268e-03
2.481247e-03
3.395985e-03
2.704780e-03
3.772350e-03
4.601934e-03
4.647975e-03
6.130057e-03
7.472195e-03
5.753975e-03
5.471697e-03
7.561660e-03
9.410667e-03
9.435647e-03
7.147378e-03
8.049372e-03
8.882150e-03
1.124310e-02
1.167984e-02
1.098061e-02
9.006172e-03
1.006327e-02
1.302695e-02
1.243039e-02
1.238776e-02
1.228826e-02
1.016368e-02
1.234409e-02
1.377774e-02
1.418340e-02
1.410163e-02
1.218577e-02
1.235097e-02
1.296293e-02
1.457723e-02
1.443198e-02
1.363410e-02
1.360269e-02
1.449734e-02
1.494925e-02
1.519051e-02
1.519213e-02
1.463431e-02
1.428119e-02
1.424125e-02
1.423682e-02
1.486729e-02
1.533653e-02
1.526724e-02
1.477507e-02
1.505233e-02
1.551945e-02
1.554408e-02
1.547039e-02
1.541654e-02
1.493283e-02
1.522128e-02
1.548881e-02
1.555300e-02
1.550988e-02
1.561136e-02
1.564760e-02
1.569700e-02
1.571853e-02
1.572435e-02
1.574858e-02
1.581042e-02
1.576840e-02
1.576748e-02
1.571456e-02
