7.034837e-17
1.951684e-16
7.629093e-16
2.011336e-15
4.924502e-15
1.907812e-14
4.398071e-14
1.179021e-13
4.397701e-13
1.214811e-12
2.140285e-12
6.180488e-12
2.233972e-11
4.844948e-11
9.146735e-11
2.039768e-10
5.215488e-10
9.342017e-10
1.615620e-09
2.547416e-09
6.463799e-09
9.591370e-09
1.513710e-08
3.046680e-08
4.697683e-08
8.695368e-08
2.369333e-07
3.269645e-07
4.294258e-07
8.142052e-07
1.202198e-06
1.490797e-06
2.587252e-06
4.365109e-06
4.339551e-06
4.313992e-06
5.639422e-06
6.656993e-06
1.281986e-05
1.593051e-05
1.775486e-05
1.833632e-05
1.887820e-05
3.076739e-05
4.128481e-05
4.981511e-05
3.883612e-05
6.949029e-05
1.157200e-04
7.747364e-05
1.395619e-04
2.051912e-04
2.096393e-04
3.878491e-04
6.030892e-04
3.257947e-04
2.903550e-04
6.153267e-04
1.064977e-03
1.069142e-03
5.314006e-04
7.102636e-04
9.098967e-04
1.687021e-03
1.864469e-03
1.574603e-03
9.329047e-04
1.256636e-03
2.499155e-03
2.188743e-03
2.168162e-03
2.120137e-03
1.265505e-03
2.143052e-03
2.905816e-03
3.148289e-03
3.095184e-03
2.056072e-03
2.141791e-03
2.446911e-03
3.386973e-03
3.289455e-03
2.794582e-03
2.777526e-03
3.325528e-03
3.626494e-03
3.794431e-03
3.793670e-03
3.405674e-03
3.171368e-03
3.146667e-03
3.143923e-03
3.558834e-03
3.890664e-03
3.839027e-03
3.486358e-03
3.681343e-03
4.015454e-03
4.031439e-03
3.975926e-03
3.934760e-03
3.584046e-03
3.787638e-03
3.980970e-03
4.019759e-03
3.983549e-03
4.058307e-03
4.073540e-03
4.101389e-03
4.107567e-03
4.109071e-03
4.081763e-03
4.026955e-03
3.975883e-03
3.975148e-03
3.930808e-03
