6.390098e-09
9.000050e-09
1.447280e-08
1.842057e-08
2.763257e-08
4.429646e-08
5.933186e-08
8.351956e-08
1.336818e-07
1.938318e-07
2.394492e-07
3.509685e-07
5.637375e-07
7.513134e-07
9.596664e-07
1.294227e-06
1.857099e-06
2.336936e-06
2.896900e-06
3.472388e-06
5.033134e-06
5.919017e-06
7.103906e-06
9.547557e-06
1.147958e-05
1.505982e-05
2.453053e-05
2.938609e-05
3.467528e-05
5.476871e-05
7.695687e-05
9.541240e-05
1.736184e-04
3.278486e-04
3.252430e-04
3.226375e-04
4.490861e-04
5.685609e-04
1.267029e-03
1.661374e-03
1.912874e-03
1.994251e-03
2.079930e-03
3.567089e-03
4.846679e-03
5.873688e-03
4.685102e-03
8.023178e-03
1.246970e-02
9.262781e-03
1.070853e-03
1.366318e-03
1.389176e-03
1.957476e-03
2.514443e-03
1.833976e-03
1.738102e-03
2.604549e-03
3.450167e-03
3.487852e-03
2.480366e-03
2.901088e-03
3.312550e-03
4.492835e-03
4.749569e-03
4.426832e-03
3.470792e-03
4.033592e-03
5.684679e-03
5.397680e-03
5.388800e-03
5.368078e-03
4.244952e-03
5.496335e-03
6.372962e-03
6.666920e-03
6.663002e-03
5.612816e-03
5.744253e-03
6.141497e-03
7.283668e-03
7.210462e-03
6.766910e-03
6.820731e-03
7.465682e-03
7.810164e-03
8.048168e-03
8.116491e-03
7.795785e-03
7.614420e-03
7.655809e-03
7.660407e-03
8.158041e-03
8.596465e-03
8.642075e-03
8.347246e-03
8.628691e-03
9.209152e-03
9.287526e-03
9.313138e-03
9.330790e-03
9.016708e-03
9.310510e-03
9.637669e-03
9.867836e-03
9.901820e-03
1.016846e-02
1.037460e-02
1.063167e-02
1.086035e-02
1.092557e-02
1.215608e-02
1.517624e-02
1.749334e-02
1.750536e-02
1.884735e-02
