5.961702e-17
1.762062e-16
7.120919e-16
1.943161e-15
4.815822e-15
1.911266e-14
4.496722e-14
1.244141e-13
4.896898e-13
1.334901e-12
2.511757e-12
7.141625e-12
2.594252e-11
5.649046e-11
1.116501e-10
2.431170e-10
6.226551e-10
1.143175e-09
1.985528e-09
3.170406e-09
7.847948e-09
1.177360e-08
1.833613e-08
3.720779e-08
5.650334e-08
1.052657e-07
2.766976e-07
3.845803e-07
4.970967e-07
9.268851e-07
1.344192e-06
1.685538e-06
2.841863e-06
4.636309e-06
4.662272e-06
4.688234e-06
6.103727e-06
7.057245e-06
1.337773e-05
1.654766e-05
1.829812e-05
1.887450e-05
1.956072e-05
3.102937e-05
4.110083e-05
4.921435e-05
3.942711e-05
6.831416e-05
1.119085e-04
7.684235e-05
1.350643e-04
1.964336e-04
2.025834e-04
3.724688e-04
5.779594e-04
3.154936e-04
2.813043e-04
5.936216e-04
1.031125e-03
1.038475e-03
5.167638e-04
6.900540e-04
8.839269e-04
1.653036e-03
1.836153e-03
1.551307e-03
9.147598e-04
1.236864e-03
2.485581e-03
2.180008e-03
2.158741e-03
2.109115e-03
1.252357e-03
2.132366e-03
2.910100e-03
3.164065e-03
3.112954e-03
2.058705e-03
2.145707e-03
2.453828e-03
3.426939e-03
3.328379e-03
2.822975e-03
2.800688e-03
3.366932e-03
3.684449e-03
3.859609e-03
3.860934e-03
3.461160e-03
3.222877e-03
3.194986e-03
3.191888e-03
3.624999e-03
3.974083e-03
3.919108e-03
3.559821e-03
3.760229e-03
4.116064e-03
4.134215e-03
4.075336e-03
4.035554e-03
3.672717e-03
3.885338e-03
4.088675e-03
4.135864e-03
4.099620e-03
4.179887e-03
4.198046e-03
4.233976e-03
4.244197e-03
4.246631e-03
4.236160e-03
4.211314e-03
4.174366e-03
4.173676e-03
4.133847e-03
