1.090592e-15
2.626328e-15
8.573967e-15
1.893513e-14
4.311256e-14
1.393803e-13
2.874054e-13
6.734665e-13
2.107169e-12
5.111561e-12
8.355591e-12
2.097598e-11
6.401994e-11
1.254021e-10
2.177928e-10
4.369811e-10
9.874384e-10
1.638681e-09
2.636220e-09
3.915020e-09
8.776214e-09
1.235505e-08
1.832493e-08
3.350875e-08
4.874606e-08
8.281445e-08
1.959967e-07
2.580376e-07
3.260455e-07
5.623464e-07
7.813921e-07
9.388333e-07
1.487763e-06
2.289827e-06
2.283517e-06
2.277208e-06
2.839542e-06
3.239517e-06
5.498926e-06
6.545033e-06
7.110056e-06
7.292167e-06
7.478228e-06
1.082756e-05
1.344953e-05
1.539484e-05
1.296529e-05
1.943790e-05
2.799245e-05
2.129504e-05
3.203263e-05
4.214187e-05
4.337053e-05
7.534125e-05
1.244810e-04
6.336931e-05
5.692246e-05
1.317628e-04
3.204740e-04
3.284784e-04
1.114814e-04
1.703944e-04
2.611571e-04
2.724954e-04
3.125802e-04
2.524143e-04
2.920583e-04
1.950845e-04
4.825556e-04
3.996188e-04
3.944169e-04
3.822783e-04
1.953541e-04
3.909261e-04
6.274135e-04
7.202009e-04
7.040895e-04
3.773067e-04
4.051086e-04
4.948225e-04
8.543294e-04
8.144316e-04
6.243402e-04
6.221078e-04
8.507345e-04
9.979226e-04
1.091764e-03
1.101505e-03
9.170580e-04
8.162161e-04
8.114632e-04
8.109352e-04
1.020252e-03
1.218752e-03
1.204389e-03
1.019661e-03
1.139405e-03
1.383899e-03
1.405256e-03
1.384960e-03
1.372049e-03
1.163720e-03
1.304224e-03
1.457855e-03
1.528639e-03
1.517786e-03
1.625472e-03
1.672137e-03
1.753986e-03
1.814755e-03
1.831719e-03
2.194591e-03
3.395992e-03
4.654978e-03
4.662952e-03
5.564167e-03
