0.000000e+00
2.015265e-48
7.424079e-42
-1.528200e-40
5.549803e-36
-1.473722e-30
7.940611e-25
4.703557e-07
1.196785e-06
2.308922e-06
3.461820e-06
6.744730e-06
1.523424e-05
2.485771e-05
3.801480e-05
6.174290e-05
1.100267e-04
1.592935e-04
2.227270e-04
2.952923e-04
5.060757e-04
6.426714e-04
8.318706e-04
1.244877e-03
1.582223e-03
2.236879e-03
3.799113e-03
4.527338e-03
5.193723e-03
7.155727e-03
8.618968e-03
9.659029e-03
1.237273e-02
1.545446e-02
1.550205e-02
1.554964e-02
1.743481e-02
1.861057e-02
2.400551e-02
2.612181e-02
2.714378e-02
2.748129e-02
2.789092e-02
3.261318e-02
3.563359e-02
3.760881e-02
3.538259e-02
4.097571e-02
4.665739e-02
4.284667e-02
4.884504e-02
5.288798e-02
5.332978e-02
5.949634e-02
6.446680e-02
5.836852e-02
5.723260e-02
6.501891e-02
7.092562e-02
7.112848e-02
6.388479e-02
6.691212e-02
6.952903e-02
7.639695e-02
7.769889e-02
7.592818e-02
7.025608e-02
7.339767e-02
8.135865e-02
8.000711e-02
7.989110e-02
7.962038e-02
7.395151e-02
7.975632e-02
8.335938e-02
8.441306e-02
8.426332e-02
7.963125e-02
8.003597e-02
8.153355e-02
8.554129e-02
8.522917e-02
8.338968e-02
8.324271e-02
8.538888e-02
8.650942e-02
8.706522e-02
8.709002e-02
8.583380e-02
8.506276e-02
8.494455e-02
8.493141e-02
8.641544e-02
8.751591e-02
8.734111e-02
8.630317e-02
8.689747e-02
8.801147e-02
8.807868e-02
8.789845e-02
8.780765e-02
8.675160e-02
8.740472e-02
8.803248e-02
8.826067e-02
8.819452e-02
8.846117e-02
8.858477e-02
8.878761e-02
8.889289e-02
8.892123e-02
8.930311e-02
9.011497e-02
9.008190e-02
9.007994e-02
8.996930e-02
