7.378843e-16
1.763451e-15
5.535606e-15
1.181762e-14
2.647650e-14
8.160731e-14
1.637102e-13
3.744994e-13
1.139799e-12
2.624247e-12
4.327904e-12
1.030575e-11
2.988664e-11
5.664149e-11
9.799702e-11
1.874657e-10
4.072997e-10
6.661949e-10
1.047943e-09
1.532805e-09
3.254802e-09
4.525417e-09
6.514524e-09
1.160258e-08
1.639085e-08
2.710056e-08
5.989489e-08
7.782743e-08
9.602766e-08
1.591250e-07
2.144715e-07
2.556926e-07
3.872487e-07
5.680760e-07
5.699214e-07
5.717668e-07
7.003679e-07
7.818187e-07
1.261779e-06
1.475724e-06
1.584239e-06
1.620041e-06
1.663222e-06
2.291924e-06
2.763993e-06
3.102479e-06
2.703358e-06
3.788269e-06
5.139727e-06
4.133079e-06
5.745215e-06
7.047294e-06
7.249327e-06
1.027123e-05
1.340881e-05
9.401865e-06
8.720251e-06
1.365980e-05
2.001587e-05
2.019107e-05
1.255998e-05
1.501821e-05
1.764940e-05
2.971568e-05
3.326967e-05
2.832354e-05
1.821610e-05
2.311974e-05
4.653891e-05
4.011091e-05
3.955603e-05
3.826123e-05
2.303562e-05
3.842198e-05
5.715477e-05
6.470411e-05
6.311447e-05
3.704014e-05
3.890866e-05
4.534856e-05
7.293714e-05
6.952348e-05
5.441394e-05
5.334678e-05
7.037785e-05
8.200761e-05
8.885129e-05
8.884446e-05
7.348064e-05
6.560119e-05
6.424800e-05
6.409769e-05
7.941834e-05
9.325292e-05
9.065690e-05
7.669169e-05
8.398195e-05
9.940605e-05
1.003673e-04
9.747515e-05
9.559030e-05
8.011157e-05
8.869735e-05
9.761365e-05
9.980091e-05
9.799410e-05
1.011066e-04
1.024187e-04
1.040399e-04
1.045584e-04
1.047096e-04
1.031872e-04
1.004835e-04
9.947498e-05
9.943203e-05
9.771402e-05
