6.384019e-04
7.822061e-04
1.026405e-03
1.160129e-03
1.472169e-03
1.907547e-03
2.242600e-03
2.701243e-03
3.482726e-03
4.226392e-03
4.768957e-03
5.771971e-03
7.298870e-03
8.408761e-03
9.526604e-03
1.094595e-02
1.293116e-02
1.440747e-02
1.587922e-02
1.723862e-02
2.011851e-02
2.157295e-02
2.321836e-02
2.607844e-02
2.794076e-02
3.086690e-02
3.595185e-02
3.781258e-02
3.929672e-02
4.316509e-02
4.553038e-02
4.707077e-02
5.052380e-02
5.383265e-02
5.389100e-02
5.394934e-02
5.574737e-02
5.680074e-02
6.106049e-02
6.257843e-02
6.327213e-02
6.350155e-02
6.378252e-02
6.667061e-02
6.837148e-02
6.943692e-02
6.827097e-02
7.114193e-02
7.381498e-02
7.209601e-02
7.479973e-02
7.649796e-02
7.667477e-02
7.904229e-02
8.085304e-02
7.867592e-02
7.824986e-02
8.106351e-02
8.303677e-02
8.311697e-02
8.071215e-02
8.174925e-02
8.262468e-02
8.478618e-02
8.518424e-02
8.466498e-02
8.289710e-02
8.390237e-02
8.628123e-02
8.591163e-02
8.588107e-02
8.580976e-02
8.412014e-02
8.586886e-02
8.689954e-02
8.719563e-02
8.716076e-02
8.587255e-02
8.599443e-02
8.642993e-02
8.753711e-02
8.744805e-02
8.697126e-02
8.695373e-02
8.755428e-02
8.784363e-02
8.801104e-02
8.802331e-02
8.768742e-02
8.748489e-02
8.747000e-02
8.746834e-02
8.787567e-02
8.814078e-02
8.811290e-02
8.783890e-02
8.799741e-02
8.831366e-02
8.834493e-02
8.831229e-02
8.827529e-02
8.799081e-02
8.818412e-02
8.838348e-02
8.848063e-02
8.848540e-02
8.857162e-02
8.869861e-02
8.880091e-02
8.889289e-02
8.892123e-02
8.930311e-02
9.011497e-02
9.008190e-02
9.007994e-02
8.996930e-02
