8.165655e-16
1.956890e-15
6.092301e-15
1.288012e-14
2.871930e-14
8.784985e-14
1.759579e-13
4.009361e-13
1.222913e-12
2.778342e-12
4.666531e-12
1.091598e-11
3.125908e-11
5.898088e-11
1.031786e-10
1.944408e-10
4.194024e-10
6.904671e-10
1.084607e-09
1.591809e-09
3.334398e-09
4.648501e-09
6.661731e-09
1.186008e-08
1.667170e-08
2.763910e-08
6.042914e-08
7.883555e-08
9.697605e-08
1.598443e-07
2.145713e-07
2.575852e-07
3.873280e-07
5.639377e-07
5.681110e-07
5.722844e-07
7.007205e-07
7.787810e-07
1.257418e-06
1.471846e-06
1.578587e-06
1.614330e-06
1.661543e-06
2.280882e-06
2.749066e-06
3.083161e-06
2.703916e-06
3.772201e-06
5.108569e-06
4.132297e-06
5.719192e-06
7.007955e-06
7.228490e-06
1.022132e-05
1.332724e-05
9.390016e-06
8.716971e-06
1.360841e-05
1.990742e-05
2.010635e-05
1.255961e-05
1.499563e-05
1.760237e-05
2.956650e-05
3.311549e-05
2.825044e-05
1.822260e-05
2.309986e-05
4.626770e-05
3.998349e-05
3.943430e-05
3.815279e-05
2.306713e-05
3.830634e-05
5.675867e-05
6.418803e-05
6.266047e-05
3.702583e-05
3.886734e-05
4.521990e-05
7.233783e-05
6.901735e-05
5.423401e-05
5.315428e-05
6.986946e-05
8.124686e-05
8.791774e-05
8.792327e-05
7.296465e-05
6.527904e-05
6.394859e-05
6.380080e-05
7.879010e-05
9.225724e-05
8.972800e-05
7.618072e-05
8.327137e-05
9.830791e-05
9.925660e-05
9.644136e-05
9.462561e-05
7.958533e-05
8.795146e-05
9.661337e-05
9.875875e-05
9.702125e-05
1.000216e-04
1.013364e-04
1.029487e-04
1.034802e-04
1.036352e-04
1.022252e-04
9.974821e-05
9.891106e-05
9.886891e-05
9.728058e-05
