4.953196e-10
7.165626e-10
1.168798e-09
1.499642e-09
2.271659e-09
3.670614e-09
4.952566e-09
7.048015e-09
1.149506e-08
1.652676e-08
2.095678e-08
3.034846e-08
4.844672e-08
6.432618e-08
8.331103e-08
1.103842e-07
1.567422e-07
1.978139e-07
2.436839e-07
2.915773e-07
4.107902e-07
4.810951e-07
5.682431e-07
7.499485e-07
8.821791e-07
1.126700e-06
1.653338e-06
1.887847e-06
2.090991e-06
2.705263e-06
3.144494e-06
3.455018e-06
4.282299e-06
5.233937e-06
5.259153e-06
5.284368e-06
5.914294e-06
6.240461e-06
8.208767e-06
8.988731e-06
9.348682e-06
9.468949e-06
9.625753e-06
1.165223e-05
1.306133e-05
1.403442e-05
1.290137e-05
1.591147e-05
1.943209e-05
1.682433e-05
2.090782e-05
2.396109e-05
2.437376e-05
3.091563e-05
3.724037e-05
2.906088e-05
2.754744e-05
3.754822e-05
4.829979e-05
4.848823e-05
3.531403e-05
3.988701e-05
4.443651e-05
6.084756e-05
6.457570e-05
5.902827e-05
4.509454e-05
5.204670e-05
7.604972e-05
7.072747e-05
7.023953e-05
6.910092e-05
5.206655e-05
6.928152e-05
8.326981e-05
8.758660e-05
8.665042e-05
6.765158e-05
6.912271e-05
7.463736e-05
9.141288e-05
8.961897e-05
8.098425e-05
8.050258e-05
9.045385e-05
9.568283e-05
9.877180e-05
9.872474e-05
9.165379e-05
8.753979e-05
8.693473e-05
8.686752e-05
9.449691e-05
9.985450e-05
9.894180e-05
9.286567e-05
9.604661e-05
1.021994e-04
1.027151e-04
1.017145e-04
1.007234e-04
9.417756e-05
9.785342e-05
1.012581e-04
1.017058e-04
1.010875e-04
1.014338e-04
1.027976e-04
1.031242e-04
1.034802e-04
1.036352e-04
1.022252e-04
9.974821e-05
9.891106e-05
9.886891e-05
9.728058e-05
