7.273690e-09
9.469380e-09
1.367042e-08
1.632583e-08
2.252215e-08
3.242100e-08
4.062287e-08
5.285084e-08
7.605566e-08
1.013389e-07
1.195649e-07
1.602839e-07
2.307340e-07
2.876488e-07
3.477701e-07
4.363911e-07
5.746911e-07
6.856735e-07
8.070216e-07
9.264516e-07
1.223112e-06
1.381888e-06
1.581081e-06
1.967838e-06
2.247941e-06
2.726996e-06
3.743096e-06
4.153646e-06
4.526941e-06
5.610103e-06
6.369041e-06
6.851106e-06
8.234228e-06
9.802785e-06
9.812100e-06
9.821415e-06
1.080111e-05
1.133946e-05
1.433047e-05
1.548308e-05
1.602771e-05
1.620430e-05
1.639313e-05
1.940972e-05
2.144488e-05
2.283681e-05
2.108504e-05
2.538353e-05
3.022833e-05
2.652586e-05
3.212757e-05
3.614311e-05
3.649485e-05
4.450362e-05
5.188685e-05
4.219805e-05
4.034244e-05
5.204263e-05
6.333854e-05
6.345274e-05
4.936852e-05
5.443910e-05
5.926637e-05
7.492477e-05
7.811309e-05
7.311479e-05
5.968847e-05
6.643072e-05
8.735932e-05
8.296053e-05
8.255125e-05
8.159621e-05
6.635425e-05
8.172795e-05
9.278942e-05
9.589944e-05
9.515445e-05
8.007447e-05
8.124313e-05
8.578088e-05
9.824872e-05
9.687908e-05
9.049218e-05
9.024957e-05
9.766108e-05
1.011622e-04
1.033839e-04
1.033030e-04
9.821344e-05
9.518461e-05
9.481252e-05
9.477119e-05
1.002232e-04
1.036026e-04
1.030392e-04
9.873943e-05
1.009269e-04
1.050614e-04
1.054801e-04
1.048448e-04
1.039972e-04
9.937549e-05
1.019241e-04
1.041782e-04
1.042251e-04
1.038161e-04
1.035973e-04
1.049577e-04
1.049770e-04
1.052618e-04
1.054081e-04
1.037664e-04
1.006901e-04
9.918779e-05
9.914063e-05
9.697599e-05
