0.000000e+00
-8.973293e-30
-9.732297e-24
1.039017e-05
3.463531e-05
6.748901e-05
1.017515e-04
1.630064e-04
3.053279e-04
5.013908e-04
6.558162e-04
1.076608e-03
1.941622e-03
2.762256e-03
3.674631e-03
5.255030e-03
7.914708e-03
1.017306e-02
1.286130e-02
1.559512e-02
2.290257e-02
2.691419e-02
3.230299e-02
4.240278e-02
5.023800e-02
6.337289e-02
9.165864e-02
1.027901e-01
1.132576e-01
1.408104e-01
1.600597e-01
1.720716e-01
2.039366e-01
2.377970e-01
2.375366e-01
2.372762e-01
2.557446e-01
2.686297e-01
3.168549e-01
3.352629e-01
3.444840e-01
3.474479e-01
3.504117e-01
3.892169e-01
4.128689e-01
4.282079e-01
4.100741e-01
4.526433e-01
4.939200e-01
4.664702e-01
5.095486e-01
5.384215e-01
5.407854e-01
5.814306e-01
6.137322e-01
5.751832e-01
5.689364e-01
6.188624e-01
6.550711e-01
6.565638e-01
6.131520e-01
6.330025e-01
6.500620e-01
6.906654e-01
6.983642e-01
6.888162e-01
6.565605e-01
6.760529e-01
7.233048e-01
7.160536e-01
7.157869e-01
7.151645e-01
6.832581e-01
7.182255e-01
7.390723e-01
7.455700e-01
7.454261e-01
7.209694e-01
7.239345e-01
7.332360e-01
7.578186e-01
7.564019e-01
7.470146e-01
7.477417e-01
7.605887e-01
7.673278e-01
7.714299e-01
7.725312e-01
7.665745e-01
7.630527e-01
7.635093e-01
7.635601e-01
7.725844e-01
7.803842e-01
7.807889e-01
7.756020e-01
7.802506e-01
7.892964e-01
7.903205e-01
7.904320e-01
7.907253e-01
7.856078e-01
7.901016e-01
7.949187e-01
7.981298e-01
7.984129e-01
8.022230e-01
8.042419e-01
8.074527e-01
8.099742e-01
8.106498e-01
8.239164e-01
8.516388e-01
8.701909e-01
8.702927e-01
8.804671e-01
