5.670030e-05
8.443848e-05
1.462916e-04
1.934426e-04
3.034681e-04
5.133375e-04
7.090763e-04
1.025070e-03
1.675640e-03
2.484921e-03
3.059637e-03
4.525880e-03
7.199547e-03
9.500298e-03
1.186381e-02
1.573834e-02
2.171380e-02
2.641890e-02
3.175235e-02
3.691864e-02
4.997348e-02
5.668909e-02
6.543140e-02
8.093598e-02
9.250260e-02
1.108945e-01
1.482668e-01
1.620748e-01
1.749670e-01
2.076137e-01
2.296106e-01
2.428244e-01
2.775281e-01
3.132073e-01
3.128016e-01
3.123959e-01
3.312073e-01
3.443622e-01
3.917065e-01
4.093936e-01
4.182093e-01
4.210248e-01
4.236956e-01
4.601204e-01
4.818583e-01
4.958006e-01
4.789788e-01
5.175429e-01
5.542018e-01
5.296754e-01
5.677379e-01
5.928320e-01
5.945827e-01
6.292106e-01
6.564893e-01
6.237612e-01
6.184181e-01
6.604863e-01
6.905500e-01
6.917343e-01
6.555304e-01
6.720688e-01
6.861920e-01
7.194290e-01
7.255845e-01
7.177424e-01
6.912657e-01
7.071892e-01
7.454756e-01
7.395401e-01
7.393223e-01
7.388139e-01
7.128515e-01
7.412399e-01
7.579130e-01
7.630155e-01
7.628599e-01
7.431756e-01
7.455410e-01
7.530261e-01
7.724686e-01
7.713069e-01
7.638175e-01
7.644433e-01
7.746403e-01
7.798709e-01
7.831140e-01
7.839567e-01
7.791923e-01
7.763503e-01
7.767303e-01
7.767725e-01
7.838759e-01
7.898936e-01
7.902109e-01
7.860559e-01
7.897056e-01
7.967296e-01
7.975300e-01
7.976190e-01
7.977736e-01
7.936886e-01
7.972096e-01
8.009402e-01
8.033195e-01
8.035179e-01
8.063316e-01
8.079789e-01
8.103649e-01
8.122740e-01
8.127984e-01
8.226000e-01
8.429106e-01
8.564955e-01
8.565667e-01
8.638624e-01
