0.000000e+00
-2.422519e-53
3.114092e-46
1.423194e-44
-1.051983e-40
1.045720e-34
-5.454234e-29
1.927880e-23
2.256048e-05
4.594734e-05
6.554359e-05
1.281151e-04
2.836546e-04
4.556638e-04
6.658772e-04
1.079349e-03
1.871258e-03
2.614609e-03
3.577309e-03
4.624180e-03
7.756537e-03
9.610912e-03
1.228475e-02
1.765969e-02
2.216368e-02
3.017914e-02
4.942179e-02
5.745533e-02
6.542157e-02
8.738715e-02
1.036580e-01
1.137865e-01
1.427465e-01
1.752642e-01
1.747709e-01
1.742775e-01
1.923421e-01
2.053620e-01
2.554036e-01
2.748239e-01
2.847758e-01
2.879342e-01
2.907690e-01
3.342922e-01
3.612786e-01
3.788578e-01
3.568227e-01
4.068758e-01
4.561684e-01
4.218171e-01
4.742720e-01
5.095277e-01
5.115284e-01
5.626977e-01
6.039274e-01
5.529828e-01
5.444464e-01
6.085354e-01
6.558986e-01
6.571964e-01
5.990730e-01
6.245359e-01
6.465147e-01
7.002715e-01
7.098939e-01
6.962116e-01
6.523918e-01
6.776909e-01
7.403518e-01
7.296353e-01
7.290855e-01
7.278029e-01
6.840583e-01
7.306409e-01
7.584086e-01
7.665469e-01
7.657750e-01
7.311130e-01
7.347762e-01
7.471482e-01
7.789426e-01
7.767294e-01
7.631167e-01
7.634880e-01
7.804298e-01
7.890443e-01
7.940028e-01
7.948654e-01
7.860263e-01
7.805103e-01
7.805827e-01
7.805908e-01
7.923864e-01
8.020072e-01
8.018040e-01
7.939732e-01
7.997391e-01
8.101815e-01
8.111200e-01
8.106648e-01
8.104884e-01
8.028556e-01
8.085024e-01
8.141953e-01
8.170545e-01
8.168983e-01
8.206104e-01
8.222494e-01
8.249767e-01
8.269410e-01
8.274668e-01
8.373088e-01
8.576975e-01
8.713222e-01
8.713934e-01
8.787123e-01
