0.000000e+00
-1.405467e-29
-3.428276e-23
9.853590e-06
3.284664e-05
6.480553e-05
9.836299e-05
1.586888e-04
2.997750e-04
4.971681e-04
6.502183e-04
1.078219e-03
1.964157e-03
2.809501e-03
3.741921e-03
5.389274e-03
8.164575e-03
1.051386e-02
1.332566e-02
1.618116e-02
2.391578e-02
2.812877e-02
3.384932e-02
4.452794e-02
5.288372e-02
6.678862e-02
9.704743e-02
1.087893e-01
1.200386e-01
1.495414e-01
1.702008e-01
1.827570e-01
2.170077e-01
2.535126e-01
2.530218e-01
2.525308e-01
2.721824e-01
2.860835e-01
3.375234e-01
3.570072e-01
3.668211e-01
3.699450e-01
3.728237e-01
4.144306e-01
4.396551e-01
4.559151e-01
4.358608e-01
4.814344e-01
5.253539e-01
4.953218e-01
5.415992e-01
5.719748e-01
5.738692e-01
6.170004e-01
6.512708e-01
6.094655e-01
6.025141e-01
6.556045e-01
6.940500e-01
6.953025e-01
6.484733e-01
6.693957e-01
6.873275e-01
7.303040e-01
7.380873e-01
7.275227e-01
6.928305e-01
7.132259e-01
7.629119e-01
7.547819e-01
7.544133e-01
7.535531e-01
7.192749e-01
7.561824e-01
7.779678e-01
7.844629e-01
7.840328e-01
7.574777e-01
7.604454e-01
7.701909e-01
7.952995e-01
7.936638e-01
7.833891e-01
7.839035e-01
7.971812e-01
8.039548e-01
8.079801e-01
8.088304e-01
8.022326e-01
7.981798e-01
7.984290e-01
7.984567e-01
8.076923e-01
8.153503e-01
8.154375e-01
8.096268e-01
8.142389e-01
8.228202e-01
8.236905e-01
8.235356e-01
8.235488e-01
8.178677e-01
8.223528e-01
8.269719e-01
8.295833e-01
8.296280e-01
8.328531e-01
8.345084e-01
8.370564e-01
8.390034e-01
8.395307e-01
8.494061e-01
8.698542e-01
8.835114e-01
8.835827e-01
8.909174e-01
