0.000000e+00
2.794158e-24
9.135705e-06
1.348876e-05
2.364649e-05
4.688315e-05
7.144621e-05
1.159015e-04
2.206998e-04
3.669676e-04
4.834631e-04
8.040389e-04
1.472586e-03
2.114463e-03
2.834201e-03
4.091021e-03
6.228819e-03
8.060433e-03
1.025314e-02
1.249631e-02
1.853946e-02
2.188088e-02
2.639094e-02
3.489465e-02
4.152881e-02
5.272101e-02
7.700446e-02
8.663037e-02
9.570323e-02
1.196750e-01
1.365179e-01
1.470653e-01
1.751072e-01
2.050286e-01
2.048143e-01
2.046000e-01
2.209575e-01
2.324376e-01
2.754269e-01
2.918966e-01
3.001611e-01
3.028194e-01
3.054906e-01
3.403300e-01
3.615741e-01
3.754449e-01
3.591289e-01
3.975408e-01
4.348855e-01
4.101066e-01
4.490846e-01
4.753834e-01
4.775430e-01
5.144747e-01
5.439450e-01
5.087791e-01
5.032283e-01
5.486580e-01
5.817753e-01
5.832217e-01
5.436814e-01
5.617478e-01
5.773193e-01
6.144855e-01
6.215738e-01
6.128810e-01
5.837185e-01
6.012806e-01
6.446301e-01
6.379976e-01
6.377616e-01
6.372108e-01
6.080825e-01
6.383329e-01
6.592663e-01
6.652767e-01
6.651874e-01
6.428378e-01
6.455747e-01
6.541247e-01
6.776929e-01
6.770520e-01
6.669238e-01
6.676349e-01
6.794933e-01
6.857928e-01
6.895156e-01
6.905726e-01
6.851653e-01
6.819389e-01
6.824268e-01
6.824810e-01
6.907828e-01
6.980148e-01
6.984373e-01
6.936745e-01
6.980471e-01
7.064855e-01
7.074570e-01
7.076115e-01
7.079020e-01
7.010380e-01
7.071878e-01
7.119046e-01
7.149572e-01
7.152563e-01
7.188498e-01
7.208137e-01
7.238747e-01
7.263071e-01
7.269615e-01
7.397751e-01
7.666551e-01
7.847382e-01
7.848369e-01
7.947909e-01
