0.000000e+00
2.915822e-41
-1.087215e-34
-3.916559e-33
9.250627e-30
5.719178e-24
1.215680e-05
2.173530e-05
4.702489e-05
8.614577e-05
1.197578e-04
2.201127e-04
4.540778e-04
6.998654e-04
9.932254e-04
1.540738e-03
2.546976e-03
3.463880e-03
4.619009e-03
5.850045e-03
9.374806e-03
1.142491e-02
1.429601e-02
1.996139e-02
2.456958e-02
3.266497e-02
5.132838e-02
5.905688e-02
6.650294e-02
8.679644e-02
1.015431e-01
1.108950e-01
1.365532e-01
1.648294e-01
1.645763e-01
1.643231e-01
1.800918e-01
1.912424e-01
2.340892e-01
2.507230e-01
2.591452e-01
2.618478e-01
2.645135e-01
3.008177e-01
3.233028e-01
3.379965e-01
3.204015e-01
3.616529e-01
4.022357e-01
3.748485e-01
4.176341e-01
4.466885e-01
4.489099e-01
4.904746e-01
5.239220e-01
4.836667e-01
4.771079e-01
5.288544e-01
5.669830e-01
5.684352e-01
5.224930e-01
5.431522e-01
5.610209e-01
6.042765e-01
6.123870e-01
6.019562e-01
5.673701e-01
5.880345e-01
6.386174e-01
6.305721e-01
6.301761e-01
6.292519e-01
5.949139e-01
6.324412e-01
6.549545e-01
6.618507e-01
6.615839e-01
6.346997e-01
6.378328e-01
6.478634e-01
6.742621e-01
6.726742e-01
6.623982e-01
6.628652e-01
6.764018e-01
6.840033e-01
6.883869e-01
6.894339e-01
6.827226e-01
6.786743e-01
6.790880e-01
6.791339e-01
6.889045e-01
6.972501e-01
6.974996e-01
6.913614e-01
6.966114e-01
7.061256e-01
7.071416e-01
7.071146e-01
7.073174e-01
7.012254e-01
7.063352e-01
7.114709e-01
7.146751e-01
7.148661e-01
7.187324e-01
7.206896e-01
7.238596e-01
7.263071e-01
7.269615e-01
7.397751e-01
7.666551e-01
7.847382e-01
7.848369e-01
7.947909e-01
