0.000000e+00
-2.588152e-76
9.202834e-70
-1.405441e-68
8.347198e-64
-4.013845e-59
6.606871e-54
3.346301e-47
5.078306e-42
2.215807e-35
5.645286e-30
-1.223969e-23
5.036373e-06
1.003811e-05
1.764903e-05
3.539230e-05
7.886055e-05
1.293853e-04
2.047530e-04
2.991575e-04
6.330080e-04
8.693631e-04
1.245073e-03
2.127171e-03
2.957876e-03
4.678597e-03
9.592157e-03
1.203312e-02
1.452909e-02
2.216160e-02
2.845127e-02
3.282842e-02
4.570363e-02
6.163008e-02
6.155360e-02
6.147710e-02
7.118103e-02
7.823768e-02
1.082659e-01
1.207385e-01
1.272417e-01
1.293407e-01
1.315085e-01
1.614013e-01
1.810892e-01
1.943427e-01
1.786540e-01
2.168238e-01
2.565799e-01
2.294087e-01
2.724102e-01
3.030646e-01
3.056559e-01
3.521086e-01
3.908506e-01
3.440692e-01
3.365301e-01
3.964810e-01
4.431176e-01
4.450014e-01
3.887703e-01
4.134379e-01
4.351880e-01
4.901257e-01
5.007410e-01
4.870202e-01
4.427721e-01
4.687302e-01
5.348122e-01
5.239584e-01
5.234337e-01
5.222093e-01
4.768725e-01
5.256702e-01
5.560221e-01
5.654606e-01
5.649328e-01
5.280460e-01
5.321375e-01
5.454618e-01
5.813683e-01
5.790682e-01
5.644054e-01
5.648238e-01
5.839025e-01
5.940118e-01
5.998516e-01
6.011175e-01
5.915055e-01
5.857157e-01
5.859237e-01
5.859468e-01
5.994801e-01
6.110010e-01
6.109960e-01
6.025932e-01
6.093229e-01
6.221777e-01
6.234344e-01
6.231070e-01
6.232662e-01
6.149255e-01
6.215816e-01
6.285144e-01
6.326505e-01
6.327364e-01
6.378706e-01
6.400860e-01
6.441610e-01
6.471261e-01
6.479068e-01
6.636568e-01
6.972716e-01
7.201960e-01
7.203255e-01
7.331935e-01
