0.000000e+00
-2.034685e-41
-1.464666e-35
-4.301745e-33
2.960694e-29
1.602016e-23
1.573443e-05
2.778152e-05
5.912222e-05
1.069782e-04
1.476909e-04
2.679817e-04
5.444235e-04
8.314826e-04
1.171335e-03
1.800240e-03
2.944531e-03
3.980363e-03
5.273580e-03
6.645638e-03
1.054439e-02
1.279661e-02
1.593598e-02
2.209341e-02
2.707599e-02
3.578090e-02
5.569348e-02
6.388785e-02
7.176482e-02
9.314477e-02
1.086086e-01
1.183959e-01
1.451497e-01
1.745095e-01
1.742483e-01
1.739873e-01
1.903179e-01
2.018433e-01
2.460063e-01
2.631173e-01
2.717733e-01
2.745505e-01
2.772871e-01
3.144827e-01
3.374746e-01
3.524855e-01
3.345247e-01
3.766042e-01
4.179528e-01
3.900850e-01
4.336340e-01
4.631306e-01
4.653859e-01
5.075426e-01
5.413833e-01
5.006421e-01
4.939981e-01
5.463427e-01
5.848885e-01
5.863924e-01
5.399516e-01
5.608703e-01
5.789266e-01
6.225554e-01
6.307552e-01
6.202412e-01
5.853533e-01
6.061523e-01
6.571881e-01
6.490976e-01
6.487646e-01
6.479875e-01
6.132200e-01
6.510128e-01
6.736923e-01
6.806699e-01
6.803940e-01
6.533245e-01
6.564813e-01
6.665726e-01
6.931796e-01
6.915623e-01
6.810718e-01
6.817115e-01
6.956901e-01
7.030022e-01
7.073752e-01
7.084614e-01
7.017313e-01
6.976986e-01
6.980661e-01
6.981070e-01
7.079360e-01
7.163237e-01
7.165998e-01
7.107121e-01
7.157124e-01
7.252838e-01
7.263047e-01
7.262970e-01
7.264910e-01
7.206945e-01
7.255607e-01
7.306926e-01
7.339145e-01
7.341148e-01
7.380172e-01
7.399766e-01
7.431924e-01
7.456544e-01
7.463102e-01
7.592321e-01
7.863344e-01
8.045291e-01
8.046295e-01
8.146273e-01
