0.000000e+00
-1.768701e-81
-8.174134e-75
5.232827e-73
-5.329267e-69
-2.331162e-63
-7.732096e-58
9.053860e-54
-8.679002e-47
1.649721e-40
-1.029498e-34
-3.294727e-29
5.816114e-25
1.592062e-05
2.752252e-05
5.473497e-05
1.202538e-04
1.945537e-04
3.048102e-04
4.406852e-04
9.218614e-04
1.254616e-03
1.783921e-03
3.007580e-03
4.155846e-03
6.484267e-03
1.310006e-02
1.629135e-02
1.959238e-02
2.960115e-02
3.778218e-02
4.324904e-02
5.979110e-02
8.013254e-02
7.988256e-02
7.963257e-02
9.177047e-02
1.006970e-01
1.378505e-01
1.530618e-01
1.610338e-01
1.635799e-01
1.659954e-01
2.026414e-01
2.264919e-01
2.424546e-01
2.227757e-01
2.689834e-01
3.165966e-01
2.832428e-01
3.348829e-01
3.710447e-01
3.734653e-01
4.283167e-01
4.737152e-01
4.177346e-01
4.085035e-01
4.791167e-01
5.335292e-01
5.351390e-01
4.686959e-01
4.974655e-01
5.227018e-01
5.863533e-01
5.981101e-01
5.816715e-01
5.298259e-01
5.596691e-01
6.355446e-01
6.224328e-01
6.217404e-01
6.201244e-01
5.672821e-01
6.235348e-01
6.580398e-01
6.683355e-01
6.673899e-01
6.243194e-01
6.288415e-01
6.440627e-01
6.840893e-01
6.813109e-01
6.641187e-01
6.644309e-01
6.858097e-01
6.969000e-01
7.031839e-01
7.042784e-01
6.930057e-01
6.860067e-01
6.860044e-01
6.860041e-01
7.010544e-01
7.135119e-01
7.131485e-01
7.031721e-01
7.105078e-01
7.239533e-01
7.251286e-01
7.244807e-01
7.243151e-01
7.145044e-01
7.217539e-01
7.291118e-01
7.328816e-01
7.326631e-01
7.375768e-01
7.395315e-01
7.431374e-01
7.456544e-01
7.463102e-01
7.592321e-01
7.863344e-01
8.045291e-01
8.046295e-01
8.146273e-01
