3.830019e-05
5.745051e-05
1.001583e-04
1.329577e-04
2.094942e-04
3.564392e-04
4.945802e-04
7.191147e-04
1.185170e-03
1.763951e-03
2.186639e-03
3.247013e-03
5.196906e-03
6.887013e-03
8.652325e-03
1.151404e-02
1.596855e-02
1.952313e-02
2.355234e-02
2.748615e-02
3.736676e-02
4.253438e-02
4.921848e-02
6.119466e-02
7.010263e-02
8.447057e-02
1.135752e-01
1.245915e-01
1.346838e-01
1.604407e-01
1.778629e-01
1.886921e-01
2.162863e-01
2.447123e-01
2.445755e-01
2.444389e-01
2.597002e-01
2.702647e-01
3.087331e-01
3.233231e-01
3.305542e-01
3.328924e-01
3.353421e-01
3.649788e-01
3.828393e-01
3.944258e-01
3.812185e-01
4.128245e-01
4.431754e-01
4.236132e-01
4.549254e-01
4.760188e-01
4.780029e-01
5.068561e-01
5.296993e-01
5.031681e-01
4.990555e-01
5.340381e-01
5.592285e-01
5.605779e-01
5.309577e-01
5.449705e-01
5.569506e-01
5.848909e-01
5.903957e-01
5.842316e-01
5.625332e-01
5.761242e-01
6.086563e-01
6.040876e-01
6.039947e-01
6.037779e-01
5.824417e-01
6.064313e-01
6.207234e-01
6.253786e-01
6.255186e-01
6.096252e-01
6.117902e-01
6.181984e-01
6.354239e-01
6.345756e-01
6.286184e-01
6.294311e-01
6.383322e-01
6.430624e-01
6.461136e-01
6.471340e-01
6.434247e-01
6.413534e-01
6.419345e-01
6.419991e-01
6.482802e-01
6.539163e-01
6.545418e-01
6.513601e-01
6.547529e-01
6.616604e-01
6.625596e-01
6.629220e-01
6.633411e-01
6.601697e-01
6.634118e-01
6.670312e-01
6.698230e-01
6.702510e-01
6.734130e-01
6.753365e-01
6.781944e-01
6.805529e-01
6.811929e-01
6.937228e-01
7.200885e-01
7.378809e-01
7.379782e-01
7.477789e-01
