6.246524e-04
8.297629e-04
1.231694e-03
1.485071e-03
2.076319e-03
3.025983e-03
3.815898e-03
4.964864e-03
7.058501e-03
9.383690e-03
1.090078e-02
1.443940e-02
2.014994e-02
2.460001e-02
2.886943e-02
3.538066e-02
4.459808e-02
5.137935e-02
5.867563e-02
6.543467e-02
8.137887e-02
8.916634e-02
9.888985e-02
1.153030e-01
1.269987e-01
1.448523e-01
1.787698e-01
1.908134e-01
2.017103e-01
2.283820e-01
2.457379e-01
2.561962e-01
2.822824e-01
3.082015e-01
3.080257e-01
3.078499e-01
3.213172e-01
3.306617e-01
3.632528e-01
3.753930e-01
3.813789e-01
3.833091e-01
3.852890e-01
4.091714e-01
4.232850e-01
4.323704e-01
4.220243e-01
4.465626e-01
4.696906e-01
4.549280e-01
4.785975e-01
4.943134e-01
4.957351e-01
5.168052e-01
5.333162e-01
5.143209e-01
5.114182e-01
5.365573e-01
5.543826e-01
5.553910e-01
5.346034e-01
5.445747e-01
5.531010e-01
5.725669e-01
5.764176e-01
5.722494e-01
5.572683e-01
5.667944e-01
5.892860e-01
5.862509e-01
5.862183e-01
5.861422e-01
5.715659e-01
5.881557e-01
5.979227e-01
6.011212e-01
6.012835e-01
5.906854e-01
5.922104e-01
5.966236e-01
6.083929e-01
6.078354e-01
6.039598e-01
6.046704e-01
6.107465e-01
6.139194e-01
6.160869e-01
6.168539e-01
6.144413e-01
6.131395e-01
6.136448e-01
6.137009e-01
6.179709e-01
6.217731e-01
6.223342e-01
6.202832e-01
6.226314e-01
6.274870e-01
6.281735e-01
6.285232e-01
6.288223e-01
6.267733e-01
6.290041e-01
6.315150e-01
6.335009e-01
6.338613e-01
6.360376e-01
6.376032e-01
6.396630e-01
6.414361e-01
6.419287e-01
6.511282e-01
6.703546e-01
6.833294e-01
6.833975e-01
6.904003e-01
