2.228599e-03
2.804340e-03
3.857124e-03
4.461434e-03
5.871571e-03
7.950501e-03
9.590289e-03
1.186022e-02
1.576403e-02
1.983582e-02
2.244627e-02
2.814156e-02
3.681980e-02
4.327556e-02
4.934640e-02
5.813708e-02
7.012637e-02
7.873905e-02
8.774019e-02
9.594109e-02
1.144321e-01
1.233711e-01
1.341928e-01
1.521420e-01
1.645697e-01
1.833992e-01
2.177006e-01
2.299204e-01
2.405538e-01
2.662866e-01
2.827661e-01
2.930868e-01
3.172500e-01
3.408327e-01
3.409047e-01
3.409767e-01
3.533582e-01
3.618321e-01
3.911361e-01
4.022008e-01
4.076029e-01
4.093770e-01
4.114527e-01
4.323003e-01
4.446936e-01
4.527807e-01
4.444791e-01
4.656605e-01
4.857257e-01
4.738469e-01
4.940158e-01
5.078771e-01
5.096188e-01
5.276026e-01
5.417113e-01
5.265262e-01
5.244916e-01
5.456045e-01
5.606103e-01
5.618616e-01
5.452349e-01
5.538019e-01
5.611642e-01
5.774770e-01
5.810449e-01
5.780684e-01
5.662060e-01
5.744244e-01
5.935083e-01
5.914717e-01
5.915564e-01
5.917543e-01
5.802491e-01
5.941681e-01
6.025093e-01
6.055388e-01
6.059833e-01
5.980699e-01
5.995345e-01
6.033080e-01
6.139342e-01
6.136260e-01
6.108752e-01
6.118275e-01
6.171542e-01
6.200937e-01
6.222409e-01
6.232367e-01
6.216327e-01
6.209468e-01
6.216877e-01
6.217701e-01
6.255769e-01
6.293132e-01
6.301978e-01
6.289030e-01
6.311889e-01
6.362764e-01
6.370935e-01
6.377296e-01
6.383039e-01
6.369660e-01
6.390930e-01
6.416774e-01
6.441820e-01
6.447812e-01
6.474528e-01
6.493591e-01
6.520003e-01
6.543028e-01
6.549340e-01
6.672895e-01
6.933347e-01
7.109456e-01
7.110419e-01
7.207507e-01
