0.000000e+00
1.166050e-24
2.295282e-06
3.551643e-06
6.483321e-06
1.370992e-05
2.177716e-05
3.704379e-05
7.525390e-05
1.309478e-04
1.783618e-04
3.105782e-04
6.024478e-04
8.965662e-04
1.242382e-03
1.855019e-03
2.943750e-03
3.920509e-03
5.113250e-03
6.370303e-03
9.815986e-03
1.180276e-02
1.451181e-02
1.977355e-02
2.394718e-02
3.124131e-02
4.743051e-02
5.415440e-02
6.044283e-02
7.736534e-02
8.948687e-02
9.745960e-02
1.181521e-01
1.406063e-01
1.406109e-01
1.406155e-01
1.532440e-01
1.620189e-01
1.958445e-01
2.091027e-01
2.157264e-01
2.178824e-01
2.202548e-01
2.482680e-01
2.656961e-01
2.771265e-01
2.642944e-01
2.958492e-01
3.270191e-01
3.069229e-01
3.394152e-01
3.618777e-01
3.641521e-01
3.957712e-01
4.211884e-01
3.916849e-01
3.871192e-01
4.260879e-01
4.548825e-01
4.564791e-01
4.226861e-01
4.384532e-01
4.521180e-01
4.847390e-01
4.912889e-01
4.839968e-01
4.585889e-01
4.743970e-01
5.128918e-01
5.074181e-01
5.072777e-01
5.069499e-01
4.816053e-01
5.099331e-01
5.271584e-01
5.328286e-01
5.329692e-01
5.136377e-01
5.162002e-01
5.238495e-01
5.447631e-01
5.437230e-01
5.363571e-01
5.371544e-01
5.479894e-01
5.538422e-01
5.575105e-01
5.587049e-01
5.540774e-01
5.514760e-01
5.520821e-01
5.521494e-01
5.598514e-01
5.668046e-01
5.674455e-01
5.634876e-01
5.676006e-01
5.760087e-01
5.770592e-01
5.774064e-01
5.779253e-01
5.739640e-01
5.779371e-01
5.823582e-01
5.857625e-01
5.862509e-01
5.901601e-01
5.923333e-01
5.958288e-01
5.986345e-01
5.993894e-01
6.146039e-01
6.472077e-01
6.695473e-01
6.696739e-01
6.822438e-01
