0.000000e+00
-5.067002e-77
1.839435e-71
3.267289e-68
-1.525226e-64
-9.101160e-59
-3.611348e-53
3.469249e-48
1.043967e-42
2.339234e-36
3.628452e-30
-1.760990e-25
1.290449e-06
2.752713e-06
5.116288e-06
1.099616e-05
2.654502e-05
4.575562e-05
7.581523e-05
1.150425e-04
2.626138e-04
3.723417e-04
5.533096e-04
9.983930e-04
1.434925e-03
2.378462e-03
5.243098e-03
6.731311e-03
8.283278e-03
1.318086e-02
1.735852e-02
2.031681e-02
2.925847e-02
4.068310e-02
4.062157e-02
4.056005e-02
4.766726e-02
5.290414e-02
7.569502e-02
8.533052e-02
9.040789e-02
9.204702e-02
9.374293e-02
1.174954e-01
1.333957e-01
1.441849e-01
1.313716e-01
1.627089e-01
1.958256e-01
1.730387e-01
2.091484e-01
2.352352e-01
2.374385e-01
2.776369e-01
3.114076e-01
2.704858e-01
2.639267e-01
3.162861e-01
3.575819e-01
3.591933e-01
3.094238e-01
3.311605e-01
3.504300e-01
3.995817e-01
4.091218e-01
3.967241e-01
3.570830e-01
3.802734e-01
4.398607e-01
4.299716e-01
4.294875e-01
4.283578e-01
3.874456e-01
4.314628e-01
4.590518e-01
4.676474e-01
4.671482e-01
4.335257e-01
4.372377e-01
4.493383e-01
4.820800e-01
4.799710e-01
4.665222e-01
4.668922e-01
4.843250e-01
4.935899e-01
4.989420e-01
5.000917e-01
4.912388e-01
4.858959e-01
4.860893e-01
4.861107e-01
4.985223e-01
5.090874e-01
5.090696e-01
5.013167e-01
5.074985e-01
5.193059e-01
5.204591e-01
5.201521e-01
5.202825e-01
5.125737e-01
5.187010e-01
5.250848e-01
5.288720e-01
5.289445e-01
5.336455e-01
5.357026e-01
5.394501e-01
5.421806e-01
5.429020e-01
5.574271e-01
5.887144e-01
6.102936e-01
6.104166e-01
6.225922e-01
