1.180851e-03
1.533335e-03
2.196563e-03
2.595914e-03
3.527789e-03
4.968489e-03
6.144974e-03
7.817793e-03
1.080173e-02
1.398497e-02
1.613947e-02
2.080832e-02
2.818412e-02
3.384449e-02
3.935641e-02
4.732049e-02
5.850969e-02
6.681503e-02
7.556236e-02
8.369183e-02
1.021017e-01
1.112758e-01
1.223985e-01
1.412295e-01
1.543534e-01
1.747298e-01
2.121671e-01
2.259582e-01
2.378247e-01
2.668759e-01
2.856758e-01
2.978892e-01
3.258223e-01
3.533185e-01
3.535846e-01
3.538507e-01
3.685686e-01
3.785159e-01
4.137897e-01
4.272142e-01
4.337694e-01
4.359392e-01
4.386111e-01
4.639105e-01
4.791297e-01
4.890680e-01
4.792105e-01
5.051778e-01
5.300480e-01
5.156342e-01
5.404927e-01
5.578748e-01
5.602915e-01
5.828376e-01
6.005884e-01
5.817246e-01
5.792770e-01
6.057785e-01
6.247545e-01
6.264500e-01
6.056096e-01
6.164282e-01
6.257480e-01
6.465086e-01
6.511569e-01
6.474600e-01
6.324829e-01
6.429729e-01
6.673765e-01
6.648690e-01
6.649864e-01
6.652604e-01
6.506762e-01
6.683871e-01
6.791347e-01
6.831268e-01
6.837489e-01
6.736920e-01
6.755861e-01
6.804103e-01
6.942663e-01
6.939109e-01
6.903929e-01
6.915626e-01
6.984543e-01
7.023615e-01
7.051416e-01
7.064557e-01
7.044492e-01
7.036091e-01
7.045580e-01
7.046634e-01
7.096151e-01
7.146024e-01
7.157469e-01
7.141377e-01
7.171124e-01
7.238269e-01
7.248781e-01
7.257336e-01
7.265280e-01
7.248874e-01
7.283618e-01
7.310896e-01
7.344578e-01
7.352764e-01
7.389295e-01
7.413325e-01
7.449075e-01
7.479590e-01
7.487883e-01
7.655080e-01
8.009402e-01
8.249112e-01
8.250468e-01
8.384419e-01
