0.000000e+00
2.105066e-77
-6.721012e-70
-7.570548e-69
6.311585e-64
1.783672e-58
-9.045703e-53
1.524545e-47
1.474166e-41
-2.091204e-35
5.854827e-31
4.774060e-24
2.946644e-06
6.086822e-06
1.094057e-05
2.285389e-05
5.312385e-05
8.896766e-05
1.439635e-04
2.137370e-04
4.715976e-04
6.562839e-04
9.576548e-04
1.677350e-03
2.372209e-03
3.824235e-03
8.129186e-03
1.027416e-02
1.252177e-02
1.948770e-02
2.532229e-02
2.927648e-02
4.144632e-02
5.675552e-02
5.656593e-02
5.637634e-02
6.565156e-02
7.253675e-02
1.016412e-01
1.137183e-01
1.200959e-01
1.221337e-01
1.240741e-01
1.537206e-01
1.732396e-01
1.863958e-01
1.702015e-01
2.084565e-01
2.483016e-01
2.203218e-01
2.637687e-01
2.945200e-01
2.966072e-01
3.437281e-01
3.830139e-01
3.345978e-01
3.266730e-01
3.877603e-01
4.353233e-01
4.367611e-01
3.787559e-01
4.038251e-01
4.259158e-01
4.819531e-01
4.923771e-01
4.778617e-01
4.322369e-01
4.585113e-01
5.257201e-01
5.140937e-01
5.134861e-01
5.120684e-01
4.653201e-01
5.151600e-01
5.459055e-01
5.551316e-01
5.543038e-01
5.159717e-01
5.200194e-01
5.335870e-01
5.693903e-01
5.669096e-01
5.515753e-01
5.518886e-01
5.710478e-01
5.810060e-01
5.866872e-01
5.876953e-01
5.776035e-01
5.713655e-01
5.713989e-01
5.714027e-01
5.849284e-01
5.961416e-01
5.958736e-01
5.869317e-01
5.935573e-01
6.057495e-01
6.068398e-01
6.062903e-01
6.061607e-01
5.973656e-01
6.039144e-01
6.105770e-01
6.140545e-01
6.138940e-01
6.183862e-01
6.202306e-01
6.235644e-01
6.259259e-01
6.265473e-01
6.387051e-01
6.643813e-01
6.817830e-01
6.818782e-01
6.914821e-01
