0.000000e+00
-6.961553e-71
4.394074e-63
1.607030e-61
-1.293765e-57
-1.494295e-52
1.007696e-45
-2.320550e-41
-6.331213e-35
4.109472e-29
-3.958835e-23
3.054313e-05
7.641822e-05
1.321035e-04
2.056446e-04
3.584128e-04
6.770210e-04
9.990134e-04
1.436341e-03
1.935409e-03
3.514222e-03
4.509749e-03
5.989962e-03
9.134071e-03
1.187004e-02
1.700523e-02
3.006052e-02
3.585979e-02
4.164511e-02
5.821651e-02
7.093564e-02
7.917705e-02
1.029173e-01
1.304495e-01
1.301453e-01
1.298411e-01
1.456747e-01
1.570620e-01
2.025358e-01
2.205960e-01
2.298884e-01
2.328598e-01
2.357065e-01
2.770594e-01
3.032431e-01
3.205139e-01
2.994011e-01
3.486788e-01
3.981848e-01
3.640064e-01
4.169445e-01
4.532398e-01
4.555841e-01
5.093142e-01
5.528147e-01
4.995441e-01
4.907211e-01
5.584132e-01
6.093234e-01
6.109166e-01
5.490121e-01
5.762319e-01
5.999060e-01
6.584604e-01
6.692608e-01
6.545441e-01
6.071058e-01
6.347216e-01
7.037371e-01
6.921671e-01
6.915909e-01
6.902463e-01
6.424619e-01
6.936531e-01
7.246249e-01
7.339410e-01
7.332288e-01
6.950713e-01
6.992094e-01
7.129316e-01
7.489112e-01
7.465174e-01
7.314616e-01
7.319136e-01
7.510144e-01
7.609256e-01
7.666317e-01
7.677480e-01
7.579774e-01
7.519604e-01
7.521054e-01
7.521216e-01
7.655346e-01
7.767212e-01
7.766129e-01
7.679927e-01
7.746076e-01
7.868752e-01
7.880251e-01
7.876154e-01
7.875963e-01
7.791327e-01
7.856233e-01
7.922813e-01
7.959487e-01
7.958939e-01
8.005398e-01
8.025455e-01
8.060841e-01
8.086485e-01
8.093231e-01
8.225835e-01
8.502876e-01
8.688321e-01
8.689330e-01
8.791091e-01
