2.502302e-03
3.147433e-03
4.318260e-03
4.986867e-03
6.547041e-03
8.846216e-03
1.066051e-02
1.317612e-02
1.750637e-02
2.198054e-02
2.493989e-02
3.118413e-02
4.071954e-02
4.783840e-02
5.463984e-02
6.426489e-02
7.745518e-02
8.707683e-02
9.705308e-02
1.062115e-01
1.265255e-01
1.365148e-01
1.484767e-01
1.684407e-01
1.821704e-01
2.032662e-01
2.412383e-01
2.551091e-01
2.669016e-01
2.954869e-01
3.138063e-01
3.257885e-01
3.526106e-01
3.787494e-01
3.790203e-01
3.792913e-01
3.933405e-01
4.027677e-01
4.359077e-01
4.484493e-01
4.545894e-01
4.566333e-01
4.592402e-01
4.825169e-01
4.965526e-01
5.057502e-01
4.969325e-01
5.206971e-01
5.434100e-01
5.305694e-01
5.532178e-01
5.690644e-01
5.714343e-01
5.918064e-01
6.078215e-01
5.912125e-01
5.891702e-01
6.129305e-01
6.299186e-01
6.315941e-01
6.132912e-01
6.230525e-01
6.314767e-01
6.499831e-01
6.542495e-01
6.511705e-01
6.381070e-01
6.475568e-01
6.693735e-01
6.673456e-01
6.674993e-01
6.678580e-01
6.551745e-01
6.709497e-01
6.805573e-01
6.842388e-01
6.849189e-01
6.763972e-01
6.781587e-01
6.824788e-01
6.950788e-01
6.948257e-01
6.919217e-01
6.931292e-01
6.993412e-01
7.029055e-01
7.055150e-01
7.068295e-01
7.052260e-01
7.046496e-01
7.056369e-01
7.057466e-01
7.102298e-01
7.148551e-01
7.160588e-01
7.148072e-01
7.175799e-01
7.239394e-01
7.249729e-01
7.258556e-01
7.267390e-01
7.253836e-01
7.268328e-01
7.311739e-01
7.345464e-01
7.353942e-01
7.389732e-01
7.413716e-01
7.449121e-01
7.479590e-01
7.487883e-01
7.655080e-01
8.009402e-01
8.249112e-01
8.250468e-01
8.384419e-01
