0.000000e+00
9.183025e-71
-9.421384e-64
8.346604e-63
6.003654e-58
-1.803431e-52
1.979984e-46
-2.041972e-41
-4.217086e-36
-6.495777e-30
-7.749971e-24
7.243438e-06
2.054721e-05
3.825468e-05
6.290535e-05
1.185141e-04
2.439053e-04
3.781539e-04
5.703429e-04
7.984225e-04
1.573490e-03
2.083690e-03
2.877679e-03
4.633977e-03
6.238204e-03
9.354660e-03
1.783824e-02
2.173426e-02
2.575739e-02
3.759027e-02
4.701187e-02
5.309304e-02
7.145330e-02
9.348788e-02
9.312885e-02
9.276981e-02
1.055478e-01
1.149895e-01
1.530328e-01
1.683219e-01
1.763252e-01
1.788654e-01
1.811472e-01
2.174216e-01
2.406457e-01
2.560450e-01
2.366248e-01
2.812155e-01
3.260610e-01
2.943512e-01
3.431580e-01
3.767923e-01
3.786427e-01
4.290311e-01
4.704134e-01
4.189446e-01
4.103775e-01
4.747733e-01
5.237150e-01
5.249461e-01
4.647621e-01
4.907384e-01
5.134039e-01
5.700378e-01
5.802111e-01
5.654298e-01
5.190520e-01
5.455490e-01
6.124512e-01
6.006786e-01
6.000445e-01
5.985649e-01
5.516300e-01
6.013642e-01
6.314613e-01
6.402480e-01
6.392894e-01
6.012734e-01
6.051822e-01
6.185420e-01
6.530302e-01
6.505402e-01
6.354280e-01
6.356858e-01
6.541774e-01
6.635930e-01
6.689509e-01
6.697671e-01
6.598560e-01
6.536334e-01
6.535904e-01
6.535856e-01
6.665114e-01
6.769932e-01
6.766029e-01
6.677815e-01
6.740492e-01
6.852683e-01
6.862173e-01
6.855809e-01
6.852820e-01
6.766783e-01
6.828521e-01
6.890117e-01
6.919114e-01
6.916324e-01
6.955032e-01
6.970764e-01
6.998087e-01
7.017094e-01
7.022144e-01
7.116503e-01
7.313082e-01
7.445268e-01
7.445958e-01
7.517216e-01
