0.000000e+00
5.320211e-70
-3.275971e-63
6.400013e-62
2.452490e-57
1.653838e-51
-2.285321e-46
-3.990898e-41
-9.615544e-36
6.054507e-29
-2.219170e-23
2.353994e-05
5.914845e-05
1.027059e-04
1.613793e-04
2.815444e-04
5.344366e-04
7.945437e-04
1.147487e-03
1.554771e-03
2.831930e-03
3.652103e-03
4.864941e-03
7.466492e-03
9.726900e-03
1.403946e-02
2.497084e-02
2.994864e-02
3.484061e-02
4.891868e-02
5.976695e-02
6.707859e-02
8.744641e-02
1.111254e-01
1.110454e-01
1.109654e-01
1.248264e-01
1.346622e-01
1.747309e-01
1.908352e-01
1.990650e-01
2.017267e-01
2.045198e-01
2.410258e-01
2.643925e-01
2.798647e-01
2.617520e-01
3.056006e-01
3.500475e-01
3.202134e-01
3.675095e-01
4.005224e-01
4.034280e-01
4.519409e-01
4.916019e-01
4.441041e-01
4.364926e-01
4.977612e-01
5.441930e-01
5.461693e-01
4.904797e-01
5.153636e-01
5.370864e-01
5.907949e-01
6.011740e-01
5.881741e-01
5.452436e-01
5.706647e-01
6.345657e-01
6.244605e-01
6.240121e-01
6.229659e-01
5.795526e-01
6.266278e-01
6.555120e-01
6.645783e-01
6.642373e-01
6.298157e-01
6.337880e-01
6.464405e-01
6.806546e-01
6.785877e-01
6.650317e-01
6.656071e-01
6.836358e-01
6.932305e-01
6.988376e-01
7.001968e-01
6.914379e-01
6.862051e-01
6.865686e-01
6.866090e-01
6.993651e-01
7.103484e-01
7.105630e-01
7.029387e-01
7.093727e-01
7.218219e-01
7.231102e-01
7.229517e-01
7.232493e-01
7.157295e-01
7.220820e-01
7.286462e-01
7.328964e-01
7.331044e-01
7.382764e-01
7.406311e-01
7.448240e-01
7.479590e-01
7.487883e-01
7.655080e-01
8.009402e-01
8.249112e-01
8.250468e-01
8.384419e-01
