0.000000e+00
1.975270e-69
3.630868e-63
4.238062e-61
-2.744972e-57
2.499192e-52
1.746491e-46
-1.901730e-40
1.218988e-35
1.079260e-28
-6.772541e-24
5.444983e-05
1.309867e-04
2.210598e-04
3.360254e-04
5.727514e-04
1.051530e-03
1.521095e-03
2.149856e-03
2.853715e-03
5.051212e-03
6.398629e-03
8.391633e-03
1.252718e-02
1.609345e-02
2.262588e-02
3.897580e-02
4.601567e-02
5.309651e-02
7.304183e-02
8.817151e-02
9.768631e-02
1.254489e-01
1.572977e-01
1.567809e-01
1.562640e-01
1.742019e-01
1.872266e-01
2.380915e-01
2.580375e-01
2.683261e-01
2.715887e-01
2.744943e-01
3.200877e-01
3.486428e-01
3.673249e-01
3.437654e-01
3.972901e-01
4.504787e-01
4.131340e-01
4.700775e-01
5.085415e-01
5.106479e-01
5.671492e-01
6.129457e-01
5.560893e-01
5.467746e-01
6.177997e-01
6.709233e-01
6.722531e-01
6.069019e-01
6.353105e-01
6.599036e-01
7.205382e-01
7.313621e-01
7.157160e-01
6.660902e-01
6.946450e-01
7.654619e-01
7.531252e-01
7.524683e-01
7.509355e-01
7.012019e-01
7.539331e-01
7.854932e-01
7.946840e-01
7.937057e-01
7.538492e-01
7.579603e-01
7.720714e-01
8.081473e-01
8.055757e-01
7.898702e-01
7.901671e-01
8.094263e-01
8.192273e-01
8.247970e-01
8.256237e-01
8.154121e-01
8.089695e-01
8.089801e-01
8.089813e-01
8.223444e-01
8.332439e-01
8.328958e-01
8.237768e-01
8.302883e-01
8.419420e-01
8.429361e-01
8.422974e-01
8.420042e-01
8.331598e-01
8.395353e-01
8.459161e-01
8.489509e-01
8.486858e-01
8.527179e-01
8.543669e-01
8.572280e-01
8.592295e-01
8.597593e-01
8.696865e-01
8.902340e-01
9.039452e-01
9.040168e-01
9.113770e-01
