0.000000e+00
1.697940e-71
1.013355e-64
-1.158934e-62
1.073470e-59
-1.258160e-53
2.945387e-47
-2.129974e-42
1.388553e-37
5.377196e-31
2.000097e-24
1.339639e-06
4.316433e-06
8.678529e-06
1.526434e-05
3.102890e-05
6.992183e-05
1.149165e-04
1.827225e-04
2.674235e-04
5.733025e-04
7.883958e-04
1.134629e-03
1.947315e-03
2.720286e-03
4.310676e-03
8.921352e-03
1.118220e-02
1.353408e-02
2.074025e-02
2.670227e-02
3.072062e-02
4.296129e-02
5.818327e-02
5.800007e-02
5.781688e-02
6.697472e-02
7.374548e-02
1.021241e-01
1.138369e-01
1.200006e-01
1.219710e-01
1.238549e-01
1.523140e-01
1.709561e-01
1.834910e-01
1.681086e-01
2.044408e-01
2.421077e-01
2.157603e-01
2.567181e-01
2.856178e-01
2.876091e-01
3.316328e-01
3.682296e-01
3.232403e-01
3.158875e-01
3.727658e-01
4.168593e-01
4.182382e-01
3.645416e-01
3.878475e-01
4.083537e-01
4.601438e-01
4.698009e-01
4.564796e-01
4.143923e-01
4.387242e-01
5.007457e-01
4.901129e-01
4.895708e-01
4.883055e-01
4.452645e-01
4.912617e-01
5.195761e-01
5.281046e-01
5.273906e-01
4.922593e-01
4.960137e-01
5.085248e-01
5.415526e-01
5.392973e-01
5.252863e-01
5.256384e-01
5.432883e-01
5.524670e-01
5.577443e-01
5.587247e-01
5.495226e-01
5.438560e-01
5.439418e-01
5.439513e-01
5.564129e-01
5.667799e-01
5.666109e-01
5.584662e-01
5.646008e-01
5.759585e-01
5.770017e-01
5.765632e-01
5.764938e-01
5.684725e-01
5.745319e-01
5.807220e-01
5.840414e-01
5.839482e-01
5.881517e-01
5.900081e-01
5.932220e-01
5.955251e-01
5.961331e-01
6.080696e-01
6.333236e-01
6.504860e-01
6.505798e-01
6.600640e-01
