2.336171e-04
3.199984e-04
4.939151e-04
6.089781e-04
8.774739e-04
1.328048e-03
1.715425e-03
2.295595e-03
3.389475e-03
4.632872e-03
5.482992e-03
7.470241e-03
1.079197e-02
1.345773e-02
1.609712e-02
2.014115e-02
2.602768e-02
3.035990e-02
3.533516e-02
3.990922e-02
5.079186e-02
5.626119e-02
6.311099e-02
7.491354e-02
8.338391e-02
9.663213e-02
1.221257e-01
1.314412e-01
1.397967e-01
1.605502e-01
1.742194e-01
1.827769e-01
2.036226e-01
2.245393e-01
2.245311e-01
2.245228e-01
2.356280e-01
2.433013e-01
2.704617e-01
2.807751e-01
2.858571e-01
2.875139e-01
2.893569e-01
3.094970e-01
3.215721e-01
3.294288e-01
3.209801e-01
3.419747e-01
3.621510e-01
3.497646e-01
3.701307e-01
3.839713e-01
3.856362e-01
4.042403e-01
4.188557e-01
4.025530e-01
4.002216e-01
4.223493e-01
4.382084e-01
4.402418e-01
4.213595e-01
4.298032e-01
4.379613e-01
4.553978e-01
4.590369e-01
4.545267e-01
4.425474e-01
4.512541e-01
4.715713e-01
4.691411e-01
4.691630e-01
4.692141e-01
4.564887e-01
4.714520e-01
4.804041e-01
4.834987e-01
4.837973e-01
4.746416e-01
4.761376e-01
4.802566e-01
4.913840e-01
4.910243e-01
4.875081e-01
4.886157e-01
4.941832e-01
4.968818e-01
4.995298e-01
5.003854e-01
4.983818e-01
4.974414e-01
4.980892e-01
4.981612e-01
5.021932e-01
5.060450e-01
5.068170e-01
5.050588e-01
5.075201e-01
5.125400e-01
5.132940e-01
5.138149e-01
5.104605e-01
5.125889e-01
5.148228e-01
5.174162e-01
5.197290e-01
5.199061e-01
5.228333e-01
5.245787e-01
5.270500e-01
5.291736e-01
5.297539e-01
5.411070e-01
5.653616e-01
5.819222e-01
5.820127e-01
5.911187e-01
