0.000000e+00
-8.936216e-26
1.732353e-07
3.011843e-07
5.997493e-07
1.475385e-06
2.569150e-06
4.883749e-06
1.146828e-05
2.248218e-05
3.225345e-05
6.373434e-05
1.432030e-04
2.322629e-04
3.422350e-04
5.606731e-04
9.844881e-04
1.386947e-03
1.912634e-03
2.488874e-03
4.230445e-03
5.272895e-03
6.785799e-03
9.852972e-03
1.244459e-02
1.710096e-02
2.840873e-02
3.319099e-02
3.794006e-02
5.112229e-02
6.097010e-02
6.716670e-02
8.486467e-02
1.048911e-01
1.046093e-01
1.043275e-01
1.155393e-01
1.236511e-01
1.549474e-01
1.672026e-01
1.734652e-01
1.754629e-01
1.773381e-01
2.048911e-01
2.220748e-01
2.333389e-01
2.194225e-01
2.514234e-01
2.831022e-01
2.612176e-01
2.949721e-01
3.179065e-01
3.193392e-01
3.526210e-01
3.795654e-01
3.466161e-01
3.412035e-01
3.829549e-01
4.140050e-01
4.150029e-01
3.772160e-01
3.939206e-01
4.084471e-01
4.437953e-01
4.502759e-01
4.414504e-01
4.128619e-01
4.295998e-01
4.710294e-01
4.641842e-01
4.638642e-01
4.631174e-01
4.344939e-01
4.653186e-01
4.837764e-01
4.893008e-01
4.889213e-01
4.663552e-01
4.688619e-01
4.770911e-01
4.984972e-01
4.970811e-01
4.882719e-01
4.887149e-01
5.000908e-01
5.059094e-01
5.093843e-01
5.101117e-01
5.043962e-01
5.008974e-01
5.011053e-01
5.011284e-01
5.090960e-01
5.156927e-01
5.157701e-01
5.107255e-01
5.147148e-01
5.221559e-01
5.229149e-01
5.227795e-01
5.227766e-01
5.178280e-01
5.217260e-01
5.257457e-01
5.280020e-01
5.280389e-01
5.308315e-01
5.323056e-01
5.345257e-01
5.362401e-01
5.367057e-01
5.453954e-01
5.636831e-01
5.761329e-01
5.761977e-01
5.829475e-01
