2.064546e-05
3.135160e-05
5.579087e-05
7.510138e-05
1.201619e-04
2.090267e-04
2.938671e-04
4.337731e-04
7.291356e-04
1.105391e-03
1.377867e-03
2.085368e-03
3.409904e-03
4.575617e-03
5.792332e-03
7.817751e-03
1.100150e-02
1.355161e-02
1.647809e-02
1.934461e-02
2.668959e-02
3.052660e-02
3.556480e-02
4.460281e-02
5.142178e-02
6.239833e-02
8.503633e-02
9.354392e-02
1.015039e-01
1.218264e-01
1.356699e-01
1.440983e-01
1.662029e-01
1.891271e-01
1.889010e-01
1.886747e-01
2.008799e-01
2.094638e-01
2.404673e-01
2.521796e-01
2.580404e-01
2.599183e-01
2.617482e-01
2.859360e-01
3.004719e-01
3.098699e-01
2.987546e-01
3.246465e-01
3.494692e-01
3.330604e-01
3.588083e-01
3.760091e-01
3.773382e-01
4.010569e-01
4.198360e-01
3.976207e-01
3.940869e-01
4.229305e-01
4.436863e-01
4.446479e-01
4.199263e-01
4.313680e-01
4.412288e-01
4.642578e-01
4.688934e-01
4.633421e-01
4.452156e-01
4.563148e-01
4.830237e-01
4.790663e-01
4.789538e-01
4.786912e-01
4.608618e-01
4.806505e-01
4.923431e-01
4.960217e-01
4.960228e-01
4.826302e-01
4.843526e-01
4.896064e-01
5.034461e-01
5.026783e-01
4.976323e-01
4.982379e-01
5.054775e-01
5.092141e-01
5.116364e-01
5.123546e-01
5.091540e-01
5.073081e-01
5.077151e-01
5.077604e-01
5.128346e-01
5.172133e-01
5.176150e-01
5.148455e-01
5.175295e-01
5.228652e-01
5.235424e-01
5.237455e-01
5.239513e-01
5.212038e-01
5.237880e-01
5.265922e-01
5.285612e-01
5.288179e-01
5.310590e-01
5.325399e-01
5.345528e-01
5.362401e-01
5.367057e-01
5.453954e-01
5.636831e-01
5.761329e-01
5.761977e-01
5.829475e-01
