0.000000e+00
1.680712e-55
1.017321e-49
9.410270e-47
2.819237e-43
3.128835e-37
-1.802670e-31
2.396875e-26
3.920501e-08
1.003488e-07
1.661866e-07
4.369384e-07
1.422931e-06
2.914328e-06
5.212641e-06
1.098792e-05
2.595269e-05
4.391336e-05
7.202554e-05
1.081473e-04
2.464084e-04
3.468817e-04
5.149349e-04
9.232549e-04
1.327910e-03
2.185706e-03
4.830090e-03
6.165376e-03
7.597565e-03
1.209428e-02
1.594169e-02
1.852733e-02
2.674683e-02
3.730470e-02
3.712568e-02
3.694667e-02
4.334643e-02
4.820302e-02
6.871995e-02
7.729210e-02
8.187779e-02
8.333333e-02
8.464117e-02
1.061629e-01
1.204158e-01
1.300506e-01
1.179210e-01
1.461723e-01
1.757418e-01
1.546408e-01
1.871191e-01
2.101859e-01
2.114976e-01
2.471302e-01
2.770170e-01
2.398477e-01
2.337709e-01
2.802452e-01
3.166534e-01
3.175976e-01
2.729530e-01
2.920735e-01
3.089717e-01
3.519779e-01
3.598374e-01
3.484775e-01
3.132709e-01
3.333558e-01
3.850101e-01
3.758413e-01
3.753537e-01
3.742155e-01
3.380493e-01
3.764466e-01
4.000822e-01
4.070503e-01
4.063120e-01
3.764906e-01
3.795747e-01
3.900489e-01
4.173643e-01
4.153854e-01
4.034406e-01
4.036875e-01
4.184034e-01
4.259306e-01
4.302594e-01
4.309472e-01
4.230372e-01
4.181026e-01
4.181035e-01
4.181036e-01
4.284639e-01
4.368969e-01
4.366325e-01
4.295829e-01
4.346433e-01
4.437859e-01
4.445855e-01
4.441121e-01
4.438880e-01
4.369784e-01
4.419831e-01
4.470066e-01
4.494222e-01
4.492280e-01
4.524156e-01
4.538069e-01
4.561130e-01
4.577597e-01
4.582006e-01
4.664039e-01
4.837914e-01
4.957255e-01
4.957877e-01
5.022831e-01
