0.000000e+00
4.323730e-38
1.371864e-31
7.453349e-31
-1.103837e-25
3.742064e-08
6.968362e-08
1.458883e-07
3.989164e-07
8.781207e-07
1.377626e-06
3.132683e-06
8.487469e-06
1.550633e-05
2.547623e-05
4.714515e-05
9.619356e-05
1.497401e-04
2.259980e-04
3.177332e-04
6.245366e-04
8.319999e-04
1.151204e-03
1.870442e-03
2.524264e-03
3.829853e-03
7.373390e-03
9.070557e-03
1.077787e-02
1.586685e-02
1.995041e-02
2.275793e-02
3.083172e-02
4.057876e-02
4.053838e-02
4.049799e-02
4.634655e-02
5.057896e-02
6.819991e-02
7.545546e-02
7.921830e-02
8.043560e-02
8.171540e-02
9.871237e-02
1.098052e-01
1.172548e-01
1.085641e-01
1.298316e-01
1.517971e-01
1.370053e-01
1.606226e-01
1.774545e-01
1.789679e-01
2.041152e-01
2.249498e-01
2.001014e-01
1.961785e-01
2.283643e-01
2.532095e-01
2.543425e-01
2.247021e-01
2.379877e-01
2.496891e-01
2.787998e-01
2.845409e-01
2.775260e-01
2.543526e-01
2.682586e-01
3.033208e-01
2.978463e-01
2.976315e-01
2.971305e-01
2.734536e-01
2.993744e-01
3.154477e-01
3.205784e-01
3.204766e-01
3.015509e-01
3.038236e-01
3.109334e-01
3.302654e-01
3.291412e-01
3.217201e-01
3.222100e-01
3.324216e-01
3.378702e-01
3.411791e-01
3.420717e-01
3.372570e-01
3.344420e-01
3.347887e-01
3.348272e-01
3.421201e-01
3.484903e-01
3.487947e-01
3.446173e-01
3.483912e-01
3.558750e-01
3.567270e-01
3.568092e-01
3.570810e-01
3.528999e-01
3.566119e-01
3.606154e-01
3.633562e-01
3.636158e-01
3.668601e-01
3.685767e-01
3.713792e-01
3.735766e-01
3.741680e-01
3.860371e-01
4.121807e-01
4.306877e-01
4.307929e-01
4.413814e-01
