0.000000e+00
9.460648e-85
-2.144388e-77
-9.476171e-77
-8.354422e-72
-1.502518e-66
-4.808176e-61
4.330223e-56
-3.570386e-50
-1.241408e-43
1.642765e-37
-4.870195e-32
-3.190627e-26
1.743938e-08
3.508415e-08
8.508331e-08
2.485654e-07
4.937622e-07
9.477512e-07
1.641495e-06
5.027015e-06
8.134611e-06
1.419540e-05
3.289960e-05
5.510147e-05
1.144795e-04
3.613629e-04
5.216516e-04
7.062666e-04
1.394822e-03
2.096384e-03
2.638891e-03
4.537886e-03
7.417711e-03
7.391492e-03
7.365273e-03
9.361804e-03
1.093587e-02
1.868121e-02
2.226942e-02
2.426785e-02
2.491132e-02
2.556361e-02
3.584498e-02
4.331838e-02
4.862864e-02
4.219952e-02
5.831070e-02
7.668135e-02
6.353953e-02
8.444206e-02
1.005717e-01
1.018641e-01
1.289061e-01
1.528156e-01
1.233989e-01
1.187888e-01
1.559369e-01
1.874833e-01
1.885569e-01
1.503694e-01
1.664506e-01
1.811306e-01
2.206485e-01
2.284269e-01
2.178299e-01
1.856178e-01
2.040230e-01
2.537464e-01
2.449251e-01
2.444490e-01
2.433379e-01
2.088654e-01
2.456132e-01
2.695571e-01
2.769844e-01
2.763524e-01
2.464313e-01
2.495632e-01
2.599922e-01
2.885754e-01
2.865702e-01
2.742597e-01
2.743982e-01
2.898721e-01
2.981092e-01
3.028087e-01
3.036515e-01
2.953178e-01
2.902433e-01
2.902396e-01
2.902392e-01
3.013879e-01
3.107564e-01
3.104932e-01
3.031195e-01
3.086098e-01
3.189330e-01
3.198654e-01
3.193781e-01
3.193060e-01
3.119430e-01
3.174630e-01
3.231205e-01
3.261603e-01
3.260544e-01
3.299542e-01
3.315547e-01
3.345432e-01
3.366511e-01
3.372065e-01
3.483329e-01
3.730073e-01
3.906170e-01
3.907171e-01
4.008346e-01
