0.000000e+00
-1.522975e-60
-1.513278e-54
-6.809257e-53
-7.772734e-49
-4.782807e-43
1.379140e-37
1.909981e-32
-1.572200e-27
3.291480e-08
5.611953e-08
1.499922e-07
5.048981e-07
1.060711e-06
1.964448e-06
4.237618e-06
1.039332e-05
1.816918e-05
3.059055e-05
4.711194e-05
1.113915e-04
1.604553e-04
2.431647e-04
4.525349e-04
6.631760e-04
1.130901e-03
2.612007e-03
3.404455e-03
4.243055e-03
6.949615e-03
9.316473e-03
1.101065e-02
1.624435e-02
2.309577e-02
2.305323e-02
2.301069e-02
2.733688e-02
3.056159e-02
4.481274e-02
5.092356e-02
5.417341e-02
5.522212e-02
5.630356e-02
7.170198e-02
8.213546e-02
8.927350e-02
8.078750e-02
1.016376e-01
1.239282e-01
1.085259e-01
1.329968e-01
1.508873e-01
1.523983e-01
1.802870e-01
2.039167e-01
1.752969e-01
1.707528e-01
2.073847e-01
2.366158e-01
2.377763e-01
2.026025e-01
2.179505e-01
2.316302e-01
2.667105e-01
2.735736e-01
2.647088e-01
2.364417e-01
2.530132e-01
2.958753e-01
2.887728e-01
2.884377e-01
2.876557e-01
2.582924e-01
2.899949e-01
3.099824e-01
3.162490e-01
3.159225e-01
2.916674e-01
2.943856e-01
3.031714e-01
3.270460e-01
3.255223e-01
3.158121e-01
3.161676e-01
3.289104e-01
3.356871e-01
3.396667e-01
3.405664e-01
3.341540e-01
3.303125e-01
3.305223e-01
3.305455e-01
3.396629e-01
3.474617e-01
3.475407e-01
3.419223e-01
3.465174e-01
3.553824e-01
3.562898e-01
3.561420e-01
3.562820e-01
3.506747e-01
3.552366e-01
3.600310e-01
3.629726e-01
3.630903e-01
3.666958e-01
3.684036e-01
3.713593e-01
3.735766e-01
3.741680e-01
3.860371e-01
4.121807e-01
4.306877e-01
4.307929e-01
4.413814e-01
