0.000000e+00
7.286519e-61
-3.734207e-55
9.135426e-53
-6.080540e-50
-1.445089e-43
-6.832561e-38
1.832041e-32
-1.882538e-26
6.074870e-08
1.046828e-07
2.959111e-07
1.037557e-06
2.209729e-06
4.065742e-06
8.866908e-06
2.169038e-05
3.742939e-05
6.248575e-05
9.513129e-05
2.226851e-04
3.167159e-04
4.758987e-04
8.679790e-04
1.261209e-03
2.104892e-03
4.750424e-03
6.102370e-03
7.560165e-03
1.217556e-02
1.615995e-02
1.884841e-02
2.745765e-02
3.860729e-02
3.841500e-02
3.822271e-02
4.501365e-02
5.018338e-02
7.214316e-02
8.135797e-02
8.629761e-02
8.786452e-02
8.926455e-02
1.125508e-01
1.280311e-01
1.385039e-01
1.252803e-01
1.560719e-01
1.883557e-01
1.652586e-01
2.008312e-01
2.258682e-01
2.275650e-01
2.668187e-01
2.998003e-01
2.587002e-01
2.519606e-01
3.032709e-01
3.435832e-01
3.445906e-01
2.950939e-01
3.162202e-01
3.349064e-01
3.826164e-01
3.913113e-01
3.786357e-01
3.395194e-01
3.617609e-01
4.191047e-01
4.088462e-01
4.082902e-01
4.069927e-01
3.667627e-01
4.093803e-01
4.356489e-01
4.433674e-01
4.425047e-01
4.092195e-01
4.126240e-01
4.242519e-01
4.545562e-01
4.523356e-01
4.389694e-01
4.391842e-01
4.555228e-01
4.638802e-01
4.686468e-01
4.693629e-01
4.605037e-01
4.549565e-01
4.549091e-01
4.549038e-01
4.664001e-01
4.757341e-01
4.753737e-01
4.674670e-01
4.730576e-01
4.830878e-01
4.839375e-01
4.833555e-01
4.830709e-01
4.753316e-01
4.808622e-01
4.863869e-01
4.889682e-01
4.887068e-01
4.921599e-01
4.935863e-01
4.960284e-01
4.977345e-01
4.981890e-01
5.066531e-01
5.245257e-01
5.367381e-01
5.368017e-01
5.434339e-01
