0.000000e+00
2.355127e-78
-1.105982e-72
1.732252e-70
-3.636761e-68
-2.214214e-60
-4.462250e-55
4.239882e-50
2.901126e-46
1.805773e-37
-6.700130e-32
-2.164950e-26
2.534854e-08
5.616228e-08
1.098006e-07
2.606421e-07
7.351749e-07
1.415169e-06
2.639926e-06
4.443940e-06
1.290996e-05
2.028559e-05
3.428368e-05
7.526070e-05
1.222381e-04
2.410314e-04
7.058074e-04
9.892355e-04
1.312732e-03
2.474355e-03
3.613880e-03
4.453028e-03
7.374049e-03
1.164892e-02
1.158577e-02
1.152262e-02
1.437628e-02
1.662318e-02
2.720794e-02
3.197711e-02
3.462044e-02
3.546459e-02
3.626470e-02
4.959129e-02
5.903918e-02
6.567813e-02
5.744187e-02
7.744480e-02
9.974953e-02
8.363968e-02
1.088544e-01
1.278359e-01
1.291095e-01
1.603580e-01
1.876245e-01
1.537445e-01
1.483508e-01
1.907596e-01
2.260287e-01
2.270162e-01
1.840081e-01
2.021021e-01
2.184753e-01
2.619364e-01
2.701955e-01
2.584356e-01
2.228576e-01
2.430476e-01
2.969590e-01
2.872098e-01
2.866780e-01
2.854372e-01
2.477971e-01
2.877622e-01
3.133132e-01
3.210216e-01
3.202192e-01
2.879330e-01
2.912493e-01
3.024564e-01
3.324969e-01
3.303109e-01
3.171024e-01
3.172704e-01
3.335485e-01
3.420571e-01
3.468998e-01
3.476712e-01
3.387814e-01
3.332865e-01
3.332288e-01
3.332224e-01
3.448510e-01
3.544571e-01
3.541024e-01
3.461742e-01
3.518620e-01
3.622767e-01
3.631726e-01
3.625925e-01
3.623803e-01
3.545392e-01
3.602208e-01
3.659651e-01
3.688042e-01
3.685799e-01
3.723226e-01
3.738216e-01
3.765434e-01
3.784409e-01
3.789407e-01
3.886625e-01
4.097338e-01
4.244576e-01
4.245381e-01
4.327867e-01
