0.000000e+00
-2.154544e-62
1.176897e-56
9.525415e-54
-3.510614e-49
3.128289e-44
7.085396e-38
1.812669e-32
-1.226087e-27
1.327037e-08
2.194718e-08
5.672688e-08
1.872071e-07
3.934922e-07
7.322632e-07
1.624196e-06
4.167063e-06
7.504978e-06
1.308763e-05
2.076231e-05
5.299459e-05
7.865067e-05
1.240421e-04
2.448608e-04
3.728530e-04
6.689886e-04
1.687710e-03
2.254157e-03
2.876109e-03
4.962393e-03
6.866995e-03
8.217930e-03
1.266089e-02
1.873004e-02
1.864767e-02
1.856530e-02
2.244340e-02
2.541864e-02
3.874864e-02
4.454171e-02
4.768471e-02
4.868907e-02
4.964627e-02
6.490850e-02
7.537772e-02
8.260514e-02
7.369375e-02
9.510758e-02
1.182775e-01
1.017838e-01
1.275610e-01
1.464741e-01
1.477703e-01
1.778976e-01
2.036738e-01
1.718390e-01
1.667299e-01
2.068018e-01
2.391804e-01
2.401607e-01
2.007472e-01
2.175868e-01
2.326565e-01
2.717882e-01
2.791940e-01
2.688674e-01
2.369682e-01
2.552642e-01
3.031650e-01
2.947447e-01
2.943072e-01
2.932862e-01
2.599857e-01
2.955252e-01
3.178976e-01
3.246700e-01
3.240614e-01
2.961187e-01
2.990713e-01
3.089294e-01
3.352256e-01
3.333815e-01
3.220873e-01
3.223500e-01
3.365198e-01
3.439108e-01
3.481788e-01
3.489436e-01
3.414194e-01
3.367945e-01
3.368454e-01
3.368510e-01
3.469414e-01
3.553278e-01
3.551597e-01
3.484743e-01
3.534563e-01
3.626892e-01
3.635381e-01
3.631545e-01
3.630584e-01
3.564437e-01
3.613973e-01
3.664588e-01
3.691271e-01
3.690297e-01
3.724577e-01
3.739627e-01
3.765599e-01
3.784409e-01
3.789407e-01
3.886625e-01
4.097338e-01
4.244576e-01
4.245381e-01
4.327867e-01
