0.000000e+00
-5.356342e-32
-9.955425e-27
8.677715e-09
2.892689e-08
7.085942e-08
1.250987e-07
2.471382e-07
6.302943e-07
1.338219e-06
2.030122e-06
4.503764e-06
1.189539e-05
2.144082e-05
3.457018e-05
6.375524e-05
1.290604e-04
1.987595e-04
2.983759e-04
4.166407e-04
8.190209e-04
1.084899e-03
1.499464e-03
2.421023e-03
3.265961e-03
4.917837e-03
9.450492e-03
1.155253e-02
1.372543e-02
2.015154e-02
2.530374e-02
2.865985e-02
3.879038e-02
5.103440e-02
5.084545e-02
5.065650e-02
5.780388e-02
6.310743e-02
8.455527e-02
9.325074e-02
9.781541e-02
9.926662e-02
1.005896e-01
1.212944e-01
1.346254e-01
1.435127e-01
1.324462e-01
1.581025e-01
1.842732e-01
1.659090e-01
1.942440e-01
2.139745e-01
2.151667e-01
2.447485e-01
2.691558e-01
2.390913e-01
2.341730e-01
2.720637e-01
3.010346e-01
3.019003e-01
2.665418e-01
2.819588e-01
2.954651e-01
3.291155e-01
3.352976e-01
3.266765e-01
2.993172e-01
3.151596e-01
3.551747e-01
3.483347e-01
3.480006e-01
3.472209e-01
3.194350e-01
3.491952e-01
3.672837e-01
3.726775e-01
3.722305e-01
3.498270e-01
3.522511e-01
3.603075e-01
3.812983e-01
3.798543e-01
3.710062e-01
3.713541e-01
3.825958e-01
3.883428e-01
3.917435e-01
3.923923e-01
3.865864e-01
3.830100e-01
3.831467e-01
3.831619e-01
3.910663e-01
3.975681e-01
3.975482e-01
3.924009e-01
3.963295e-01
4.035911e-01
4.043010e-01
4.040888e-01
4.040223e-01
3.989618e-01
4.028277e-01
4.067771e-01
4.088832e-01
4.088582e-01
4.115111e-01
4.128648e-01
4.149283e-01
4.164941e-01
4.169195e-01
4.248191e-01
4.416381e-01
4.532438e-01
4.533042e-01
4.596357e-01
