1.021228e-04
1.386209e-04
2.128215e-04
2.627764e-04
3.793447e-04
5.785433e-04
7.517470e-04
1.015099e-03
1.520757e-03
2.109676e-03
2.510418e-03
3.481449e-03
5.142091e-03
6.499804e-03
7.848572e-03
9.976928e-03
1.312337e-02
1.552447e-02
1.817837e-02
2.069708e-02
2.684148e-02
2.993807e-02
3.388504e-02
4.072385e-02
4.572167e-02
5.354277e-02
6.893583e-02
7.457816e-02
7.973568e-02
9.259247e-02
1.011538e-01
1.064017e-01
1.196224e-01
1.330282e-01
1.329516e-01
1.328749e-01
1.399551e-01
1.449080e-01
1.624136e-01
1.690449e-01
1.723387e-01
1.734038e-01
1.745204e-01
1.877384e-01
1.956438e-01
2.007920e-01
1.950441e-01
2.089346e-01
2.221716e-01
2.138099e-01
2.274142e-01
2.366356e-01
2.375249e-01
2.499178e-01
2.597183e-01
2.486204e-01
2.469751e-01
2.618359e-01
2.725008e-01
2.731871e-01
2.609059e-01
2.668867e-01
2.720356e-01
2.837652e-01
2.861688e-01
2.837448e-01
2.748334e-01
2.806221e-01
2.943313e-01
2.925943e-01
2.925985e-01
2.926083e-01
2.838885e-01
2.940052e-01
3.000158e-01
3.020414e-01
3.022092e-01
2.959422e-01
2.969211e-01
2.996475e-01
3.070237e-01
3.067038e-01
3.044607e-01
3.050170e-01
3.088326e-01
3.108237e-01
3.122705e-01
3.128326e-01
3.114287e-01
3.107230e-01
3.111362e-01
3.111820e-01
3.138897e-01
3.163292e-01
3.168042e-01
3.156380e-01
3.171782e-01
3.204813e-01
3.209935e-01
3.213165e-01
3.215615e-01
3.203688e-01
3.218372e-01
3.235305e-01
3.249661e-01
3.252798e-01
3.268002e-01
3.280551e-01
3.295817e-01
3.309527e-01
3.313392e-01
3.384635e-01
3.538160e-01
3.645632e-01
3.646190e-01
3.705177e-01
