0.000000e+00
2.578930e-61
3.489958e-55
1.448462e-54
-2.211681e-49
-1.556796e-43
-1.144745e-37
-4.582241e-33
-1.686649e-27
7.332059e-09
1.151992e-08
2.569176e-08
6.886375e-08
1.255764e-07
2.092964e-07
3.929424e-07
8.430495e-07
1.380412e-06
2.210289e-06
3.307340e-06
7.682059e-06
1.118480e-05
1.738252e-05
3.477201e-05
5.389408e-05
1.017787e-04
2.871498e-04
4.024512e-04
5.336902e-04
1.014688e-03
1.495952e-03
1.862413e-03
3.142948e-03
5.069557e-03
5.048670e-03
5.027783e-03
6.353349e-03
7.396905e-03
1.250849e-02
1.486689e-02
1.618108e-02
1.660341e-02
1.702497e-02
2.378777e-02
2.869218e-02
3.217814e-02
2.793644e-02
3.852020e-02
5.057982e-02
4.192609e-02
5.566563e-02
6.626614e-02
6.709056e-02
8.488023e-02
1.006210e-01
8.124221e-02
7.820578e-02
1.026729e-01
1.234671e-01
1.241712e-01
9.899799e-02
1.096063e-01
1.193004e-01
1.453699e-01
1.505052e-01
1.435184e-01
1.223200e-01
1.344310e-01
1.672828e-01
1.614784e-01
1.611732e-01
1.604607e-01
1.376915e-01
1.620223e-01
1.778524e-01
1.827712e-01
1.823747e-01
1.626660e-01
1.647468e-01
1.716678e-01
1.906172e-01
1.892956e-01
1.812039e-01
1.813770e-01
1.916475e-01
1.970983e-01
2.002640e-01
2.008645e-01
1.953790e-01
1.920565e-01
1.921101e-01
1.921161e-01
1.995405e-01
2.057819e-01
2.056836e-01
2.008301e-01
2.045242e-01
2.115293e-01
2.121977e-01
2.119389e-01
2.119163e-01
2.070559e-01
2.107753e-01
2.146134e-01
2.167438e-01
2.167228e-01
2.194128e-01
2.206507e-01
2.227858e-01
2.243561e-01
2.247764e-01
2.331012e-01
2.520943e-01
2.661344e-01
2.662142e-01
2.744226e-01
