3.367443e-08
5.416691e-08
1.042112e-07
1.504239e-07
2.582598e-07
5.087624e-07
7.827920e-07
1.312918e-06
2.702006e-06
4.854018e-06
6.782038e-06
1.275060e-05
2.803531e-05
4.556744e-05
6.816620e-05
1.138252e-04
2.075395e-04
3.014373e-04
4.284225e-04
5.732056e-04
1.032143e-03
1.322803e-03
1.756578e-03
2.684791e-03
3.498217e-03
5.039308e-03
9.015256e-03
1.080829e-02
1.260480e-02
1.779663e-02
2.183300e-02
2.448226e-02
3.213507e-02
4.112329e-02
4.103375e-02
4.094423e-02
4.616844e-02
4.996351e-02
6.518359e-02
7.132100e-02
7.450757e-02
7.552909e-02
7.652858e-02
9.068264e-02
9.973235e-02
1.057730e-01
9.855561e-02
1.157352e-01
1.331672e-01
1.213077e-01
1.400010e-01
1.530801e-01
1.541032e-01
1.733909e-01
1.892323e-01
1.702047e-01
1.671683e-01
1.916591e-01
2.102781e-01
2.110508e-01
1.887246e-01
1.987479e-01
2.075258e-01
2.290788e-01
2.332311e-01
2.280153e-01
2.108147e-01
2.211145e-01
2.468523e-01
2.427999e-01
2.426472e-01
2.422911e-01
2.248553e-01
2.439626e-01
2.556240e-01
2.592782e-01
2.591847e-01
2.454188e-01
2.470807e-01
2.522891e-01
2.661926e-01
2.653633e-01
2.600171e-01
2.604590e-01
2.678292e-01
2.716786e-01
2.740783e-01
2.747215e-01
2.712543e-01
2.692213e-01
2.695089e-01
2.695409e-01
2.747802e-01
2.792878e-01
2.795546e-01
2.765284e-01
2.792569e-01
2.846230e-01
2.852565e-01
2.853537e-01
2.855133e-01
2.824936e-01
2.851686e-01
2.880408e-01
2.899666e-01
2.901598e-01
2.924143e-01
2.937621e-01
2.957375e-01
2.973455e-01
2.977834e-01
3.062714e-01
3.249391e-01
3.382228e-01
3.382959e-01
3.457943e-01
