0.000000e+00
6.979032e-09
1.535407e-08
2.324617e-08
4.166217e-08
8.699113e-08
1.384218e-07
2.407717e-07
5.196541e-07
9.618035e-07
1.381448e-06
2.692662e-06
6.269574e-06
1.062755e-05
1.661232e-05
2.917417e-05
5.702814e-05
8.707393e-05
1.296634e-04
1.808187e-04
3.530155e-04
4.699141e-04
6.510219e-04
1.063567e-03
1.442392e-03
2.206587e-03
4.325656e-03
5.353018e-03
6.397630e-03
9.548763e-03
1.211271e-02
1.387674e-02
1.904147e-02
2.536819e-02
2.533268e-02
2.529716e-02
2.911969e-02
3.190757e-02
4.361456e-02
4.846966e-02
5.100383e-02
5.182221e-02
5.267125e-02
6.422426e-02
7.181261e-02
7.693319e-02
7.092314e-02
8.560920e-02
1.008746e-01
9.053129e-02
1.070319e-01
1.188586e-01
1.198972e-01
1.377120e-01
1.525523e-01
1.348235e-01
1.320312e-01
1.549591e-01
1.727896e-01
1.735960e-01
1.523220e-01
1.618393e-01
1.702499e-01
1.912314e-01
1.953916e-01
1.903145e-01
1.736256e-01
1.836222e-01
2.090267e-01
2.050556e-01
2.049021e-01
2.045442e-01
1.873948e-01
2.062065e-01
2.179028e-01
2.216400e-01
2.215743e-01
2.078286e-01
2.094929e-01
2.146795e-01
2.287898e-01
2.279688e-01
2.225862e-01
2.229865e-01
2.304659e-01
2.344451e-01
2.368996e-01
2.375766e-01
2.340674e-01
2.320303e-01
2.323172e-01
2.323491e-01
2.377114e-01
2.423870e-01
2.426565e-01
2.396153e-01
2.424137e-01
2.480018e-01
2.486618e-01
2.487617e-01
2.489696e-01
2.459152e-01
2.486766e-01
2.516664e-01
2.537449e-01
2.539692e-01
2.564089e-01
2.577947e-01
2.599499e-01
2.616788e-01
2.621478e-01
2.715120e-01
2.926357e-01
3.080374e-01
3.081252e-01
3.170665e-01
