1.667325e-05
2.359909e-05
3.828968e-05
4.903127e-05
7.409644e-05
1.205232e-04
1.634556e-04
2.324966e-04
3.748287e-04
5.488949e-04
6.787566e-04
9.966186e-04
1.582892e-03
2.093331e-03
2.634631e-03
3.501619e-03
4.864503e-03
5.969615e-03
7.223159e-03
8.459999e-03
1.155239e-02
1.320206e-02
1.533055e-02
1.918220e-02
2.205538e-02
2.677132e-02
3.634763e-02
4.008350e-02
4.345951e-02
5.212505e-02
5.804695e-02
6.189667e-02
7.136231e-02
8.118120e-02
8.121579e-02
8.125040e-02
8.663529e-02
9.035773e-02
1.040480e-01
1.093650e-01
1.120007e-01
1.128658e-01
1.138742e-01
1.245199e-01
1.310414e-01
1.353417e-01
1.308359e-01
1.423615e-01
1.535894e-01
1.467633e-01
1.582743e-01
1.663328e-01
1.673253e-01
1.782057e-01
1.869010e-01
1.773735e-01
1.760525e-01
1.891770e-01
1.987718e-01
1.994963e-01
1.887886e-01
1.941425e-01
1.988311e-01
2.095184e-01
2.118550e-01
2.098145e-01
2.019058e-01
2.072565e-01
2.199721e-01
2.185418e-01
2.185791e-01
2.186662e-01
2.108514e-01
2.201739e-01
2.258526e-01
2.279002e-01
2.281688e-01
2.226233e-01
2.235990e-01
2.261605e-01
2.334297e-01
2.331949e-01
2.312342e-01
2.318381e-01
2.355362e-01
2.375765e-01
2.390595e-01
2.397266e-01
2.385477e-01
2.380300e-01
2.385186e-01
2.385729e-01
2.412504e-01
2.438564e-01
2.444513e-01
2.435074e-01
2.451061e-01
2.487013e-01
2.492797e-01
2.497162e-01
2.501113e-01
2.491334e-01
2.506565e-01
2.525023e-01
2.542956e-01
2.547268e-01
2.566413e-01
2.580410e-01
2.599788e-01
2.616788e-01
2.621478e-01
2.715120e-01
2.926357e-01
3.080374e-01
3.081252e-01
3.170665e-01
