0.000000e+00
-1.342392e-78
3.395949e-72
1.625277e-70
-4.236002e-66
2.904793e-60
-4.242566e-55
-1.730315e-49
2.085868e-45
-1.561414e-37
-1.340228e-31
-3.429819e-27
1.514826e-08
3.030203e-08
5.452922e-08
1.130026e-07
2.730766e-07
4.826596e-07
8.321257e-07
1.325665e-06
3.504294e-06
5.390041e-06
8.934220e-06
1.962098e-05
3.210330e-05
6.539912e-05
2.057220e-04
2.982319e-04
4.058825e-04
8.159866e-04
1.243334e-03
1.576589e-03
2.773742e-03
4.639950e-03
4.620554e-03
4.601157e-03
5.916347e-03
6.965874e-03
1.224090e-02
1.472221e-02
1.611869e-02
1.656777e-02
1.701851e-02
2.433241e-02
2.972797e-02
3.359624e-02
2.888893e-02
4.072573e-02
5.441438e-02
4.454246e-02
6.024955e-02
7.252594e-02
7.349049e-02
9.441266e-02
1.131029e-01
9.004727e-02
8.645480e-02
1.154965e-01
1.405238e-01
1.413556e-01
1.110471e-01
1.237295e-01
1.353789e-01
1.670452e-01
1.733014e-01
1.647208e-01
1.388718e-01
1.535920e-01
1.937448e-01
1.865500e-01
1.861620e-01
1.852568e-01
1.573842e-01
1.870863e-01
2.065732e-01
2.126201e-01
2.120906e-01
1.876786e-01
1.902263e-01
1.987150e-01
2.220356e-01
2.203816e-01
2.102987e-01
2.104236e-01
2.230975e-01
2.298358e-01
2.337054e-01
2.343909e-01
2.275291e-01
2.233533e-01
2.233596e-01
2.233603e-01
2.325170e-01
2.402041e-01
2.399978e-01
2.339132e-01
2.384371e-01
2.469527e-01
2.477305e-01
2.473364e-01
2.472663e-01
2.411794e-01
2.457400e-01
2.504170e-01
2.529255e-01
2.528395e-01
2.560534e-01
2.574239e-01
2.599063e-01
2.616788e-01
2.621478e-01
2.715120e-01
2.926357e-01
3.080374e-01
3.081252e-01
3.170665e-01
