0.000000e+00
1.274021e-69
3.620185e-63
4.124875e-62
1.099607e-57
-8.903778e-52
1.767018e-46
-6.780042e-41
-4.308187e-35
-2.886738e-29
1.066288e-23
2.245536e-05
5.663604e-05
9.856609e-05
1.551487e-04
2.713049e-04
5.163510e-04
7.688887e-04
1.112099e-03
1.508683e-03
2.754693e-03
3.556210e-03
4.742718e-03
7.291664e-03
9.509380e-03
1.374621e-02
2.450596e-02
2.941265e-02
3.423801e-02
4.813822e-02
5.886167e-02
6.609067e-02
8.630591e-02
1.097160e-01
1.096374e-01
1.095589e-01
1.232965e-01
1.330626e-01
1.728330e-01
1.888251e-01
1.970073e-01
1.996527e-01
2.024211e-01
2.387141e-01
2.619558e-01
2.773475e-01
2.593258e-01
3.029622e-01
3.472146e-01
3.175004e-01
3.646013e-01
3.974917e-01
4.003852e-01
4.487488e-01
4.882772e-01
4.409247e-01
4.332846e-01
4.944063e-01
5.407319e-01
5.427128e-01
4.871674e-01
5.119753e-01
5.336392e-01
5.872251e-01
5.976049e-01
5.845995e-01
5.417720e-01
5.672571e-01
6.309188e-01
6.208275e-01
6.203790e-01
6.193325e-01
5.760115e-01
6.229831e-01
6.518226e-01
6.608711e-01
6.605307e-01
6.260756e-01
6.300427e-01
6.427383e-01
6.769176e-01
6.748515e-01
6.613101e-01
6.618616e-01
6.799699e-01
6.894626e-01
6.950637e-01
6.964275e-01
6.876689e-01
6.824487e-01
6.828076e-01
6.828475e-01
6.955884e-01
7.065616e-01
7.067632e-01
6.991567e-01
7.055685e-01
7.179830e-01
7.192695e-01
7.191418e-01
7.194417e-01
7.118912e-01
7.181820e-01
7.248327e-01
7.290574e-01
7.292788e-01
7.344154e-01
7.367672e-01
7.409590e-01
7.440888e-01
7.449166e-01
7.615987e-01
7.969680e-01
8.209033e-01
8.210386e-01
8.344141e-01
