3.678115e-06
4.805990e-06
6.951390e-06
8.331187e-06
1.155091e-05
1.679313e-05
2.126084e-05
2.816464e-05
4.180099e-05
5.751601e-05
6.938405e-05
9.799862e-05
1.529200e-04
2.024858e-04
2.579457e-04
3.515430e-04
5.135428e-04
6.549870e-04
8.269488e-04
1.006905e-03
1.514371e-03
1.806356e-03
2.212964e-03
3.021739e-03
3.679817e-03
4.843665e-03
7.581766e-03
8.729990e-03
9.850203e-03
1.295399e-02
1.525015e-02
1.671101e-02
2.081125e-02
2.542717e-02
2.538191e-02
2.533665e-02
2.794496e-02
2.980562e-02
3.707384e-02
3.994246e-02
4.140890e-02
4.187947e-02
4.234366e-02
4.873734e-02
5.274327e-02
5.540042e-02
5.225912e-02
5.973094e-02
6.717880e-02
6.217966e-02
7.010588e-02
7.558913e-02
7.603238e-02
8.395839e-02
9.041033e-02
8.277157e-02
8.155778e-02
9.149354e-02
9.894422e-02
9.930457e-02
9.046141e-02
9.451324e-02
9.805155e-02
1.065741e-01
1.082558e-01
1.062861e-01
9.955844e-02
1.036748e-01
1.138254e-01
1.123386e-01
1.122976e-01
1.122017e-01
1.054405e-01
1.129954e-01
1.175687e-01
1.190324e-01
1.190544e-01
1.138730e-01
1.145589e-01
1.166195e-01
1.221347e-01
1.218289e-01
1.198849e-01
1.201746e-01
1.231064e-01
1.246113e-01
1.256473e-01
1.259747e-01
1.247039e-01
1.240031e-01
1.242134e-01
1.242368e-01
1.263342e-01
1.281341e-01
1.283659e-01
1.272893e-01
1.284233e-01
1.307800e-01
1.311157e-01
1.312601e-01
1.313669e-01
1.302671e-01
1.313846e-01
1.326240e-01
1.335533e-01
1.337174e-01
1.347279e-01
1.355579e-01
1.365634e-01
1.374616e-01
1.377156e-01
1.424264e-01
1.533928e-01
1.617789e-01
1.618240e-01
1.667056e-01
