3.055516e-07
4.374676e-07
7.174477e-07
9.251412e-07
1.409787e-06
2.309778e-06
3.142752e-06
4.522557e-06
7.486548e-06
1.122071e-05
1.415056e-05
2.182626e-05
3.796214e-05
5.379436e-05
7.251382e-05
1.068561e-04
1.719736e-04
2.334778e-04
3.136726e-04
4.026883e-04
6.798661e-04
8.517541e-04
1.107456e-03
1.653912e-03
2.133564e-03
3.040603e-03
5.423461e-03
6.497087e-03
7.593263e-03
1.079201e-02
1.331156e-02
1.493960e-02
1.980464e-02
2.561278e-02
2.552804e-02
2.544332e-02
2.881679e-02
3.130066e-02
4.131496e-02
4.536275e-02
4.747965e-02
4.815382e-02
4.877792e-02
5.833438e-02
6.446709e-02
6.856435e-02
6.352499e-02
7.530031e-02
8.728863e-02
7.895581e-02
9.192216e-02
1.009790e-01
1.015727e-01
1.150862e-01
1.262402e-01
1.126590e-01
1.104602e-01
1.277358e-01
1.409435e-01
1.414169e-01
1.254363e-01
1.325022e-01
1.387048e-01
1.540367e-01
1.569288e-01
1.531150e-01
1.407532e-01
1.480338e-01
1.663488e-01
1.633628e-01
1.632367e-01
1.629423e-01
1.503849e-01
1.640331e-01
1.723329e-01
1.748663e-01
1.747447e-01
1.647548e-01
1.659145e-01
1.696331e-01
1.794018e-01
1.787687e-01
1.748877e-01
1.751900e-01
1.804297e-01
1.830951e-01
1.847858e-01
1.851888e-01
1.826285e-01
1.811057e-01
1.812884e-01
1.813087e-01
1.850208e-01
1.880988e-01
1.882488e-01
1.860083e-01
1.879135e-01
1.916051e-01
1.920406e-01
1.920737e-01
1.921086e-01
1.898701e-01
1.917517e-01
1.937307e-01
1.949417e-01
1.950384e-01
1.964512e-01
1.974251e-01
1.986753e-01
1.997244e-01
2.000185e-01
2.053406e-01
2.171772e-01
2.257948e-01
2.258393e-01
2.306449e-01
