0.000000e+00
1.027231e-61
1.035908e-55
-1.361138e-54
-6.088892e-50
3.543752e-44
2.154116e-38
2.497690e-34
-4.180963e-29
1.845344e-09
2.923598e-09
6.567162e-09
1.762839e-08
3.198590e-08
5.298069e-08
9.721767e-08
1.999687e-07
3.158978e-07
4.825567e-07
6.888480e-07
1.400969e-06
1.911010e-06
2.707725e-06
4.683343e-06
6.549570e-06
1.067050e-05
2.358813e-05
3.078549e-05
3.838799e-05
6.566950e-05
9.189577e-05
1.119309e-04
1.851081e-04
3.062144e-04
3.049965e-04
3.037786e-04
3.967684e-04
4.716451e-04
9.263054e-04
1.163858e-03
1.306824e-03
1.352632e-03
1.397268e-03
2.284545e-03
3.039833e-03
3.630128e-03
2.890376e-03
4.863676e-03
7.511756e-03
5.459625e-03
8.759347e-03
1.172428e-02
1.193611e-02
1.802734e-02
2.413120e-02
1.641834e-02
1.528927e-02
2.474065e-02
3.439835e-02
3.462685e-02
2.291216e-02
2.743213e-02
3.187857e-02
4.555826e-02
4.838194e-02
4.419613e-02
3.287476e-02
3.902668e-02
5.787469e-02
5.404132e-02
5.380731e-02
5.326124e-02
4.006203e-02
5.391844e-02
6.388356e-02
6.697448e-02
6.654839e-02
5.355594e-02
5.479188e-02
5.904527e-02
7.112689e-02
7.012627e-02
6.445906e-02
6.441038e-02
7.119405e-02
7.481724e-02
7.687984e-02
7.710970e-02
7.302349e-02
7.052472e-02
7.040240e-02
7.038882e-02
7.540881e-02
7.951344e-02
7.921453e-02
7.553340e-02
7.796716e-02
8.242406e-02
8.277593e-02
8.239499e-02
8.217984e-02
7.846238e-02
8.097788e-02
8.347994e-02
8.452518e-02
8.433248e-02
8.577327e-02
8.636207e-02
8.737011e-02
8.804364e-02
8.822451e-02
9.151736e-02
9.949003e-02
1.059463e-01
1.059817e-01
1.098891e-01
