0.000000e+00
-1.818529e-79
2.211412e-72
-7.343590e-71
8.635496e-68
-5.834077e-62
-1.242612e-56
-3.965297e-50
-6.415320e-45
3.183248e-38
2.125143e-32
2.366583e-27
4.218338e-09
8.305098e-09
1.460632e-08
2.921429e-08
6.605285e-08
1.100436e-07
1.770557e-07
2.632492e-07
5.853821e-07
8.255864e-07
1.219191e-06
2.236132e-06
3.243491e-06
5.537270e-06
1.317988e-05
1.752286e-05
2.221513e-05
3.928655e-05
5.585728e-05
6.831151e-05
1.147327e-04
1.920908e-04
1.911001e-04
1.901094e-04
2.499940e-04
2.984483e-04
6.044542e-04
7.688347e-04
8.700554e-04
9.023948e-04
9.331648e-04
1.596492e-03
2.190317e-03
2.670201e-03
2.062768e-03
3.722759e-03
6.079376e-03
4.207017e-03
7.234923e-03
1.011704e-02
1.031459e-02
1.668195e-02
2.336647e-02
1.486641e-02
1.366771e-02
2.397612e-02
3.525568e-02
3.548032e-02
2.182766e-02
2.694138e-02
3.211472e-02
4.880141e-02
5.230469e-02
4.696839e-02
3.314523e-02
4.054844e-02
6.429076e-02
5.922891e-02
5.891717e-02
5.818972e-02
4.158653e-02
5.895764e-02
7.191587e-02
7.594801e-02
7.532228e-02
5.824070e-02
5.982504e-02
6.530832e-02
8.111295e-02
7.974418e-02
7.213454e-02
7.203761e-02
8.098550e-02
8.579898e-02
8.851969e-02
8.876671e-02
8.319464e-02
7.978336e-02
7.957238e-02
7.954894e-02
8.621951e-02
9.168127e-02
9.120396e-02
8.614079e-02
8.937425e-02
9.520367e-02
9.562534e-02
9.504617e-02
9.469718e-02
8.959943e-02
9.294371e-02
9.624895e-02
9.750871e-02
9.717978e-02
9.900492e-02
9.964345e-02
1.008185e-01
1.015511e-01
1.017450e-01
1.052122e-01
1.134749e-01
1.200126e-01
1.200471e-01
1.238935e-01
