6.571474e-07
9.164669e-07
1.447821e-06
1.826380e-06
2.709735e-06
4.294388e-06
5.735437e-06
8.090053e-06
1.307542e-05
1.925650e-05
2.413695e-05
3.668285e-05
6.278089e-05
8.811354e-05
1.178611e-04
1.712365e-04
2.699633e-04
3.612410e-04
4.774251e-04
6.038836e-04
9.814443e-04
1.209463e-03
1.538667e-03
2.221193e-03
2.799872e-03
3.864813e-03
6.515947e-03
7.677407e-03
8.831606e-03
1.212026e-02
1.463341e-02
1.626063e-02
2.093424e-02
2.635239e-02
2.629616e-02
2.623994e-02
2.935958e-02
3.161301e-02
4.058657e-02
4.418153e-02
4.603725e-02
4.663236e-02
4.721643e-02
5.543681e-02
6.066179e-02
6.414536e-02
5.999243e-02
6.987212e-02
7.984793e-02
7.308394e-02
8.376972e-02
9.122810e-02
9.181563e-02
1.027592e-01
1.117327e-01
1.010147e-01
9.930918e-02
1.131621e-01
1.236637e-01
1.241317e-01
1.115941e-01
1.172679e-01
1.222383e-01
1.343598e-01
1.367241e-01
1.338462e-01
1.242147e-01
1.300368e-01
1.445276e-01
1.423175e-01
1.422443e-01
1.420737e-01
1.323290e-01
1.431085e-01
1.496717e-01
1.517502e-01
1.517381e-01
1.441344e-01
1.450940e-01
1.480398e-01
1.559199e-01
1.554653e-01
1.525573e-01
1.528893e-01
1.570773e-01
1.592467e-01
1.606710e-01
1.610872e-01
1.591915e-01
1.581114e-01
1.583438e-01
1.583696e-01
1.613616e-01
1.639320e-01
1.641748e-01
1.625420e-01
1.641314e-01
1.673516e-01
1.677735e-01
1.679055e-01
1.680275e-01
1.663792e-01
1.679437e-01
1.696532e-01
1.708722e-01
1.710459e-01
1.724182e-01
1.734027e-01
1.746929e-01
1.758016e-01
1.761108e-01
1.819561e-01
1.953056e-01
2.052565e-01
2.053105e-01
2.110472e-01
