0.000000e+00
1.006635e-55
1.248682e-50
2.218395e-48
7.426882e-44
-3.753776e-39
-2.315931e-32
-2.059716e-27
2.992450e-09
6.479071e-09
9.947361e-09
2.113064e-08
5.311485e-08
9.271193e-08
1.487889e-07
2.629983e-07
5.186532e-07
7.984204e-07
1.192059e-06
1.670399e-06
3.288011e-06
4.426483e-06
6.194177e-06
1.055216e-05
1.469149e-05
2.392424e-05
5.447145e-05
7.232028e-05
9.200848e-05
1.657898e-04
2.414170e-04
3.001970e-04
5.225235e-04
8.944729e-04
8.894565e-04
8.844400e-04
1.162258e-03
1.389514e-03
2.655596e-03
3.287767e-03
3.658336e-03
3.776928e-03
3.891349e-03
6.009646e-03
7.686280e-03
8.939331e-03
7.378013e-03
1.138127e-02
1.634690e-02
1.261834e-02
1.855232e-02
2.348880e-02
2.383911e-02
3.301505e-02
4.165441e-02
3.083194e-02
2.918319e-02
4.260208e-02
5.509115e-02
5.543040e-02
4.025202e-02
4.635623e-02
5.213905e-02
6.876607e-02
7.209302e-02
6.730257e-02
5.360304e-02
6.121153e-02
8.309006e-02
7.890604e-02
7.866278e-02
7.809512e-02
6.279198e-02
7.896427e-02
8.999760e-02
9.339544e-02
9.300288e-02
7.886495e-02
8.026985e-02
8.504389e-02
9.829196e-02
9.726710e-02
9.128480e-02
9.130433e-02
9.863619e-02
1.025159e-01
1.047472e-01
1.050664e-01
1.008736e-01
9.831016e-02
9.825001e-02
9.824333e-02
1.036015e-01
1.080101e-01
1.077977e-01
1.040496e-01
1.066712e-01
1.115373e-01
1.119594e-01
1.116493e-01
1.115041e-01
1.077326e-01
1.104145e-01
1.131195e-01
1.144034e-01
1.142808e-01
1.159726e-01
1.167325e-01
1.180028e-01
1.189058e-01
1.191493e-01
1.237678e-01
1.347841e-01
1.434534e-01
1.435020e-01
1.487073e-01
