0.000000e+00
-2.185987e-73
4.720545e-67
7.984066e-65
5.016698e-61
2.709849e-55
1.351834e-49
-1.590693e-44
-7.605127e-39
-1.259077e-32
-7.929630e-27
4.052219e-09
1.182041e-08
2.255636e-08
3.892759e-08
7.534935e-08
1.650532e-07
2.711201e-07
4.301475e-07
6.339588e-07
1.383469e-06
1.946657e-06
2.872015e-06
5.310836e-06
7.794211e-06
1.375496e-05
3.609357e-05
5.038710e-05
6.687267e-05
1.325876e-04
2.048402e-04
2.631094e-04
4.930066e-04
8.970560e-04
8.914696e-04
8.858830e-04
1.195807e-03
1.455039e-03
2.927245e-03
3.677262e-03
4.121294e-03
4.263606e-03
4.402605e-03
6.967201e-03
9.022981e-03
1.056926e-02
8.651702e-03
1.361159e-02
1.982096e-02
1.516281e-02
2.260734e-02
2.885713e-02
2.931711e-02
4.100214e-02
5.205128e-02
3.823388e-02
3.614431e-02
5.330070e-02
6.936320e-02
6.981337e-02
5.032003e-02
5.815854e-02
6.560132e-02
8.707573e-02
9.139674e-02
8.520614e-02
6.753121e-02
7.735891e-02
1.057107e-01
1.002865e-01
9.997202e-02
9.923829e-02
7.943729e-02
1.003682e-01
1.147145e-01
1.191559e-01
1.186497e-01
1.002801e-01
1.021061e-01
1.083009e-01
1.255744e-01
1.242459e-01
1.164471e-01
1.164528e-01
1.259973e-01
1.310811e-01
1.339812e-01
1.343977e-01
1.289362e-01
1.255979e-01
1.255084e-01
1.254985e-01
1.324801e-01
1.382617e-01
1.379685e-01
1.330834e-01
1.364998e-01
1.428376e-01
1.433751e-01
1.429574e-01
1.427818e-01
1.378724e-01
1.413620e-01
1.448866e-01
1.465722e-01
1.464052e-01
1.486440e-01
1.495680e-01
1.512237e-01
1.523725e-01
1.526786e-01
1.586140e-01
1.725406e-01
1.832295e-01
1.832899e-01
1.896458e-01
