1.220298e-07
1.801591e-07
3.077577e-07
4.069151e-07
6.382959e-07
1.085989e-06
1.511151e-06
2.230077e-06
3.809986e-06
5.835804e-06
7.445810e-06
1.169400e-05
2.071462e-05
2.962309e-05
4.025177e-05
5.982621e-05
9.752967e-05
1.337490e-04
1.816543e-04
2.357013e-04
4.087004e-04
5.189231e-04
6.862499e-04
1.055148e-03
1.387777e-03
2.036566e-03
3.822336e-03
4.656318e-03
5.521635e-03
8.115743e-03
1.021934e-02
1.159700e-02
1.581763e-02
2.100221e-02
2.092239e-02
2.084258e-02
2.390814e-02
2.618841e-02
3.558182e-02
3.943262e-02
4.146502e-02
4.211164e-02
4.270493e-02
5.203936e-02
5.811242e-02
6.219640e-02
5.713874e-02
6.897203e-02
8.117384e-02
7.261270e-02
8.590710e-02
9.528096e-02
9.587500e-02
1.100784e-01
1.218980e-01
1.074215e-01
1.050748e-01
1.234053e-01
1.375899e-01
1.380647e-01
1.208459e-01
1.283840e-01
1.350294e-01
1.516407e-01
1.547609e-01
1.505545e-01
1.371016e-01
1.449566e-01
1.648998e-01
1.615729e-01
1.614228e-01
1.610725e-01
1.473236e-01
1.621859e-01
1.712795e-01
1.740351e-01
1.738666e-01
1.627913e-01
1.640428e-01
1.681076e-01
1.787830e-01
1.780697e-01
1.737292e-01
1.740102e-01
1.797541e-01
1.826780e-01
1.845004e-01
1.849044e-01
1.820286e-01
1.802999e-01
1.804574e-01
1.804749e-01
1.845470e-01
1.879047e-01
1.880129e-01
1.854845e-01
1.875537e-01
1.915133e-01
1.919594e-01
1.919498e-01
1.919570e-01
1.894368e-01
1.914860e-01
1.936214e-01
1.948689e-01
1.949368e-01
1.964212e-01
1.973941e-01
1.986717e-01
1.997244e-01
2.000185e-01
2.053406e-01
2.171772e-01
2.257948e-01
2.258393e-01
2.306449e-01
