2.055767e-08
3.229673e-08
5.993481e-08
8.360646e-08
1.388436e-07
2.555536e-07
3.729123e-07
5.811539e-07
1.064996e-06
1.716547e-06
2.251183e-06
3.703271e-06
6.887070e-06
1.009318e-05
1.397686e-05
2.116263e-05
3.523380e-05
4.900176e-05
6.748431e-05
8.875228e-05
1.593232e-04
2.061046e-04
2.793218e-04
4.494363e-04
6.098727e-04
9.407199e-04
1.932921e-03
2.428689e-03
2.958549e-03
4.632195e-03
6.067818e-03
7.034295e-03
1.013877e-02
1.417217e-02
1.410465e-02
1.403713e-02
1.650839e-02
1.838445e-02
2.644752e-02
2.984952e-02
3.167785e-02
3.225873e-02
3.278520e-02
4.146496e-02
4.727050e-02
5.122876e-02
4.627771e-02
5.792317e-02
7.024231e-02
6.146043e-02
7.507369e-02
8.486857e-02
8.546017e-02
1.007473e-01
1.136814e-01
9.769802e-02
9.511270e-02
1.152042e-01
1.311369e-01
1.316135e-01
1.121893e-01
1.205499e-01
1.279870e-01
1.469698e-01
1.505225e-01
1.455715e-01
1.300991e-01
1.390102e-01
1.620426e-01
1.580571e-01
1.578608e-01
1.574028e-01
1.413995e-01
1.585593e-01
1.691931e-01
1.723857e-01
1.721248e-01
1.589419e-01
1.603712e-01
1.651032e-01
1.775529e-01
1.766812e-01
1.714375e-01
1.716766e-01
1.784113e-01
1.818471e-01
1.839313e-01
1.843367e-01
1.808354e-01
1.787004e-01
1.788089e-01
1.788208e-01
1.836038e-01
1.875177e-01
1.875421e-01
1.844419e-01
1.868370e-01
1.913309e-01
1.917978e-01
1.917004e-01
1.916546e-01
1.885738e-01
1.909562e-01
1.934019e-01
1.947236e-01
1.947348e-01
1.963625e-01
1.973331e-01
1.986646e-01
1.997244e-01
2.000185e-01
2.053406e-01
2.171772e-01
2.257948e-01
2.258393e-01
2.306449e-01
