1.287644e-13
3.044497e-13
9.638100e-13
2.055249e-12
4.602087e-12
1.423372e-11
2.850453e-11
6.431493e-11
1.906516e-10
4.408165e-10
7.044856e-10
1.669248e-09
4.731613e-09
8.839174e-09
1.480675e-08
2.808084e-08
5.938679e-08
9.466170e-08
1.461957e-07
2.098947e-07
4.353637e-07
5.943533e-07
8.465092e-07
1.461062e-06
2.043601e-06
3.294463e-06
7.110269e-06
9.117806e-06
1.121787e-05
1.832366e-05
2.460230e-05
2.911076e-05
4.409051e-05
6.513874e-05
6.511086e-05
6.508298e-05
7.988290e-05
8.996477e-05
1.476219e-04
1.741857e-04
1.883840e-04
1.929975e-04
1.980085e-04
2.826150e-04
3.495174e-04
4.001562e-04
3.380772e-04
5.077182e-04
7.385108e-04
5.572098e-04
8.508983e-04
1.131900e-03
1.161526e-03
1.918687e-03
2.837807e-03
1.663298e-03
1.507933e-03
2.906417e-03
4.990698e-03
5.023480e-03
2.552736e-03
3.346427e-03
4.266149e-03
8.233384e-03
9.239666e-03
7.678780e-03
4.412581e-03
6.050655e-03
1.304279e-02
1.122743e-02
1.110833e-02
1.083040e-02
6.114023e-03
1.099837e-02
1.573248e-02
1.735205e-02
1.703399e-02
1.059658e-02
1.113647e-02
1.299057e-02
1.920793e-02
1.855710e-02
1.530596e-02
1.521159e-02
1.891632e-02
2.105900e-02
2.229726e-02
2.234040e-02
1.963425e-02
1.805528e-02
1.790507e-02
1.788838e-02
2.084290e-02
2.332060e-02
2.299367e-02
2.049432e-02
2.194095e-02
2.457798e-02
2.473961e-02
2.436656e-02
2.410240e-02
2.153013e-02
2.307757e-02
2.459955e-02
2.501169e-02
2.476873e-02
2.544954e-02
2.565456e-02
2.599978e-02
2.616132e-02
2.620433e-02
2.662081e-02
2.758745e-02
2.842963e-02
2.843079e-02
2.881209e-02
