2.495274e-08
3.769879e-08
6.635386e-08
8.926641e-08
1.427321e-07
2.486979e-07
3.506071e-07
5.239402e-07
9.066654e-07
1.392627e-06
1.780947e-06
2.768311e-06
4.770800e-06
6.632575e-06
8.782189e-06
1.236449e-05
1.867006e-05
2.426444e-05
3.101953e-05
3.816242e-05
5.836559e-05
7.034033e-05
8.691423e-05
1.223709e-04
1.517303e-04
2.080735e-04
3.594753e-04
4.326960e-04
5.085589e-04
7.585357e-04
9.777978e-04
1.128319e-03
1.648720e-03
2.390278e-03
2.376980e-03
2.363680e-03
2.855392e-03
3.232579e-03
5.086813e-03
5.920653e-03
6.386528e-03
6.533993e-03
6.663197e-03
9.116550e-03
1.089001e-02
1.215202e-02
1.053297e-02
1.442311e-02
1.887166e-02
1.554912e-02
2.068924e-02
2.463339e-02
2.484134e-02
3.163422e-02
3.771411e-02
3.004137e-02
2.881027e-02
3.827193e-02
4.643663e-02
4.661735e-02
3.659265e-02
4.069490e-02
4.446631e-02
5.476312e-02
5.670974e-02
5.381247e-02
4.529317e-02
5.002591e-02
6.300841e-02
6.056841e-02
6.042687e-02
6.009660e-02
5.093718e-02
6.060459e-02
6.686310e-02
6.870880e-02
6.847555e-02
6.044033e-02
6.124033e-02
6.399287e-02
7.129802e-02
7.071761e-02
6.742449e-02
6.749052e-02
7.153738e-02
7.357963e-02
7.480450e-02
7.497000e-02
7.268448e-02
7.127432e-02
7.126991e-02
7.126942e-02
7.417248e-02
7.645793e-02
7.637580e-02
7.434011e-02
7.575246e-02
7.833631e-02
7.858108e-02
7.843971e-02
7.832068e-02
7.628270e-02
7.771965e-02
7.914611e-02
7.976574e-02
7.970292e-02
8.049801e-02
8.101521e-02
8.163606e-02
8.212898e-02
8.226963e-02
8.456528e-02
9.002489e-02
9.438824e-02
9.440929e-02
9.690095e-02
