4.482809e-08
6.545077e-08
1.100344e-07
1.437136e-07
2.223029e-07
3.701588e-07
5.074104e-07
7.334512e-07
1.214036e-06
1.800762e-06
2.259783e-06
3.384948e-06
5.575927e-06
7.541795e-06
9.767674e-06
1.334866e-05
1.946287e-05
2.475796e-05
3.098732e-05
3.745658e-05
5.506632e-05
6.525382e-05
7.890008e-05
1.073417e-04
1.298297e-04
1.714757e-04
2.739667e-04
3.206538e-04
3.664697e-04
5.120171e-04
6.312123e-04
7.113968e-04
9.775495e-04
1.343496e-03
1.338573e-03
1.333649e-03
1.577783e-03
1.755907e-03
2.677383e-03
3.091850e-03
3.322238e-03
3.395288e-03
3.460299e-03
4.721817e-03
5.654752e-03
6.328574e-03
5.460495e-03
7.574061e-03
1.006628e-02
8.172320e-03
1.110299e-02
1.341016e-02
1.353075e-02
1.770222e-02
2.153542e-02
1.665821e-02
1.587538e-02
2.184222e-02
2.721413e-02
2.731626e-02
2.070858e-02
2.334416e-02
2.580733e-02
3.277682e-02
3.410823e-02
3.207887e-02
2.627803e-02
2.944400e-02
3.839980e-02
3.665547e-02
3.654686e-02
3.629342e-02
2.993935e-02
3.659662e-02
4.100896e-02
4.230014e-02
4.210914e-02
3.636074e-02
3.690963e-02
3.883388e-02
4.396932e-02
4.353531e-02
4.114858e-02
4.117016e-02
4.404923e-02
4.549133e-02
4.635546e-02
4.644478e-02
4.475257e-02
4.370642e-02
4.367859e-02
4.367550e-02
4.574921e-02
4.733981e-02
4.724671e-02
4.573998e-02
4.672881e-02
4.851732e-02
4.867960e-02
4.854784e-02
4.842417e-02
4.690708e-02
4.792539e-02
4.891518e-02
4.927765e-02
4.920541e-02
4.967827e-02
5.002775e-02
5.038509e-02
5.067159e-02
5.075594e-02
5.193751e-02
5.482084e-02
5.726685e-02
5.727708e-02
5.865410e-02
