1.430696e-13
3.076155e-13
8.617793e-13
1.647823e-12
3.482032e-12
9.544697e-12
1.774996e-11
3.669003e-11
9.700485e-11
2.058668e-10
3.135740e-10
6.790457e-10
1.728705e-09
3.028000e-09
4.815933e-09
8.550088e-09
1.675824e-08
2.549577e-08
3.768488e-08
5.218303e-08
1.004798e-07
1.329614e-07
1.825504e-07
2.979391e-07
4.025891e-07
6.175429e-07
1.227657e-06
1.532449e-06
1.843573e-06
2.847077e-06
3.689323e-06
4.286190e-06
6.149321e-06
8.600209e-06
8.610007e-06
8.619805e-06
1.026775e-05
1.134246e-05
1.720589e-05
1.975996e-05
2.105803e-05
2.148352e-05
2.197507e-05
2.921442e-05
3.453738e-05
3.829999e-05
3.383525e-05
4.579220e-05
6.041368e-05
4.963164e-05
6.693573e-05
8.084840e-05
8.299012e-05
1.145088e-04
1.470368e-04
1.058040e-04
9.885454e-05
1.501464e-04
2.154988e-04
2.175648e-04
1.392878e-04
1.649262e-04
1.923243e-04
3.166809e-04
3.536455e-04
3.031828e-04
1.991388e-04
2.502618e-04
4.939897e-04
4.277546e-04
4.221885e-04
4.092002e-04
2.510278e-04
4.121673e-04
6.090781e-04
6.894085e-04
6.735122e-04
4.003067e-04
4.204636e-04
4.887932e-04
7.840754e-04
7.481343e-04
5.880750e-04
5.777696e-04
7.609579e-04
8.868918e-04
9.620501e-04
9.635036e-04
7.989827e-04
7.149191e-04
7.013904e-04
6.998876e-04
8.669753e-04
1.020316e-03
9.939487e-04
8.423835e-04
9.239507e-04
1.098407e-03
1.110175e-03
1.079922e-03
1.060541e-03
8.904082e-04
9.867931e-04
1.087986e-03
1.115826e-03
1.096721e-03
1.135792e-03
1.152576e-03
1.174801e-03
1.184073e-03
1.186699e-03
1.189847e-03
1.201882e-03
1.228139e-03
1.227847e-03
1.229887e-03
