1.179824e-06
1.468788e-06
1.980795e-06
2.277098e-06
2.968512e-06
3.985966e-06
4.792569e-06
5.943619e-06
8.020489e-06
1.010073e-05
1.166990e-05
1.476320e-05
1.986605e-05
2.381681e-05
2.805677e-05
3.373475e-05
4.244503e-05
4.943879e-05
5.682242e-05
6.407329e-05
8.103978e-05
9.035988e-05
1.015082e-04
1.235670e-04
1.389710e-04
1.661675e-04
2.223699e-04
2.464485e-04
2.671159e-04
3.291367e-04
3.733352e-04
4.034587e-04
4.866025e-04
5.838751e-04
5.851142e-04
5.863534e-04
6.494704e-04
6.861729e-04
8.849716e-04
9.660075e-04
1.006226e-03
1.019356e-03
1.034104e-03
1.249528e-03
1.399066e-03
1.504675e-03
1.377525e-03
1.698139e-03
2.063199e-03
1.794142e-03
2.215548e-03
2.532680e-03
2.558473e-03
3.138476e-03
3.664739e-03
3.000410e-03
2.884743e-03
3.710071e-03
4.454668e-03
4.473635e-03
3.561449e-03
3.922403e-03
4.259825e-03
5.235263e-03
5.430733e-03
5.151468e-03
4.335885e-03
4.778504e-03
6.042718e-03
5.806955e-03
5.790648e-03
5.752596e-03
4.854593e-03
5.799843e-03
6.432782e-03
6.618283e-03
6.593604e-03
5.779772e-03
5.858568e-03
6.133035e-03
6.869387e-03
6.803638e-03
6.472116e-03
6.483666e-03
6.908304e-03
7.110531e-03
7.248143e-03
7.264200e-03
7.013829e-03
6.865932e-03
6.867832e-03
6.868043e-03
7.178426e-03
7.395686e-03
7.391830e-03
7.176521e-03
7.320798e-03
7.602452e-03
7.637866e-03
7.625593e-03
7.599445e-03
7.369995e-03
7.525954e-03
7.676009e-03
7.725301e-03
7.719546e-03
7.763763e-03
7.864576e-03
7.918487e-03
7.979276e-03
7.999299e-03
8.189628e-03
8.655084e-03
9.085746e-03
9.086392e-03
9.289664e-03
