0.000000e+00
3.309145e-52
6.732801e-46
8.561058e-45
-3.847405e-40
3.770986e-35
2.388769e-29
-1.259512e-23
2.972486e-05
5.819016e-05
8.244107e-05
1.542409e-04
3.259411e-04
5.104377e-04
7.373137e-04
1.158910e-03
1.951177e-03
2.694578e-03
3.634417e-03
4.654605e-03
7.578572e-03
9.324792e-03
1.177016e-02
1.667701e-02
2.068855e-02
2.789608e-02
4.461114e-02
5.175502e-02
5.855684e-02
7.725963e-02
9.097441e-02
1.000380e-01
1.241993e-01
1.509815e-01
1.509396e-01
1.508978e-01
1.661495e-01
1.768032e-01
2.186954e-01
2.351827e-01
2.434846e-01
2.461772e-01
2.490629e-01
2.848200e-01
3.072467e-01
3.219691e-01
3.050631e-01
3.461445e-01
3.870128e-01
3.601403e-01
4.030644e-01
4.326996e-01
4.354787e-01
4.778890e-01
5.121377e-01
4.717091e-01
4.652785e-01
5.180619e-01
5.572579e-01
5.591549e-01
5.125324e-01
5.338167e-01
5.522724e-01
5.970163e-01
6.057869e-01
5.953594e-01
5.600124e-01
5.814822e-01
6.342590e-01
6.263065e-01
6.260149e-01
6.253342e-01
5.899375e-01
6.288256e-01
6.525070e-01
6.600866e-01
6.600167e-01
6.325018e-01
6.358740e-01
6.463400e-01
6.746585e-01
6.730898e-01
6.624426e-01
6.631788e-01
6.779625e-01
6.858770e-01
6.906423e-01
6.919798e-01
6.851980e-01
6.812410e-01
6.817672e-01
6.818257e-01
6.922877e-01
7.014889e-01
7.019672e-01
6.961131e-01
7.015169e-01
7.122289e-01
7.134434e-01
7.135906e-01
7.140392e-01
7.082159e-01
7.134725e-01
7.191555e-01
7.231273e-01
7.235172e-01
7.281984e-01
7.305570e-01
7.345575e-01
7.376492e-01
7.384738e-01
7.551002e-01
7.903614e-01
8.142658e-01
8.144054e-01
8.277200e-01
