1.388557e-06
2.184795e-06
4.012355e-06
5.532109e-06
9.078408e-06
1.629394e-05
2.339628e-05
3.564938e-05
6.282785e-05
9.719272e-05
1.251921e-04
1.944328e-04
3.314801e-04
4.560954e-04
5.970902e-04
8.233630e-04
1.201104e-03
1.521062e-03
1.891059e-03
2.265605e-03
3.232665e-03
3.768526e-03
4.459260e-03
5.786900e-03
6.775667e-03
8.458428e-03
1.198517e-02
1.339056e-02
1.465594e-02
1.809440e-02
2.044696e-02
2.192507e-02
2.582259e-02
2.992673e-02
2.992106e-02
2.991539e-02
3.221376e-02
3.367704e-02
3.966143e-02
4.187705e-02
4.294855e-02
4.329420e-02
4.364980e-02
4.838055e-02
5.123796e-02
5.307927e-02
5.085797e-02
5.600915e-02
6.098744e-02
5.754867e-02
6.276654e-02
6.610319e-02
6.635166e-02
7.125795e-02
7.511052e-02
7.026587e-02
6.935210e-02
7.541767e-02
7.982321e-02
7.991347e-02
7.442025e-02
7.673401e-02
7.869734e-02
8.365185e-02
8.451767e-02
8.321889e-02
7.908633e-02
8.136398e-02
8.697305e-02
8.598125e-02
8.590440e-02
8.572505e-02
8.167187e-02
8.583005e-02
8.828961e-02
8.896252e-02
8.884208e-02
8.562019e-02
8.590460e-02
8.696423e-02
8.963881e-02
8.941739e-02
8.815783e-02
8.809466e-02
8.953278e-02
9.024504e-02
9.062379e-02
9.062868e-02
8.978196e-02
8.924053e-02
8.917230e-02
8.916472e-02
9.015422e-02
9.085882e-02
9.075420e-02
9.002864e-02
9.043014e-02
9.114285e-02
9.118850e-02
9.107522e-02
9.100227e-02
9.027345e-02
9.072071e-02
9.115253e-02
9.129481e-02
9.125624e-02
9.143265e-02
9.154189e-02
9.167315e-02
9.176128e-02
9.178534e-02
9.209414e-02
9.276633e-02
9.261817e-02
9.261613e-02
9.244298e-02
