0.000000e+00
-1.055741e-36
-3.995919e-30
-1.033901e-28
-8.748404e-25
4.916766e-07
8.172211e-07
1.478430e-06
3.289292e-06
5.984192e-06
8.653474e-06
1.585556e-05
3.323943e-05
5.187706e-05
7.632904e-05
1.185390e-04
2.004090e-04
2.805929e-04
3.804969e-04
4.917054e-04
8.020094e-04
9.966786e-04
1.259512e-03
1.816418e-03
2.258486e-03
3.092968e-03
5.004200e-03
5.868271e-03
6.647823e-03
8.895469e-03
1.053259e-02
1.168205e-02
1.462469e-02
1.789651e-02
1.794699e-02
1.799748e-02
1.996584e-02
2.118537e-02
2.668644e-02
2.881640e-02
2.983725e-02
3.017403e-02
3.058001e-02
3.524825e-02
3.819727e-02
4.011377e-02
3.795311e-02
4.335175e-02
4.877651e-02
4.515341e-02
5.087948e-02
5.464630e-02
5.506264e-02
6.079694e-02
6.538849e-02
5.975858e-02
5.870858e-02
6.589664e-02
7.129577e-02
7.147945e-02
6.485724e-02
6.763494e-02
7.002622e-02
7.625736e-02
7.743220e-02
7.583296e-02
7.069471e-02
7.354756e-02
8.072146e-02
7.951013e-02
7.940886e-02
7.917255e-02
7.405265e-02
7.929397e-02
8.251747e-02
8.346318e-02
8.333211e-02
7.918108e-02
7.954463e-02
8.089330e-02
8.447333e-02
8.419382e-02
8.255628e-02
8.242586e-02
8.434598e-02
8.533585e-02
8.583825e-02
8.585881e-02
8.474366e-02
8.405615e-02
8.394664e-02
8.393447e-02
8.526424e-02
8.623720e-02
8.608224e-02
8.516015e-02
8.569138e-02
8.667988e-02
8.673790e-02
8.658783e-02
8.650092e-02
8.556286e-02
8.614919e-02
8.670984e-02
8.691684e-02
8.686630e-02
8.710387e-02
8.722121e-02
8.740845e-02
8.751036e-02
8.753829e-02
8.791408e-02
8.871340e-02
8.868147e-02
8.867954e-02
8.857058e-02
