0.000000e+00
1.656816e-54
-9.295876e-48
4.803279e-46
-2.466285e-42
-5.091360e-37
-1.573100e-30
-2.211335e-25
2.493274e-07
5.453257e-07
8.605327e-07
1.834367e-06
4.618408e-06
8.043937e-06
1.298355e-05
2.250775e-05
4.328445e-05
6.572951e-05
9.601667e-05
1.320290e-04
2.430432e-04
3.183055e-04
4.264683e-04
6.726056e-04
8.821993e-04
1.304858e-03
2.375224e-03
2.894731e-03
3.381366e-03
4.855184e-03
5.992667e-03
6.812219e-03
9.015037e-03
1.159643e-02
1.163293e-02
1.166943e-02
1.327855e-02
1.430018e-02
1.906427e-02
2.096875e-02
2.190039e-02
2.220746e-02
2.257536e-02
2.694783e-02
2.978713e-02
3.165848e-02
2.953425e-02
3.488198e-02
4.038975e-02
3.666714e-02
4.253270e-02
4.653326e-02
4.696672e-02
5.316517e-02
5.821011e-02
5.200427e-02
5.085915e-02
5.876078e-02
6.484671e-02
6.505068e-02
5.759244e-02
6.069509e-02
6.338973e-02
7.053327e-02
7.189184e-02
7.003453e-02
6.413113e-02
6.739157e-02
7.573414e-02
7.430267e-02
7.418000e-02
7.389376e-02
6.794918e-02
7.403675e-02
7.783896e-02
7.895667e-02
7.879324e-02
7.389008e-02
7.431749e-02
7.590203e-02
8.014929e-02
7.981629e-02
7.785664e-02
7.769416e-02
7.997543e-02
8.116557e-02
8.175895e-02
8.178473e-02
8.044437e-02
7.962004e-02
7.948983e-02
7.947537e-02
8.105917e-02
8.223486e-02
8.204723e-02
8.093335e-02
8.157267e-02
8.275551e-02
8.282147e-02
8.262819e-02
8.253501e-02
8.140479e-02
8.210307e-02
8.276717e-02
8.300205e-02
8.292911e-02
8.321317e-02
8.332809e-02
8.353516e-02
8.363733e-02
8.366427e-02
8.402285e-02
8.478630e-02
8.475734e-02
8.475548e-02
8.465080e-02
