0.000000e+00
9.054483e-77
2.249770e-70
-4.333142e-69
9.183994e-65
8.292168e-59
1.360118e-53
1.360437e-48
-1.724998e-42
3.820357e-38
1.500685e-30
1.874081e-25
6.279230e-07
1.225938e-06
2.179820e-06
4.235523e-06
9.317435e-06
1.540309e-05
2.431655e-05
3.567774e-05
7.449568e-05
1.030719e-04
1.468241e-04
2.543585e-04
3.526731e-04
5.656409e-04
1.164253e-03
1.477898e-03
1.782317e-03
2.754514e-03
3.551165e-03
4.143919e-03
5.811659e-03
7.876669e-03
7.905855e-03
7.935041e-03
9.273555e-03
1.014227e-02
1.435901e-02
1.610225e-02
1.696938e-02
1.725551e-02
1.760096e-02
2.179907e-02
2.460413e-02
2.648139e-02
2.434794e-02
2.979050e-02
3.554686e-02
3.162151e-02
3.783770e-02
4.218289e-02
4.266454e-02
4.958458e-02
5.531359e-02
4.825462e-02
4.696695e-02
5.594793e-02
6.304272e-02
6.328161e-02
5.459702e-02
5.817971e-02
6.132549e-02
6.980090e-02
7.144310e-02
6.920173e-02
6.218948e-02
6.605104e-02
7.610761e-02
7.435513e-02
7.420614e-02
7.385848e-02
6.670257e-02
7.402398e-02
7.867715e-02
8.005641e-02
7.985843e-02
7.384324e-02
7.436603e-02
7.629751e-02
8.152787e-02
8.111586e-02
7.868907e-02
7.848445e-02
8.129913e-02
8.277951e-02
8.351976e-02
8.354525e-02
8.187611e-02
8.085159e-02
8.068669e-02
8.066837e-02
8.263201e-02
8.410750e-02
8.386585e-02
8.247823e-02
8.327167e-02
8.474609e-02
8.482587e-02
8.458634e-02
8.446661e-02
8.305679e-02
8.392603e-02
8.474852e-02
8.503175e-02
8.492993e-02
8.528093e-02
8.540097e-02
8.564465e-02
8.575317e-02
8.578070e-02
8.614886e-02
8.693191e-02
8.690141e-02
8.689953e-02
8.679263e-02
