5.995056e-04
7.350032e-04
9.693366e-04
1.098865e-03
1.401115e-03
1.824490e-03
2.148728e-03
2.594957e-03
3.350027e-03
4.089191e-03
4.589831e-03
5.596090e-03
7.117421e-03
8.219699e-03
9.286051e-03
1.073044e-02
1.271969e-02
1.415233e-02
1.561319e-02
1.694011e-02
1.987058e-02
2.129561e-02
2.296094e-02
2.580679e-02
2.769999e-02
3.059143e-02
3.576534e-02
3.758747e-02
3.914386e-02
4.302277e-02
4.543972e-02
4.689368e-02
5.044159e-02
5.386499e-02
5.386579e-02
5.386658e-02
5.566967e-02
5.678697e-02
6.105788e-02
6.256813e-02
6.327724e-02
6.350584e-02
6.373979e-02
6.670942e-02
6.842807e-02
6.951318e-02
6.822369e-02
7.117957e-02
7.390857e-02
7.205489e-02
7.486288e-02
7.658827e-02
7.670891e-02
7.913189e-02
8.099234e-02
7.868097e-02
7.822905e-02
8.114111e-02
8.316267e-02
8.321372e-02
8.068261e-02
8.176428e-02
8.266949e-02
8.488011e-02
8.526143e-02
8.469579e-02
8.285270e-02
8.387480e-02
8.631853e-02
8.590569e-02
8.587421e-02
8.580077e-02
8.403166e-02
8.584911e-02
8.689574e-02
8.717542e-02
8.712642e-02
8.576971e-02
8.589201e-02
8.634625e-02
8.745190e-02
8.735654e-02
8.684508e-02
8.683657e-02
8.743929e-02
8.771926e-02
8.788604e-02
8.789006e-02
8.753342e-02
8.731844e-02
8.729527e-02
8.729269e-02
8.770006e-02
8.796340e-02
8.793229e-02
8.763384e-02
8.779369e-02
8.809011e-02
8.811373e-02
8.807420e-02
8.803506e-02
8.773012e-02
8.792012e-02
8.811830e-02
8.819916e-02
8.819769e-02
8.827701e-02
8.838575e-02
8.846660e-02
8.854654e-02
8.856997e-02
8.886768e-02
8.951697e-02
8.937549e-02
8.937351e-02
8.920653e-02
