1.247322e-05
1.788159e-05
2.906335e-05
3.705313e-05
5.569703e-05
8.874942e-05
1.184065e-04
1.654227e-04
2.596468e-04
3.681470e-04
4.505067e-04
6.395459e-04
9.778767e-04
1.260623e-03
1.562015e-03
2.016975e-03
2.723374e-03
3.286193e-03
3.907219e-03
4.511181e-03
5.982747e-03
6.758658e-03
7.723274e-03
9.497095e-03
1.076428e-02
1.283328e-02
1.692189e-02
1.847585e-02
1.984879e-02
2.346006e-02
2.584630e-02
2.731832e-02
3.109621e-02
3.494753e-02
3.494152e-02
3.493550e-02
3.704082e-02
3.837012e-02
4.366011e-02
4.558329e-02
4.650535e-02
4.680237e-02
4.710455e-02
5.109546e-02
5.346235e-02
5.497546e-02
5.315002e-02
5.735153e-02
6.134046e-02
5.859756e-02
6.275100e-02
6.536715e-02
6.555372e-02
6.933428e-02
7.227387e-02
6.859047e-02
6.788098e-02
7.250640e-02
7.581382e-02
7.588414e-02
7.175902e-02
7.350163e-02
7.497684e-02
7.865685e-02
7.929009e-02
7.833280e-02
7.526930e-02
7.696234e-02
8.108907e-02
8.036635e-02
8.030924e-02
8.017599e-02
7.719865e-02
8.025619e-02
8.204885e-02
8.253785e-02
8.244995e-02
8.010658e-02
8.031388e-02
8.108953e-02
8.301866e-02
8.285695e-02
8.195502e-02
8.191328e-02
8.296133e-02
8.346588e-02
8.374301e-02
8.374494e-02
8.313140e-02
8.274552e-02
8.269815e-02
8.269289e-02
8.340527e-02
8.390262e-02
8.382795e-02
8.330654e-02
8.359974e-02
8.411319e-02
8.414499e-02
8.406728e-02
8.400810e-02
8.348399e-02
8.380748e-02
8.412604e-02
8.423711e-02
8.421201e-02
8.434096e-02
8.444879e-02
8.454975e-02
8.462996e-02
8.465254e-02
8.493626e-02
8.555675e-02
8.542262e-02
8.542071e-02
8.526099e-02
