6.585176e-06
9.472301e-06
1.573914e-05
2.032815e-05
3.103648e-05
5.082126e-05
6.892776e-05
9.765710e-05
1.559215e-04
2.280966e-04
2.780509e-04
4.073077e-04
6.425413e-04
8.451595e-04
1.051447e-03
1.396547e-03
1.931902e-03
2.354099e-03
2.838236e-03
3.309041e-03
4.530481e-03
5.159087e-03
5.995352e-03
7.489091e-03
8.631301e-03
1.045155e-02
1.429904e-02
1.571424e-02
1.709327e-02
2.061732e-02
2.304616e-02
2.444832e-02
2.839532e-02
3.256752e-02
3.247242e-02
3.237733e-02
3.454840e-02
3.611516e-02
4.177351e-02
4.386999e-02
4.493665e-02
4.526944e-02
4.552159e-02
5.008122e-02
5.280910e-02
5.453821e-02
5.222176e-02
5.716582e-02
6.185450e-02
5.845529e-02
6.343199e-02
6.662444e-02
6.668407e-02
7.125225e-02
7.487322e-02
7.022249e-02
6.938775e-02
7.504492e-02
7.911303e-02
7.915157e-02
7.398915e-02
7.616252e-02
7.801588e-02
8.253560e-02
8.325689e-02
8.201881e-02
7.821530e-02
8.029598e-02
8.542020e-02
8.444291e-02
8.437943e-02
8.423131e-02
8.049056e-02
8.432405e-02
8.653595e-02
8.711877e-02
8.699379e-02
8.401524e-02
8.427819e-02
8.527094e-02
8.763950e-02
8.742797e-02
8.626728e-02
8.624199e-02
8.753721e-02
8.814675e-02
8.849078e-02
8.848662e-02
8.770406e-02
8.719341e-02
8.715914e-02
8.715533e-02
8.802834e-02
8.864244e-02
8.855253e-02
8.785916e-02
8.824442e-02
8.886108e-02
8.888841e-02
8.879661e-02
8.871515e-02
8.804437e-02
8.845221e-02
8.883925e-02
8.894247e-02
8.890321e-02
8.906505e-02
8.916701e-02
8.926424e-02
8.933244e-02
8.935140e-02
8.959357e-02
9.012277e-02
8.989713e-02
8.989444e-02
8.967789e-02
