0.000000e+00
-2.297634e-31
-3.505824e-25
9.625172e-08
3.208521e-07
7.078721e-07
1.157025e-06
2.051773e-06
4.444713e-06
7.934352e-06
1.133111e-05
2.035286e-05
4.163299e-05
6.402469e-05
9.297648e-05
1.423358e-04
2.364058e-04
3.272138e-04
4.392017e-04
5.626244e-04
9.027531e-04
1.113560e-03
1.396061e-03
1.988073e-03
2.453840e-03
3.323887e-03
5.290629e-03
6.169137e-03
6.959333e-03
9.219706e-03
1.085333e-02
1.199154e-02
1.489808e-02
1.810448e-02
1.815215e-02
1.819981e-02
2.011643e-02
2.130400e-02
2.661445e-02
2.866055e-02
2.964188e-02
2.996538e-02
3.035342e-02
3.481008e-02
3.761464e-02
3.943574e-02
3.737829e-02
4.249539e-02
4.761529e-02
4.419285e-02
4.956272e-02
5.313514e-02
5.351458e-02
5.888081e-02
6.316425e-02
5.790915e-02
5.692356e-02
6.363165e-02
6.865254e-02
6.882104e-02
6.266144e-02
6.524904e-02
6.747234e-02
7.325108e-02
7.433519e-02
7.285594e-02
6.809007e-02
7.073339e-02
7.737407e-02
7.625068e-02
7.615639e-02
7.593638e-02
7.120229e-02
7.605129e-02
7.903084e-02
7.989687e-02
7.977489e-02
7.594744e-02
7.628349e-02
7.752717e-02
8.082848e-02
8.056986e-02
7.906026e-02
7.894322e-02
8.070758e-02
8.161900e-02
8.208364e-02
8.209873e-02
8.107609e-02
8.044156e-02
8.034602e-02
8.033541e-02
8.155623e-02
8.244724e-02
8.230939e-02
8.146435e-02
8.195109e-02
8.285806e-02
8.291277e-02
8.277738e-02
8.269636e-02
8.183018e-02
8.237149e-02
8.288994e-02
8.307885e-02
8.302979e-02
8.325098e-02
8.336842e-02
8.353994e-02
8.363733e-02
8.366427e-02
8.402285e-02
8.478630e-02
8.475734e-02
8.475548e-02
8.465080e-02
