3.598727e-04
4.478428e-04
6.029481e-04
6.908739e-04
8.960461e-04
1.189909e-03
1.418550e-03
1.737117e-03
2.284514e-03
2.830487e-03
3.201696e-03
3.962178e-03
5.128719e-03
5.985396e-03
6.818991e-03
7.964407e-03
9.556677e-03
1.071207e-02
1.190070e-02
1.298651e-02
1.541024e-02
1.659590e-02
1.799093e-02
2.038473e-02
2.199176e-02
2.445676e-02
2.891458e-02
3.049281e-02
3.184702e-02
3.523499e-02
3.735948e-02
3.863486e-02
4.177399e-02
4.481975e-02
4.481659e-02
4.481344e-02
4.644752e-02
4.742419e-02
5.124380e-02
5.260257e-02
5.323854e-02
5.344328e-02
5.365053e-02
5.633193e-02
5.788726e-02
5.886912e-02
5.769070e-02
6.037496e-02
6.285411e-02
6.116319e-02
6.372403e-02
6.530003e-02
6.540409e-02
6.762035e-02
6.932563e-02
6.720354e-02
6.679109e-02
6.945619e-02
7.131498e-02
7.136098e-02
6.903533e-02
7.002584e-02
7.086074e-02
7.288965e-02
7.323904e-02
7.271746e-02
7.100916e-02
7.196110e-02
7.420936e-02
7.382699e-02
7.379789e-02
7.372997e-02
7.210166e-02
7.377480e-02
7.473838e-02
7.499463e-02
7.494891e-02
7.369777e-02
7.381036e-02
7.422922e-02
7.524695e-02
7.515859e-02
7.468645e-02
7.467929e-02
7.523497e-02
7.549191e-02
7.564569e-02
7.564925e-02
7.532011e-02
7.512084e-02
7.510012e-02
7.509782e-02
7.547338e-02
7.571616e-02
7.568739e-02
7.541165e-02
7.555995e-02
7.583296e-02
7.585480e-02
7.581870e-02
7.578236e-02
7.550105e-02
7.567576e-02
7.585567e-02
7.592628e-02
7.592331e-02
7.599283e-02
7.609088e-02
7.616110e-02
7.623141e-02
7.625218e-02
7.650624e-02
7.706242e-02
7.694360e-02
7.694179e-02
7.679696e-02
