0.000000e+00
1.927946e-07
4.262295e-07
6.411643e-07
1.142708e-06
2.321829e-06
3.606568e-06
6.020268e-06
1.203253e-05
2.025354e-05
2.789200e-05
4.713077e-05
8.949273e-05
1.316133e-04
1.839231e-04
2.693336e-04
4.243407e-04
5.679253e-04
7.393800e-04
9.231371e-04
1.409866e-03
1.701572e-03
2.083114e-03
2.858789e-03
3.451981e-03
4.529089e-03
6.868378e-03
7.880451e-03
8.778633e-03
1.129517e-02
1.307056e-02
1.429204e-02
1.735565e-02
2.066324e-02
2.071160e-02
2.075996e-02
2.270506e-02
2.390174e-02
2.916343e-02
3.116394e-02
3.211658e-02
3.243058e-02
3.280687e-02
3.708174e-02
3.974478e-02
4.145885e-02
3.952033e-02
4.431881e-02
4.906871e-02
4.590279e-02
5.085868e-02
5.412478e-02
5.446550e-02
5.931224e-02
6.316158e-02
5.844755e-02
5.756051e-02
6.357656e-02
6.803520e-02
6.818429e-02
6.271520e-02
6.501962e-02
6.699706e-02
7.208534e-02
7.303359e-02
7.173820e-02
6.753925e-02
6.987327e-02
7.568919e-02
7.471079e-02
7.462886e-02
7.443766e-02
7.028934e-02
7.454326e-02
7.713296e-02
7.788409e-02
7.778067e-02
7.445144e-02
7.474584e-02
7.583293e-02
7.869149e-02
7.846981e-02
7.716387e-02
7.707079e-02
7.860062e-02
7.938326e-02
7.978816e-02
7.980686e-02
7.891216e-02
7.837213e-02
7.829275e-02
7.828394e-02
7.933711e-02
8.010436e-02
7.998701e-02
7.925285e-02
7.967485e-02
8.046261e-02
8.051358e-02
8.039022e-02
8.032706e-02
7.957774e-02
8.004657e-02
8.049555e-02
8.066709e-02
8.062888e-02
8.081530e-02
8.093436e-02
8.108789e-02
8.118103e-02
8.120764e-02
8.155499e-02
8.229438e-02
8.226793e-02
8.226622e-02
8.216488e-02
