7.143392e-06
1.043841e-05
1.741040e-05
2.255060e-05
3.454509e-05
5.644204e-05
7.646836e-05
1.087451e-04
1.747406e-04
2.523754e-04
3.118664e-04
4.510898e-04
7.051692e-04
9.211808e-04
1.153486e-03
1.509638e-03
2.069903e-03
2.521008e-03
3.023742e-03
3.516177e-03
4.731283e-03
5.376980e-03
6.186982e-03
7.685655e-03
8.766779e-03
1.054232e-02
1.409572e-02
1.545482e-02
1.666453e-02
1.985795e-02
2.198353e-02
2.329497e-02
2.668888e-02
3.017154e-02
3.016270e-02
3.015385e-02
3.206140e-02
3.327287e-02
3.809578e-02
3.985567e-02
4.070440e-02
4.097724e-02
4.125027e-02
4.492596e-02
4.711239e-02
4.851086e-02
4.681560e-02
5.070886e-02
5.441372e-02
5.185924e-02
5.572461e-02
5.816697e-02
5.833551e-02
6.187227e-02
6.462729e-02
6.117179e-02
6.050766e-02
6.484149e-02
6.794882e-02
6.801466e-02
6.413469e-02
6.577673e-02
6.716037e-02
7.062335e-02
7.121745e-02
7.031100e-02
6.743053e-02
6.902213e-02
7.291143e-02
7.222775e-02
7.217404e-02
7.204871e-02
6.924533e-02
7.212466e-02
7.381554e-02
7.427525e-02
7.419215e-02
7.197884e-02
7.217467e-02
7.290726e-02
7.472733e-02
7.457418e-02
7.372155e-02
7.368380e-02
7.467283e-02
7.514870e-02
7.540984e-02
7.541178e-02
7.483210e-02
7.446638e-02
7.442230e-02
7.441740e-02
7.509034e-02
7.555994e-02
7.549002e-02
7.499660e-02
7.527406e-02
7.575911e-02
7.578904e-02
7.571623e-02
7.565977e-02
7.516377e-02
7.546989e-02
7.576899e-02
7.587110e-02
7.584631e-02
7.596537e-02
7.606576e-02
7.615809e-02
7.623141e-02
7.625218e-02
7.650624e-02
7.706242e-02
7.694360e-02
7.694179e-02
7.679696e-02
