0.000000e+00
1.673151e-48
-2.048698e-42
-4.483258e-40
-2.113686e-36
-8.963278e-31
6.543128e-26
2.485504e-07
6.580726e-07
1.309984e-06
1.998262e-06
4.022574e-06
9.445240e-06
1.577683e-05
2.456860e-05
4.085499e-05
7.478539e-05
1.100545e-04
1.562447e-04
2.097565e-04
3.686759e-04
4.731045e-04
6.198534e-04
9.442636e-04
1.213463e-03
1.741855e-03
3.030141e-03
3.637613e-03
4.199527e-03
5.867574e-03
7.126859e-03
8.022798e-03
1.039195e-02
1.311245e-02
1.315044e-02
1.318843e-02
1.485895e-02
1.591224e-02
2.074739e-02
2.265603e-02
2.358308e-02
2.388866e-02
2.425500e-02
2.855949e-02
3.132404e-02
3.313772e-02
3.108022e-02
3.623240e-02
4.148807e-02
3.794551e-02
4.351345e-02
4.728055e-02
4.768118e-02
5.345258e-02
5.812225e-02
5.238204e-02
5.131825e-02
5.863132e-02
6.420222e-02
6.438679e-02
5.754950e-02
6.040206e-02
6.287332e-02
6.936841e-02
7.059602e-02
6.891274e-02
6.354538e-02
6.651455e-02
7.406207e-02
7.277126e-02
7.266136e-02
7.240493e-02
6.702916e-02
7.253464e-02
7.595605e-02
7.695545e-02
7.681096e-02
7.240429e-02
7.278901e-02
7.421361e-02
7.802068e-02
7.772222e-02
7.596894e-02
7.583342e-02
7.787493e-02
7.893836e-02
7.946628e-02
7.948989e-02
7.829273e-02
7.755676e-02
7.744549e-02
7.743313e-02
7.884543e-02
7.989199e-02
7.972737e-02
7.873389e-02
7.930350e-02
8.036238e-02
8.042562e-02
8.025473e-02
8.016696e-02
7.915928e-02
7.978155e-02
8.037937e-02
8.059216e-02
8.052678e-02
8.077987e-02
8.089441e-02
8.108385e-02
8.118103e-02
8.120764e-02
8.155499e-02
8.229438e-02
8.226793e-02
8.226622e-02
8.216488e-02
