0.000000e+00
-3.381373e-26
3.574258e-08
5.894954e-08
1.131022e-07
2.607987e-07
4.362619e-07
7.908940e-07
1.748800e-06
3.291955e-06
4.599957e-06
8.747780e-06
1.884247e-05
2.986639e-05
4.314369e-05
6.945659e-05
1.197762e-04
1.669171e-04
2.283964e-04
2.954359e-04
5.002281e-04
6.219220e-04
8.008487e-04
1.164125e-03
1.475977e-03
2.036668e-03
3.441735e-03
4.035354e-03
4.645369e-03
6.356994e-03
7.665501e-03
8.466761e-03
1.089404e-02
1.372465e-02
1.365911e-02
1.359356e-02
1.517017e-02
1.634696e-02
2.092659e-02
2.272432e-02
2.366901e-02
2.396393e-02
2.418894e-02
2.845135e-02
3.113584e-02
3.288862e-02
3.054806e-02
3.566681e-02
4.077933e-02
3.702186e-02
4.257522e-02
4.631409e-02
4.639521e-02
5.201377e-02
5.662148e-02
5.069522e-02
4.966663e-02
5.685588e-02
6.228916e-02
6.233475e-02
5.547694e-02
5.832140e-02
6.079788e-02
6.704165e-02
6.806877e-02
6.631588e-02
6.107136e-02
6.392525e-02
7.118769e-02
6.978022e-02
6.968716e-02
6.947000e-02
6.427851e-02
6.959757e-02
7.282849e-02
7.368946e-02
7.350764e-02
6.917096e-02
6.955360e-02
7.098578e-02
7.449097e-02
7.418229e-02
7.244842e-02
7.240666e-02
7.432685e-02
7.524899e-02
7.575385e-02
7.575116e-02
7.459105e-02
7.382890e-02
7.376681e-02
7.375991e-02
7.506728e-02
7.602555e-02
7.589251e-02
7.485005e-02
7.543667e-02
7.637018e-02
7.641229e-02
7.627281e-02
7.615717e-02
7.515971e-02
7.576354e-02
7.632863e-02
7.647267e-02
7.639468e-02
7.664096e-02
7.672575e-02
7.684769e-02
7.691271e-02
7.692958e-02
7.713571e-02
7.758904e-02
7.739773e-02
7.739533e-02
7.720762e-02
