0.000000e+00
9.403641e-79
-4.266958e-72
5.416428e-70
1.594959e-66
-7.426294e-61
-8.405153e-55
2.519081e-49
1.102209e-43
-8.090707e-38
1.511855e-32
2.822229e-26
2.460144e-08
5.620974e-08
1.088418e-07
2.552120e-07
6.771451e-07
1.226512e-06
2.148285e-06
3.402634e-06
8.711585e-06
1.284991e-05
2.024363e-05
3.959896e-05
6.029352e-05
1.074268e-04
2.726406e-04
3.630919e-04
4.657268e-04
8.108871e-04
1.132296e-03
1.352321e-03
2.121036e-03
3.206149e-03
3.179085e-03
3.152020e-03
3.837699e-03
4.385882e-03
6.851769e-03
7.928536e-03
8.530673e-03
8.719190e-03
8.867471e-03
1.188223e-02
1.398528e-02
1.543972e-02
1.350607e-02
1.793937e-02
2.281311e-02
1.913263e-02
2.467172e-02
2.876047e-02
2.887548e-02
3.565968e-02
4.159144e-02
3.393900e-02
3.268912e-02
4.191232e-02
4.960796e-02
4.967194e-02
4.005533e-02
4.392677e-02
4.742244e-02
5.686365e-02
5.849841e-02
5.572899e-02
4.782754e-02
5.208668e-02
6.362768e-02
6.127929e-02
6.112857e-02
6.077686e-02
5.245803e-02
6.100401e-02
6.640551e-02
6.789600e-02
6.758272e-02
6.030542e-02
6.094176e-02
6.330133e-02
6.932107e-02
6.878290e-02
6.578026e-02
6.569590e-02
6.901889e-02
7.066390e-02
7.154527e-02
7.155039e-02
6.949897e-02
6.817046e-02
6.804596e-02
6.803213e-02
7.033928e-02
7.208323e-02
7.183595e-02
6.998711e-02
7.104075e-02
7.272093e-02
7.279392e-02
7.253712e-02
7.234664e-02
7.056809e-02
7.163634e-02
7.263456e-02
7.287561e-02
7.271747e-02
7.316332e-02
7.324231e-02
7.343418e-02
7.350657e-02
7.352286e-02
7.371912e-02
7.415147e-02
7.396951e-02
7.396720e-02
7.378735e-02
