5.059028e-08
9.064012e-08
1.959227e-07
3.027079e-07
5.518878e-07
1.162104e-06
1.844669e-06
3.157397e-06
6.518628e-06
1.126476e-05
1.570093e-05
2.725644e-05
5.339037e-05
7.997237e-05
1.132550e-04
1.690851e-04
2.720584e-04
3.684883e-04
4.853657e-04
6.116265e-04
9.529969e-04
1.158968e-03
1.432319e-03
1.991317e-03
2.425448e-03
3.217087e-03
4.969461e-03
5.730448e-03
6.415410e-03
8.340445e-03
9.712981e-03
1.064968e-02
1.304194e-02
1.564986e-02
1.567866e-02
1.570746e-02
1.723721e-02
1.819586e-02
2.236646e-02
2.395953e-02
2.472517e-02
2.497615e-02
2.526621e-02
2.870595e-02
3.085250e-02
3.223764e-02
3.064614e-02
3.453835e-02
3.839640e-02
3.580154e-02
3.984274e-02
4.251075e-02
4.276984e-02
4.673786e-02
4.989733e-02
4.600897e-02
4.528164e-02
5.022266e-02
5.389012e-02
5.400687e-02
4.949307e-02
5.139380e-02
5.302228e-02
5.721100e-02
5.798612e-02
5.691001e-02
5.344871e-02
5.536929e-02
6.016378e-02
5.934750e-02
5.928111e-02
5.912620e-02
5.570053e-02
5.921210e-02
6.135071e-02
6.196089e-02
6.187269e-02
5.912111e-02
5.936480e-02
6.026535e-02
6.261650e-02
6.243151e-02
6.134926e-02
6.127902e-02
6.254436e-02
6.318407e-02
6.351840e-02
6.352960e-02
6.279345e-02
6.234076e-02
6.228165e-02
6.227509e-02
6.314269e-02
6.377047e-02
6.368118e-02
6.306643e-02
6.341866e-02
6.406431e-02
6.410754e-02
6.401243e-02
6.395028e-02
6.332928e-02
6.371851e-02
6.408916e-02
6.422349e-02
6.419054e-02
6.434523e-02
6.444219e-02
6.456352e-02
6.463918e-02
6.466077e-02
6.493300e-02
6.551642e-02
6.549684e-02
6.549524e-02
6.541178e-02
