0.000000e+00
-1.167595e-32
9.668279e-27
4.785780e-09
1.595325e-08
4.137158e-08
7.437901e-08
1.468531e-07
3.630827e-07
7.439383e-07
1.089112e-06
2.262937e-06
5.416653e-06
9.143698e-06
1.389046e-05
2.385246e-05
4.428087e-05
6.453677e-05
9.210454e-05
1.233178e-04
2.239805e-04
2.866463e-04
3.818173e-04
5.833437e-04
7.628675e-04
1.098497e-03
1.986731e-03
2.378765e-03
2.788137e-03
3.970887e-03
4.904808e-03
5.487259e-03
7.291296e-03
9.460837e-03
9.410063e-03
9.359289e-03
1.059255e-02
1.152260e-02
1.522699e-02
1.670450e-02
1.748724e-02
1.773187e-02
1.792070e-02
2.151558e-02
2.381667e-02
2.533070e-02
2.330805e-02
2.776383e-02
3.227698e-02
2.894554e-02
3.388252e-02
3.724921e-02
3.732884e-02
4.246679e-02
4.671893e-02
4.124607e-02
4.030667e-02
4.693820e-02
5.202635e-02
5.206797e-02
4.565785e-02
4.830611e-02
5.062361e-02
5.652348e-02
5.750199e-02
5.583675e-02
5.088129e-02
5.357850e-02
6.048752e-02
5.913645e-02
5.904773e-02
5.884071e-02
5.382404e-02
5.897213e-02
6.206494e-02
6.289455e-02
6.271824e-02
5.855851e-02
5.892438e-02
6.029517e-02
6.367006e-02
6.337283e-02
6.170305e-02
6.166089e-02
6.351245e-02
6.440593e-02
6.488667e-02
6.488919e-02
6.376760e-02
6.303588e-02
6.296989e-02
6.296256e-02
6.422956e-02
6.515436e-02
6.502821e-02
6.402203e-02
6.459018e-02
6.549636e-02
6.553911e-02
6.540127e-02
6.529055e-02
6.432628e-02
6.490617e-02
6.545429e-02
6.558867e-02
6.551440e-02
6.574392e-02
6.582408e-02
6.593631e-02
6.599458e-02
6.600962e-02
6.618404e-02
6.656992e-02
6.640811e-02
6.640597e-02
6.624346e-02
