5.765788e-07
9.349116e-07
1.775513e-06
2.500720e-06
4.192968e-06
7.776642e-06
1.141355e-05
1.781181e-05
3.252036e-05
5.129210e-05
6.770765e-05
1.069472e-04
1.868784e-04
2.614107e-04
3.494859e-04
4.871589e-04
7.232148e-04
9.312604e-04
1.171043e-03
1.419784e-03
2.051436e-03
2.414822e-03
2.878134e-03
3.785552e-03
4.459510e-03
5.640273e-03
8.095398e-03
9.116709e-03
1.001367e-02
1.245797e-02
1.414098e-02
1.526967e-02
1.806955e-02
2.101980e-02
2.105650e-02
2.109321e-02
2.278793e-02
2.383306e-02
2.829457e-02
2.996475e-02
3.075981e-02
3.102072e-02
3.132444e-02
3.482677e-02
3.697583e-02
3.835259e-02
3.678375e-02
4.061292e-02
4.434899e-02
4.185803e-02
4.574007e-02
4.826911e-02
4.851579e-02
5.221598e-02
5.512992e-02
5.155481e-02
5.088055e-02
5.543712e-02
5.877040e-02
5.887777e-02
5.477951e-02
5.651294e-02
5.799435e-02
6.175819e-02
6.245252e-02
6.149630e-02
5.839052e-02
6.011886e-02
6.439131e-02
6.367514e-02
6.361613e-02
6.347843e-02
6.042556e-02
6.356030e-02
6.544607e-02
6.598735e-02
6.590774e-02
6.348595e-02
6.370239e-02
6.449974e-02
6.656797e-02
6.640378e-02
6.546509e-02
6.540221e-02
6.651580e-02
6.707454e-02
6.736786e-02
6.738044e-02
6.673790e-02
6.634182e-02
6.629193e-02
6.628639e-02
6.704772e-02
6.759213e-02
6.751400e-02
6.698283e-02
6.728616e-02
6.785671e-02
6.789567e-02
6.781400e-02
6.775861e-02
6.721982e-02
6.756218e-02
6.789102e-02
6.801243e-02
6.798781e-02
6.812805e-02
6.822534e-02
6.834491e-02
6.842259e-02
6.844521e-02
6.873472e-02
6.935430e-02
6.933288e-02
6.933123e-02
6.924368e-02
