1.494204e-05
2.114540e-05
3.381200e-05
4.267476e-05
6.335573e-05
9.935357e-05
1.312368e-04
1.811442e-04
2.796858e-04
3.919673e-04
4.758471e-04
6.673098e-04
1.004727e-03
1.283356e-03
1.576810e-03
2.017520e-03
2.693510e-03
3.226101e-03
3.810701e-03
4.375045e-03
5.741018e-03
6.453755e-03
7.338115e-03
8.948342e-03
1.009378e-02
1.194761e-02
1.558521e-02
1.695333e-02
1.816436e-02
2.132335e-02
2.340212e-02
2.467496e-02
2.794238e-02
3.125641e-02
3.124734e-02
3.123827e-02
3.303958e-02
3.418177e-02
3.867645e-02
4.030888e-02
4.109160e-02
4.134341e-02
4.159696e-02
4.496802e-02
4.696310e-02
4.823731e-02
4.669466e-02
5.022275e-02
5.356403e-02
5.126632e-02
5.473850e-02
5.692871e-02
5.707623e-02
6.022059e-02
6.266724e-02
5.960075e-02
5.901248e-02
6.285452e-02
6.559730e-02
6.565146e-02
6.223190e-02
6.367619e-02
6.490149e-02
6.793959e-02
6.846338e-02
6.766978e-02
6.513768e-02
6.653680e-02
6.993426e-02
6.934300e-02
6.929646e-02
6.918785e-02
6.672600e-02
6.925416e-02
7.072798e-02
7.112824e-02
7.105320e-02
6.912790e-02
6.929979e-02
6.993971e-02
7.152338e-02
7.139030e-02
7.064579e-02
7.061514e-02
7.147514e-02
7.188843e-02
7.211789e-02
7.212165e-02
7.161499e-02
7.129642e-02
7.126056e-02
7.125658e-02
7.184106e-02
7.224303e-02
7.218795e-02
7.175595e-02
7.199429e-02
7.241731e-02
7.244707e-02
7.238269e-02
7.233343e-02
7.190438e-02
7.217246e-02
7.243012e-02
7.252204e-02
7.250088e-02
7.260775e-02
7.270199e-02
7.278527e-02
7.285460e-02
7.287458e-02
7.311656e-02
7.364716e-02
7.353447e-02
7.353272e-02
7.339375e-02
