0.000000e+00
-2.539853e-45
-3.047791e-38
-1.246759e-36
1.098984e-32
-3.660315e-27
3.396821e-09
7.908777e-09
2.442501e-08
5.770541e-08
9.452158e-08
2.294186e-07
6.687965e-07
1.268384e-06
2.156256e-06
4.126859e-06
8.788175e-06
1.403423e-05
2.166611e-05
3.102218e-05
6.335726e-05
8.581598e-05
1.206556e-04
2.025375e-04
2.776812e-04
4.318714e-04
8.649427e-04
1.076670e-03
1.290393e-03
1.954820e-03
2.494526e-03
2.859085e-03
3.961490e-03
5.318874e-03
5.308716e-03
5.298557e-03
6.129987e-03
6.708462e-03
9.272195e-03
1.031237e-02
1.084648e-02
1.101772e-02
1.118546e-02
1.372687e-02
1.538572e-02
1.649694e-02
1.511892e-02
1.835501e-02
2.170880e-02
1.930816e-02
2.296603e-02
2.546950e-02
2.563412e-02
2.957202e-02
3.282362e-02
2.870235e-02
2.796418e-02
3.307056e-02
3.704225e-02
3.711069e-02
3.216527e-02
3.420039e-02
3.597995e-02
4.065431e-02
4.148998e-02
4.020468e-02
3.629898e-02
3.843000e-02
4.393219e-02
4.290675e-02
4.282946e-02
4.264910e-02
3.868286e-02
4.275388e-02
4.525172e-02
4.594673e-02
4.581710e-02
4.251340e-02
4.280158e-02
4.387702e-02
4.663327e-02
4.639949e-02
4.507430e-02
4.500876e-02
4.651033e-02
4.726272e-02
4.765008e-02
4.765829e-02
4.675461e-02
4.618554e-02
4.611277e-02
4.610469e-02
4.714388e-02
4.790769e-02
4.779635e-02
4.701318e-02
4.745398e-02
4.820957e-02
4.824928e-02
4.813266e-02
4.805329e-02
4.727950e-02
4.774603e-02
4.818593e-02
4.831407e-02
4.825330e-02
4.843080e-02
4.850375e-02
4.860675e-02
4.866174e-02
4.867614e-02
4.882969e-02
4.917151e-02
4.909794e-02
4.909654e-02
4.899835e-02
