0.000000e+00
-1.051253e-85
-6.470274e-80
-1.477594e-77
-3.502830e-74
-8.541317e-68
-2.140301e-62
2.392127e-57
1.242418e-51
-2.838177e-45
2.161004e-39
5.807882e-34
8.425034e-28
3.784228e-10
8.430942e-10
2.218468e-09
7.272058e-09
1.570513e-08
3.223985e-08
5.928829e-08
2.000186e-07
3.406615e-07
6.226513e-07
1.575880e-06
2.747883e-06
6.154957e-06
2.141435e-05
3.218679e-05
4.457136e-05
9.402504e-05
1.465671e-04
1.896373e-04
3.429647e-04
5.859935e-04
5.861367e-04
5.862800e-04
7.661473e-04
9.015324e-04
1.642583e-03
1.994035e-03
2.187079e-03
2.249880e-03
2.318691e-03
3.370514e-03
4.157876e-03
4.722565e-03
4.045540e-03
5.789603e-03
7.835939e-03
6.350413e-03
8.704017e-03
1.052566e-02
1.068931e-02
1.391331e-02
1.679701e-02
1.317847e-02
1.257197e-02
1.707258e-02
2.101887e-02
2.112068e-02
1.628332e-02
1.820969e-02
1.997562e-02
2.501632e-02
2.600037e-02
2.456265e-02
2.037129e-02
2.263854e-02
2.895906e-02
2.775387e-02
2.766017e-02
2.744153e-02
2.294794e-02
2.755535e-02
3.062789e-02
3.153720e-02
3.138583e-02
2.734492e-02
2.769255e-02
2.897402e-02
3.248305e-02
3.218805e-02
3.050250e-02
3.039414e-02
3.231668e-02
3.332168e-02
3.383850e-02
3.385359e-02
3.267266e-02
3.194193e-02
3.183994e-02
3.182861e-02
3.318739e-02
3.422277e-02
3.405865e-02
3.304784e-02
3.362450e-02
3.465378e-02
3.470724e-02
3.453805e-02
3.444524e-02
3.343369e-02
3.404417e-02
3.462086e-02
3.479056e-02
3.470773e-02
3.494449e-02
3.500697e-02
3.514679e-02
3.519999e-02
3.521292e-02
3.534616e-02
3.563724e-02
3.562097e-02
3.561978e-02
3.556264e-02
