0.000000e+00
-8.462998e-29
9.743407e-11
1.837942e-10
3.853129e-10
1.080685e-09
2.069570e-09
4.485252e-09
1.282142e-08
2.962813e-08
4.672913e-08
1.124274e-07
3.250174e-07
6.171147e-07
1.033459e-06
2.012936e-06
4.332946e-06
6.918699e-06
1.076384e-05
1.547450e-05
3.251153e-05
4.420067e-05
6.320107e-05
1.072231e-04
1.495571e-04
2.355075e-04
4.906647e-04
6.138071e-04
7.466814e-04
1.154872e-03
1.498830e-03
1.721614e-03
2.443294e-03
3.365205e-03
3.343598e-03
3.321991e-03
3.868158e-03
4.287741e-03
6.038364e-03
6.759698e-03
7.148694e-03
7.270406e-03
7.365527e-03
9.208510e-03
1.042286e-02
1.123652e-02
1.015458e-02
1.257383e-02
1.509280e-02
1.322202e-02
1.601158e-02
1.796214e-02
1.801283e-02
2.107022e-02
2.364543e-02
2.033248e-02
1.976935e-02
2.377964e-02
2.693667e-02
2.696457e-02
2.299835e-02
2.462262e-02
2.605850e-02
2.978082e-02
3.040815e-02
2.934551e-02
2.622228e-02
2.791440e-02
3.232731e-02
3.145780e-02
3.140013e-02
3.126556e-02
2.806833e-02
3.134905e-02
3.334965e-02
3.388909e-02
3.377521e-02
3.108560e-02
3.132109e-02
3.220268e-02
3.439350e-02
3.419803e-02
3.311206e-02
3.308554e-02
3.429145e-02
3.487362e-02
3.519336e-02
3.519227e-02
3.445737e-02
3.397836e-02
3.393813e-02
3.393366e-02
3.476045e-02
3.536643e-02
3.528221e-02
3.462414e-02
3.499513e-02
3.559105e-02
3.561980e-02
3.553089e-02
3.545679e-02
3.482406e-02
3.520446e-02
3.555790e-02
3.564074e-02
3.558845e-02
3.573235e-02
3.578543e-02
3.585368e-02
3.588866e-02
3.589809e-02
3.598054e-02
3.617025e-02
3.608152e-02
3.608007e-02
3.598318e-02
