0.000000e+00
4.312418e-80
-1.060176e-73
-6.809446e-73
7.704572e-68
2.401429e-62
-1.165944e-56
2.227086e-51
1.247689e-45
-2.123696e-40
-3.152206e-34
-1.938626e-28
2.418210e-10
5.985094e-10
1.302222e-09
3.449257e-09
1.120854e-08
2.369288e-08
4.804994e-08
8.686722e-08
2.894457e-07
4.845795e-07
8.759848e-07
2.157962e-06
3.725057e-06
8.107225e-06
2.747459e-05
4.055103e-05
5.578550e-05
1.155869e-04
1.784130e-04
2.269180e-04
4.058641e-04
6.874065e-04
6.840592e-04
6.807121e-04
8.819336e-04
1.037873e-03
1.851548e-03
2.230991e-03
2.442532e-03
2.510283e-03
2.576076e-03
3.715769e-03
4.555881e-03
5.158172e-03
4.404878e-03
6.263162e-03
8.416696e-03
6.816434e-03
9.299624e-03
1.119395e-02
1.132166e-02
1.465106e-02
1.762035e-02
1.383896e-02
1.320736e-02
1.784448e-02
2.187192e-02
2.193843e-02
1.696193e-02
1.894089e-02
2.075108e-02
2.584819e-02
2.679886e-02
2.531498e-02
2.106227e-02
2.335132e-02
2.970329e-02
2.844888e-02
2.835775e-02
2.814509e-02
2.360159e-02
2.826604e-02
3.132170e-02
3.219685e-02
3.202983e-02
2.796561e-02
2.831695e-02
2.961481e-02
3.306928e-02
3.276820e-02
3.107481e-02
3.099630e-02
3.289386e-02
3.387250e-02
3.437785e-02
3.438381e-02
3.320875e-02
3.247099e-02
3.237480e-02
3.236411e-02
3.370486e-02
3.472049e-02
3.456577e-02
3.353743e-02
3.411818e-02
3.511336e-02
3.516213e-02
3.500332e-02
3.490385e-02
3.388735e-02
3.449440e-02
3.506614e-02
3.522025e-02
3.513052e-02
3.536722e-02
3.542478e-02
3.554482e-02
3.559201e-02
3.560320e-02
3.570636e-02
3.594035e-02
3.588285e-02
3.588166e-02
3.580305e-02
