3.335172e-08
5.814860e-08
1.232691e-07
1.889135e-07
3.420927e-07
7.155272e-07
1.130095e-06
1.927248e-06
3.946574e-06
6.879131e-06
9.425818e-06
1.657482e-05
3.275271e-05
4.922631e-05
6.901717e-05
1.043147e-04
1.687307e-04
2.272936e-04
2.996694e-04
3.765417e-04
5.929327e-04
7.191930e-04
8.921254e-04
1.238713e-03
1.514638e-03
2.002926e-03
3.116662e-03
3.579419e-03
4.017454e-03
5.235549e-03
6.112108e-03
6.664035e-03
8.195720e-03
9.880981e-03
9.867705e-03
9.854430e-03
1.080594e-02
1.144472e-02
1.403744e-02
1.502305e-02
1.551272e-02
1.566916e-02
1.581795e-02
1.800776e-02
1.935336e-02
2.022705e-02
1.913892e-02
2.162215e-02
2.405463e-02
2.234034e-02
2.492498e-02
2.660988e-02
2.670862e-02
2.921188e-02
3.121042e-02
2.868170e-02
2.821580e-02
3.135108e-02
3.366646e-02
3.370409e-02
3.080988e-02
3.202205e-02
3.306112e-02
3.568294e-02
3.613469e-02
3.542967e-02
3.323917e-02
3.444029e-02
3.743922e-02
3.689317e-02
3.685213e-02
3.675634e-02
3.458712e-02
3.681589e-02
3.813518e-02
3.849300e-02
3.842511e-02
3.668218e-02
3.683497e-02
3.740920e-02
3.884013e-02
3.871757e-02
3.803317e-02
3.800881e-02
3.878937e-02
3.916581e-02
3.937149e-02
3.937135e-02
3.890904e-02
3.861567e-02
3.858030e-02
3.857637e-02
3.911218e-02
3.948517e-02
3.943187e-02
3.903497e-02
3.925728e-02
3.964139e-02
3.966506e-02
3.960994e-02
3.956166e-02
3.916522e-02
3.940804e-02
3.963625e-02
3.969996e-02
3.967575e-02
3.976076e-02
3.982448e-02
3.988205e-02
3.992424e-02
3.993650e-02
4.005655e-02
4.032674e-02
4.026436e-02
4.026311e-02
4.017821e-02
