8.964234e-07
1.359694e-06
2.427315e-06
3.283071e-06
5.279953e-06
9.285168e-06
1.314864e-05
1.960097e-05
3.347714e-05
5.159083e-05
6.468009e-05
9.989272e-05
1.677496e-04
2.289405e-04
2.933390e-04
4.043655e-04
5.834043e-04
7.292081e-04
9.001543e-04
1.069773e-03
1.521726e-03
1.760233e-03
2.082420e-03
2.670128e-03
3.127004e-03
3.869398e-03
5.475220e-03
6.078447e-03
6.669027e-03
8.199002e-03
9.266450e-03
9.888357e-03
1.165020e-02
1.353123e-02
1.349048e-02
1.344973e-02
1.443923e-02
1.514994e-02
1.775537e-02
1.872497e-02
1.921907e-02
1.937329e-02
1.949072e-02
2.161753e-02
2.289157e-02
2.370394e-02
2.262156e-02
2.494462e-02
2.715664e-02
2.555370e-02
2.790778e-02
2.941834e-02
2.944913e-02
3.162496e-02
3.335487e-02
3.113465e-02
3.073632e-02
3.343691e-02
3.538787e-02
3.540431e-02
3.293538e-02
3.396977e-02
3.485464e-02
3.702522e-02
3.737472e-02
3.677900e-02
3.495358e-02
3.594877e-02
3.840791e-02
3.794464e-02
3.791270e-02
3.783817e-02
3.604317e-02
3.788332e-02
3.894744e-02
3.922319e-02
3.916229e-02
3.773635e-02
3.786169e-02
3.833652e-02
3.946948e-02
3.936717e-02
3.881116e-02
3.880263e-02
3.942610e-02
3.971636e-02
3.987983e-02
3.987813e-02
3.950260e-02
3.925873e-02
3.923943e-02
3.923728e-02
3.965727e-02
3.994639e-02
3.990807e-02
3.957512e-02
3.975753e-02
4.005264e-02
4.007022e-02
4.002741e-02
3.998493e-02
3.966125e-02
3.985674e-02
4.004132e-02
4.008391e-02
4.006615e-02
4.012968e-02
4.019021e-02
4.023224e-02
4.026645e-02
4.027675e-02
4.037309e-02
4.059249e-02
4.049412e-02
4.049257e-02
4.038659e-02
