4.105563e-05
5.461343e-05
8.060292e-05
9.706200e-05
1.354688e-04
1.966337e-04
2.475792e-04
3.228071e-04
4.615940e-04
6.114516e-04
7.162508e-04
9.478868e-04
1.328766e-03
1.626337e-03
1.924250e-03
2.359788e-03
2.993246e-03
3.470161e-03
3.978996e-03
4.455880e-03
5.573420e-03
6.133511e-03
6.817499e-03
8.014654e-03
8.850852e-03
1.015623e-02
1.263349e-02
1.352801e-02
1.431948e-02
1.632550e-02
1.761930e-02
1.839288e-02
2.036266e-02
2.232234e-02
2.231129e-02
2.230024e-02
2.333537e-02
2.400288e-02
2.653303e-02
2.744225e-02
2.787847e-02
2.801786e-02
2.815063e-02
2.999689e-02
3.107647e-02
3.175995e-02
3.091989e-02
3.281044e-02
3.457212e-02
3.335239e-02
3.518466e-02
3.632437e-02
3.638757e-02
3.800220e-02
3.925447e-02
3.768404e-02
3.738322e-02
3.934183e-02
4.071834e-02
4.074683e-02
3.901786e-02
3.975190e-02
4.036992e-02
4.188247e-02
4.213923e-02
4.174449e-02
4.047808e-02
4.117557e-02
4.286014e-02
4.256646e-02
4.254450e-02
4.249324e-02
4.127016e-02
4.252611e-02
4.324943e-02
4.343986e-02
4.340395e-02
4.245736e-02
4.254174e-02
4.285803e-02
4.362158e-02
4.355351e-02
4.319470e-02
4.319078e-02
4.361041e-02
4.380177e-02
4.391738e-02
4.391927e-02
4.366926e-02
4.351579e-02
4.350184e-02
4.350029e-02
4.378373e-02
4.396599e-02
4.394434e-02
4.373361e-02
4.384792e-02
4.405326e-02
4.407014e-02
4.404336e-02
4.401395e-02
4.380056e-02
4.393106e-02
4.406076e-02
4.410287e-02
4.409714e-02
4.413892e-02
4.420754e-02
4.424946e-02
4.429303e-02
4.430639e-02
4.444326e-02
4.474960e-02
4.468180e-02
4.468048e-02
4.458903e-02
