0.000000e+00
1.363183e-39
7.011589e-34
-2.375635e-31
-1.254289e-27
7.394669e-10
1.521764e-09
3.552655e-09
1.101013e-08
2.681777e-08
4.331437e-08
1.086346e-07
3.266270e-07
6.325814e-07
1.073687e-06
2.125508e-06
4.647879e-06
7.484839e-06
1.173341e-05
1.696757e-05
3.605411e-05
4.922992e-05
7.075637e-05
1.208952e-04
1.693836e-04
2.683635e-04
5.646445e-04
7.084753e-04
8.642887e-04
1.344893e-03
1.752203e-03
2.016768e-03
2.877664e-03
3.984341e-03
3.950146e-03
3.915950e-03
4.589902e-03
5.097296e-03
7.221836e-03
8.099799e-03
8.576468e-03
8.725516e-03
8.841203e-03
1.110044e-02
1.259623e-02
1.359982e-02
1.226394e-02
1.525610e-02
1.838185e-02
1.605582e-02
1.952575e-02
2.196288e-02
2.202663e-02
2.586158e-02
2.910009e-02
2.493113e-02
2.422615e-02
2.927119e-02
3.326073e-02
3.329524e-02
2.828612e-02
3.033489e-02
3.215097e-02
3.687084e-02
3.766635e-02
3.631761e-02
3.235738e-02
3.450415e-02
4.011484e-02
3.900688e-02
3.893314e-02
3.876106e-02
3.469750e-02
3.886918e-02
4.141894e-02
4.210949e-02
4.196245e-02
3.853266e-02
3.883357e-02
3.995836e-02
4.275846e-02
4.250845e-02
4.112121e-02
4.108588e-02
4.262517e-02
4.337424e-02
4.377858e-02
4.377909e-02
4.284032e-02
4.222888e-02
4.217474e-02
4.216873e-02
4.322664e-02
4.400626e-02
4.389983e-02
4.305630e-02
4.353193e-02
4.429750e-02
4.433245e-02
4.421803e-02
4.412571e-02
4.331428e-02
4.380389e-02
4.425644e-02
4.436445e-02
4.429817e-02
4.448860e-02
4.455026e-02
4.463714e-02
4.468006e-02
4.469123e-02
4.480141e-02
4.505036e-02
4.494199e-02
4.494034e-02
4.482496e-02
