8.695405e-07
1.330594e-06
2.359675e-06
3.183913e-06
5.107247e-06
8.927072e-06
1.263303e-05
1.889617e-05
3.259462e-05
4.957395e-05
6.351792e-05
9.676861e-05
1.614651e-04
2.196433e-04
2.853436e-04
3.880459e-04
5.574914e-04
7.011559e-04
8.646345e-04
1.030052e-03
1.446310e-03
1.676915e-03
1.970994e-03
2.528630e-03
2.940934e-03
3.639460e-03
5.074052e-03
5.646260e-03
6.157676e-03
7.518577e-03
8.446250e-03
9.043456e-03
1.055678e-02
1.213656e-02
1.214205e-02
1.214755e-02
1.302796e-02
1.358847e-02
1.586951e-02
1.671578e-02
1.712425e-02
1.725646e-02
1.739596e-02
1.916924e-02
2.024208e-02
2.092699e-02
2.011440e-02
2.202529e-02
2.386440e-02
2.261402e-02
2.453190e-02
2.576755e-02
2.586076e-02
2.764749e-02
2.905536e-02
2.731379e-02
2.698680e-02
2.918014e-02
3.076960e-02
3.081216e-02
2.884480e-02
2.967756e-02
3.038792e-02
3.216394e-02
3.247993e-02
3.202193e-02
3.054882e-02
3.136497e-02
3.337203e-02
3.302886e-02
3.300186e-02
3.293886e-02
3.149825e-02
3.297867e-02
3.385674e-02
3.409992e-02
3.406087e-02
3.292732e-02
3.302905e-02
3.340598e-02
3.435280e-02
3.427323e-02
3.383882e-02
3.382125e-02
3.433635e-02
3.458489e-02
3.472542e-02
3.472937e-02
3.442867e-02
3.424389e-02
3.422702e-02
3.422515e-02
3.457455e-02
3.481281e-02
3.478299e-02
3.453246e-02
3.467530e-02
3.493614e-02
3.495546e-02
3.492079e-02
3.489353e-02
3.463759e-02
3.479772e-02
3.494983e-02
3.500062e-02
3.499242e-02
3.504272e-02
3.510928e-02
3.515912e-02
3.519999e-02
3.521292e-02
3.534616e-02
3.563724e-02
3.562097e-02
3.561978e-02
3.556264e-02
