1.646853e-08
2.867696e-08
6.055804e-08
9.311778e-08
1.690949e-07
3.583254e-07
5.731238e-07
9.943413e-07
2.099512e-06
3.718438e-06
5.226167e-06
9.355510e-06
1.902844e-05
2.917119e-05
4.193970e-05
6.437303e-05
1.066879e-04
1.468037e-04
1.966271e-04
2.509706e-04
4.034214e-04
4.958960e-04
6.220667e-04
8.816007e-04
1.088881e-03
1.467598e-03
2.335651e-03
2.712140e-03
3.061904e-03
4.047088e-03
4.762575e-03
5.239327e-03
6.507406e-03
7.911953e-03
7.916402e-03
7.920852e-03
8.735291e-03
9.267335e-03
1.152122e-02
1.238715e-02
1.281164e-02
1.294922e-02
1.309584e-02
1.500691e-02
1.619915e-02
1.697100e-02
1.605149e-02
1.823915e-02
2.040769e-02
1.891754e-02
2.120996e-02
2.272676e-02
2.284522e-02
2.510390e-02
2.691271e-02
2.466355e-02
2.424925e-02
2.707480e-02
2.917954e-02
2.923533e-02
2.663074e-02
2.772342e-02
2.866350e-02
3.106313e-02
3.149496e-02
3.086597e-02
2.887359e-02
2.997370e-02
3.272640e-02
3.224525e-02
3.220728e-02
3.211867e-02
3.014288e-02
3.217033e-02
3.339211e-02
3.373598e-02
3.368056e-02
3.209258e-02
3.223324e-02
3.275554e-02
3.408988e-02
3.397877e-02
3.335978e-02
3.332781e-02
3.405261e-02
3.441092e-02
3.460394e-02
3.460769e-02
3.418125e-02
3.391806e-02
3.388844e-02
3.388515e-02
3.438024e-02
3.473178e-02
3.468456e-02
3.432449e-02
3.452879e-02
3.489748e-02
3.492157e-02
3.486980e-02
3.482974e-02
3.447203e-02
3.469276e-02
3.490485e-02
3.497202e-02
3.495128e-02
3.503181e-02
3.509532e-02
3.515736e-02
3.519999e-02
3.521292e-02
3.534616e-02
3.563724e-02
3.562097e-02
3.561978e-02
3.556264e-02
