0.000000e+00
2.095412e-30
1.083219e-10
1.794719e-10
3.454983e-10
7.996941e-10
1.348909e-09
2.520267e-09
5.933315e-09
1.145642e-08
1.704311e-08
3.456912e-08
8.504922e-08
1.490913e-07
2.427668e-07
4.465522e-07
9.431211e-07
1.524106e-06
2.404749e-06
3.534069e-06
7.779041e-06
1.093903e-05
1.616640e-05
2.947295e-05
4.269114e-05
7.199542e-05
1.658176e-04
2.157696e-04
2.690555e-04
4.454337e-04
6.005623e-04
7.080607e-04
1.057814e-03
1.523108e-03
1.517141e-03
1.511174e-03
1.806399e-03
2.022758e-03
3.012816e-03
3.431465e-03
3.653916e-03
3.724785e-03
3.790580e-03
4.886535e-03
5.627092e-03
6.132110e-03
5.491855e-03
6.995508e-03
8.603252e-03
7.428518e-03
9.215827e-03
1.048187e-02
1.055127e-02
1.304450e-02
1.433806e-02
1.212357e-02
1.173792e-02
1.445521e-02
1.663852e-02
1.667036e-02
1.395090e-02
1.505798e-02
1.595451e-02
1.865716e-02
1.913413e-02
1.838401e-02
1.619309e-02
1.738056e-02
2.051086e-02
1.990865e-02
1.986520e-02
1.976381e-02
1.750757e-02
1.982272e-02
2.126213e-02
2.166116e-02
2.158299e-02
1.966802e-02
1.983488e-02
2.045581e-02
2.204542e-02
2.190576e-02
2.113201e-02
2.110164e-02
2.197459e-02
2.240659e-02
2.263638e-02
2.263899e-02
2.210684e-02
2.176941e-02
2.173196e-02
2.172780e-02
2.233243e-02
2.277482e-02
2.270987e-02
2.224663e-02
2.250607e-02
2.294917e-02
2.297237e-02
2.290533e-02
2.285413e-02
2.239649e-02
2.267128e-02
2.292619e-02
2.299111e-02
2.295290e-02
2.304763e-02
2.309362e-02
2.314559e-02
2.317371e-02
2.318165e-02
2.323564e-02
2.336334e-02
2.331710e-02
2.331606e-02
2.325448e-02
