0.000000e+00
3.014691e-52
7.417029e-46
-9.774057e-44
-5.287716e-40
-4.863725e-34
-2.477023e-28
1.810661e-10
5.322204e-10
1.168085e-09
1.875476e-09
4.365137e-09
1.272732e-08
2.476644e-08
4.406763e-08
9.061166e-08
2.187691e-07
3.847994e-07
6.576383e-07
1.032775e-06
2.602133e-06
3.875578e-06
6.120271e-06
1.232947e-05
1.894918e-05
3.480837e-05
9.137145e-05
1.240483e-04
1.599665e-04
2.858651e-04
4.035550e-04
4.881790e-04
7.753661e-04
1.179794e-03
1.174751e-03
1.169709e-03
1.436851e-03
1.636392e-03
2.590956e-03
3.008143e-03
3.233751e-03
3.305716e-03
3.373261e-03
4.517608e-03
5.314294e-03
5.866945e-03
5.169602e-03
6.834209e-03
8.663064e-03
7.319075e-03
9.377645e-03
1.087388e-02
1.096192e-02
1.345110e-02
1.559724e-02
1.286324e-02
1.239360e-02
1.574905e-02
1.851719e-02
1.855889e-02
1.512047e-02
1.650924e-02
1.775488e-02
2.113666e-02
2.174665e-02
2.078279e-02
1.795621e-02
1.948518e-02
2.358481e-02
2.279039e-02
2.273258e-02
2.259768e-02
1.965019e-02
2.267565e-02
2.459196e-02
2.512785e-02
2.502263e-02
2.247542e-02
2.269668e-02
2.351902e-02
2.565248e-02
2.546593e-02
2.442531e-02
2.438094e-02
2.555188e-02
2.614012e-02
2.645046e-02
2.645351e-02
2.573759e-02
2.528313e-02
2.522934e-02
2.522337e-02
2.604071e-02
2.664538e-02
2.655627e-02
2.592884e-02
2.628333e-02
2.688324e-02
2.691496e-02
2.682059e-02
2.675414e-02
2.613748e-02
2.650812e-02
2.685301e-02
2.694318e-02
2.689109e-02
2.702629e-02
2.707652e-02
2.714770e-02
2.718180e-02
2.719072e-02
2.726080e-02
2.742315e-02
2.737412e-02
2.737308e-02
2.730586e-02
