0.000000e+00
-2.141770e-75
-1.786685e-68
8.502196e-67
-6.727610e-63
-5.399088e-57
5.935417e-51
1.536091e-46
-3.716468e-40
5.542691e-34
-8.066103e-29
1.293148e-10
4.330587e-10
9.019185e-10
1.718465e-09
3.630839e-09
9.085079e-09
1.654264e-08
2.889507e-08
4.666994e-08
1.234544e-07
1.922575e-07
3.194019e-07
7.248667e-07
1.201421e-06
2.559335e-06
8.676281e-06
1.306075e-05
1.818878e-05
3.930345e-05
6.256844e-05
8.177201e-05
1.535271e-04
2.728396e-04
2.723457e-04
2.718518e-04
3.619815e-04
4.322925e-04
8.248573e-04
1.015785e-03
1.123277e-03
1.158037e-03
1.194472e-03
1.795364e-03
2.255771e-03
2.591133e-03
2.181721e-03
3.232571e-03
4.492629e-03
3.561372e-03
5.032268e-03
6.195144e-03
6.288964e-03
8.396246e-03
1.031531e-02
7.892774e-03
7.494770e-03
1.048369e-02
1.316469e-02
1.322525e-02
9.934784e-03
1.123254e-02
1.243596e-02
1.590414e-02
1.657914e-02
1.556861e-02
1.268003e-02
1.423589e-02
1.863267e-02
1.777351e-02
1.770863e-02
1.755726e-02
1.442782e-02
1.763678e-02
1.979241e-02
2.042709e-02
2.031642e-02
1.746548e-02
1.771323e-02
1.862057e-02
2.107676e-02
2.086420e-02
1.966949e-02
1.960372e-02
2.095856e-02
2.166460e-02
2.203149e-02
2.203909e-02
2.119949e-02
2.067666e-02
2.060867e-02
2.060112e-02
2.156175e-02
2.229092e-02
2.217668e-02
2.145101e-02
2.186423e-02
2.259050e-02
2.262871e-02
2.251144e-02
2.244041e-02
2.171625e-02
2.215265e-02
2.256181e-02
2.267388e-02
2.261242e-02
2.277766e-02
2.282493e-02
2.291655e-02
2.295232e-02
2.296140e-02
2.303498e-02
2.319865e-02
2.317771e-02
2.317667e-02
2.312762e-02
