0.000000e+00
2.430983e-86
1.643924e-80
8.423216e-79
-9.758870e-75
-7.620354e-69
6.214849e-63
2.433199e-58
4.876034e-52
-1.820046e-45
-7.703778e-40
-1.103084e-34
-2.334042e-28
6.058686e-11
1.250254e-10
3.178222e-10
9.663736e-10
1.951460e-09
3.846178e-09
6.828097e-09
2.317903e-08
3.931849e-08
7.421053e-08
1.972028e-07
3.641842e-07
8.784288e-07
3.697203e-06
5.847728e-06
8.613700e-06
2.063628e-05
3.518846e-05
4.680236e-05
9.633030e-05
1.870184e-04
1.845742e-04
1.821301e-04
2.500666e-04
3.098014e-04
6.368179e-04
8.014758e-04
9.009603e-04
9.322484e-04
9.580206e-04
1.529709e-03
1.984027e-03
2.322776e-03
1.877759e-03
2.970739e-03
4.324540e-03
3.270663e-03
4.897142e-03
6.241426e-03
6.290723e-03
8.803715e-03
1.118501e-02
8.116819e-03
7.647748e-03
1.132272e-02
1.476759e-02
1.479977e-02
1.054435e-02
1.219276e-02
1.375709e-02
1.830906e-02
1.914831e-02
1.774352e-02
1.394572e-02
1.596712e-02
2.185530e-02
2.060567e-02
2.052415e-02
2.033393e-02
1.613043e-02
2.045195e-02
2.337792e-02
2.420925e-02
2.403468e-02
2.009224e-02
2.043400e-02
2.168882e-02
2.501703e-02
2.471030e-02
2.303437e-02
2.298524e-02
2.484461e-02
2.578576e-02
2.629240e-02
2.629425e-02
2.511775e-02
2.436605e-02
2.429468e-02
2.428675e-02
2.560118e-02
2.660757e-02
2.646408e-02
2.540164e-02
2.600451e-02
2.698651e-02
2.703013e-02
2.687847e-02
2.676628e-02
2.573942e-02
2.635229e-02
2.692523e-02
2.705630e-02
2.696126e-02
2.720771e-02
2.725159e-02
2.735259e-02
2.738657e-02
2.739433e-02
2.744934e-02
2.758024e-02
2.750902e-02
2.750776e-02
2.742795e-02
