5.543710e-07
9.056741e-07
1.747083e-06
2.491087e-06
4.227195e-06
7.960967e-06
1.177509e-05
1.858137e-05
3.430440e-05
5.495770e-05
7.224268e-05
1.163276e-04
2.071855e-04
2.925961e-04
3.914676e-04
5.542279e-04
8.338926e-04
1.076443e-03
1.362204e-03
1.656178e-03
2.432955e-03
2.871949e-03
3.445833e-03
4.568248e-03
5.418357e-03
6.888499e-03
1.004255e-02
1.132269e-02
1.248508e-02
1.568048e-02
1.789603e-02
1.930281e-02
2.304220e-02
2.702928e-02
2.702364e-02
2.701801e-02
2.927377e-02
3.071556e-02
3.666438e-02
3.888609e-02
3.996352e-02
4.031118e-02
4.066964e-02
4.546410e-02
4.838008e-02
5.026532e-02
4.798688e-02
5.326060e-02
5.841987e-02
5.486026e-02
6.026836e-02
6.374788e-02
6.400626e-02
6.915291e-02
7.321782e-02
6.811303e-02
6.714517e-02
7.353793e-02
7.820733e-02
7.830226e-02
7.248527e-02
7.493032e-02
7.701458e-02
8.229032e-02
8.321595e-02
8.181903e-02
7.742683e-02
7.984757e-02
8.584198e-02
8.477490e-02
8.469269e-02
8.450086e-02
8.016843e-02
8.461238e-02
8.724791e-02
8.797402e-02
8.784172e-02
8.438663e-02
8.469059e-02
8.582638e-02
8.869494e-02
8.845699e-02
8.710066e-02
8.703228e-02
8.858214e-02
8.935237e-02
8.975148e-02
8.975825e-02
8.884826e-02
8.826987e-02
8.819265e-02
8.818407e-02
8.924707e-02
9.001211e-02
8.990046e-02
8.911759e-02
8.954999e-02
9.031960e-02
9.036252e-02
9.024420e-02
9.016280e-02
8.938029e-02
8.985683e-02
9.031977e-02
9.047610e-02
9.043287e-02
9.062050e-02
9.072700e-02
9.086321e-02
9.095118e-02
9.097515e-02
9.128112e-02
9.194765e-02
9.180120e-02
9.179917e-02
9.162769e-02
