0.000000e+00
6.690359e-41
4.325819e-35
-8.883352e-33
1.384451e-28
7.594551e-11
1.404428e-10
2.917755e-10
7.933785e-10
1.765797e-09
2.766097e-09
6.594070e-09
1.968007e-08
3.893669e-08
6.859372e-08
1.442390e-07
3.484665e-07
6.041482e-07
1.021897e-06
1.581219e-06
3.904571e-06
5.698304e-06
8.878314e-06
1.718843e-05
2.602466e-05
4.612051e-05
1.162783e-04
1.546022e-04
1.979620e-04
3.435698e-04
4.784543e-04
5.706291e-04
8.906825e-04
1.338735e-03
1.327886e-03
1.317037e-03
1.599096e-03
1.822812e-03
2.822918e-03
3.256335e-03
3.496806e-03
3.572152e-03
3.631906e-03
4.827696e-03
5.653400e-03
6.221754e-03
5.468630e-03
7.191171e-03
9.064178e-03
7.656017e-03
9.773055e-03
1.131503e-02
1.135990e-02
1.388450e-02
1.607151e-02
1.325501e-02
1.278759e-02
1.618879e-02
1.898282e-02
1.900763e-02
1.551233e-02
1.692401e-02
1.819410e-02
2.158144e-02
2.216477e-02
2.118048e-02
1.834040e-02
1.987219e-02
2.397275e-02
2.315111e-02
2.309614e-02
2.296786e-02
2.000595e-02
2.304673e-02
2.494683e-02
2.546635e-02
2.535570e-02
2.279890e-02
2.302211e-02
2.385460e-02
2.595477e-02
2.576514e-02
2.472105e-02
2.469379e-02
2.585349e-02
2.642121e-02
2.672863e-02
2.672887e-02
2.601519e-02
2.555287e-02
2.551114e-02
2.550651e-02
2.630846e-02
2.690071e-02
2.681895e-02
2.617875e-02
2.653968e-02
2.712359e-02
2.715120e-02
2.706360e-02
2.699239e-02
2.637457e-02
2.674534e-02
2.708729e-02
2.716464e-02
2.711226e-02
2.725042e-02
2.729639e-02
2.735771e-02
2.738657e-02
2.739433e-02
2.744934e-02
2.758024e-02
2.750902e-02
2.750776e-02
2.742795e-02
