0.000000e+00
-2.442824e-37
4.402676e-31
1.434741e-29
1.514613e-25
1.927462e-07
3.276113e-07
6.053766e-07
1.372991e-06
2.635569e-06
3.723064e-06
7.229718e-06
1.597425e-05
2.571446e-05
3.761472e-05
6.155067e-05
1.081829e-04
1.525443e-04
2.110727e-04
2.755713e-04
4.757289e-04
5.962662e-04
7.752340e-04
1.143278e-03
1.462924e-03
2.044749e-03
3.529242e-03
4.165935e-03
4.824022e-03
6.689496e-03
8.132938e-03
9.022009e-03
1.174055e-02
1.495136e-02
1.487587e-02
1.480038e-02
1.660250e-02
1.795446e-02
2.326478e-02
2.536183e-02
2.646917e-02
2.681483e-02
2.707827e-02
3.211237e-02
3.530669e-02
3.740137e-02
3.460047e-02
4.073918e-02
4.690766e-02
4.235973e-02
4.908925e-02
5.364068e-02
5.374331e-02
6.064421e-02
6.632821e-02
5.900805e-02
5.774743e-02
6.661817e-02
7.337426e-02
7.342869e-02
6.490908e-02
6.843447e-02
7.151489e-02
7.931802e-02
8.060266e-02
7.840718e-02
7.185207e-02
7.542205e-02
8.453193e-02
8.275656e-02
8.263893e-02
8.236445e-02
7.574082e-02
8.253799e-02
8.659784e-02
8.768697e-02
8.745348e-02
8.198782e-02
8.246908e-02
8.427376e-02
8.870375e-02
8.831219e-02
8.612178e-02
8.606607e-02
8.849041e-02
8.966450e-02
9.029416e-02
9.029390e-02
8.882676e-02
8.786499e-02
8.778033e-02
8.777092e-02
8.942655e-02
9.064470e-02
9.047906e-02
8.915614e-02
8.989989e-02
9.108800e-02
9.113847e-02
9.096050e-02
9.081715e-02
8.954935e-02
9.031877e-02
9.103265e-02
9.121431e-02
9.111601e-02
9.143285e-02
9.153030e-02
9.167916e-02
9.175593e-02
9.177525e-02
9.202418e-02
9.256767e-02
9.233501e-02
9.233227e-02
9.210984e-02
