1.800609e-05
2.549408e-05
4.074234e-05
5.141865e-05
7.633150e-05
1.196563e-04
1.580504e-04
2.182730e-04
3.374016e-04
4.726868e-04
5.747467e-04
8.060221e-04
1.214783e-03
1.552607e-03
1.910693e-03
2.445601e-03
3.269302e-03
3.921682e-03
4.635595e-03
5.327290e-03
6.998656e-03
7.875721e-03
8.959492e-03
1.094467e-02
1.235342e-02
1.464519e-02
1.913710e-02
2.083758e-02
2.233237e-02
2.625619e-02
2.883491e-02
3.042615e-02
3.448914e-02
3.861232e-02
3.860848e-02
3.860465e-02
4.085701e-02
4.227159e-02
4.790538e-02
4.994788e-02
5.092486e-02
5.123986e-02
5.156258e-02
5.577701e-02
5.828464e-02
5.987888e-02
5.796161e-02
6.239464e-02
6.658462e-02
6.370489e-02
6.806971e-02
7.081281e-02
7.101244e-02
7.497171e-02
7.804548e-02
7.419635e-02
7.345246e-02
7.829109e-02
8.174510e-02
8.181964e-02
7.751316e-02
7.933363e-02
8.087286e-02
8.471261e-02
8.537397e-02
8.437733e-02
8.118216e-02
8.294866e-02
8.724967e-02
8.649878e-02
8.643916e-02
8.630005e-02
8.319750e-02
8.638354e-02
8.825071e-02
8.876030e-02
8.866917e-02
8.623025e-02
8.644602e-02
8.725318e-02
8.926241e-02
8.909454e-02
8.815657e-02
8.811227e-02
8.920300e-02
8.972871e-02
9.001683e-02
9.001897e-02
8.938109e-02
8.897988e-02
8.892977e-02
8.892421e-02
8.966600e-02
9.018355e-02
9.010524e-02
8.956385e-02
8.986791e-02
9.040216e-02
9.043491e-02
9.035390e-02
9.029255e-02
8.974724e-02
9.008453e-02
9.041703e-02
9.053493e-02
9.050948e-02
9.064529e-02
9.075880e-02
9.086614e-02
9.095118e-02
9.097515e-02
9.128112e-02
9.194765e-02
9.180120e-02
9.179917e-02
9.162769e-02
