0.000000e+00
-3.653504e-77
-2.101201e-71
-4.772343e-69
5.185470e-65
-2.397806e-59
4.037532e-54
1.737297e-48
2.522337e-43
-4.158311e-37
1.340447e-30
7.528636e-25
3.759696e-07
7.570632e-07
1.382694e-06
2.770171e-06
6.320879e-06
1.069690e-05
1.724961e-05
2.576553e-05
5.567601e-05
7.820903e-05
1.132999e-04
2.014592e-04
2.835880e-04
4.652682e-04
9.905032e-04
1.271953e-03
1.547366e-03
2.440795e-03
3.184820e-03
3.744583e-03
5.335722e-03
7.338629e-03
7.367910e-03
7.397191e-03
8.711610e-03
9.566874e-03
1.377822e-02
1.553596e-02
1.641416e-02
1.670424e-02
1.705670e-02
2.134436e-02
2.423275e-02
2.617758e-02
2.397357e-02
2.962683e-02
3.565304e-02
3.153899e-02
3.806802e-02
4.266528e-02
4.318311e-02
5.056350e-02
5.670239e-02
4.914253e-02
4.776383e-02
5.739670e-02
6.505653e-02
6.531879e-02
5.594303e-02
5.980310e-02
6.319608e-02
7.240468e-02
7.419741e-02
7.176144e-02
6.414340e-02
6.832869e-02
7.929670e-02
7.738610e-02
7.722277e-02
7.684167e-02
6.903920e-02
7.702223e-02
8.212318e-02
8.363790e-02
8.341968e-02
7.682383e-02
7.739256e-02
7.950468e-02
8.525608e-02
8.480465e-02
8.213452e-02
8.190814e-02
8.500196e-02
8.663364e-02
8.744383e-02
8.747268e-02
8.563948e-02
8.451196e-02
8.432760e-02
8.430712e-02
8.647268e-02
8.810262e-02
8.782914e-02
8.630519e-02
8.717528e-02
8.880411e-02
8.889063e-02
8.861797e-02
8.849066e-02
8.693911e-02
8.789122e-02
8.879642e-02
8.911012e-02
8.900065e-02
8.938030e-02
8.950379e-02
8.977351e-02
8.988910e-02
8.991771e-02
9.030388e-02
9.112488e-02
9.109081e-02
9.108882e-02
9.097670e-02
