5.185892e-07
6.849167e-07
9.968021e-07
1.202066e-06
1.681042e-06
2.475733e-06
3.168551e-06
4.267797e-06
6.516217e-06
9.088671e-06
1.119809e-05
1.604286e-05
2.553740e-05
3.413343e-05
4.403210e-05
5.993561e-05
8.739832e-05
1.114140e-04
1.397863e-04
1.692493e-04
2.487148e-04
2.941025e-04
3.548445e-04
4.747548e-04
5.683114e-04
7.316149e-04
1.096750e-03
1.246325e-03
1.387878e-03
1.776594e-03
2.054108e-03
2.228646e-03
2.708548e-03
3.233526e-03
3.229745e-03
3.225964e-03
3.519826e-03
3.716530e-03
4.515684e-03
4.817900e-03
4.967665e-03
5.015423e-03
5.060121e-03
5.728480e-03
6.138281e-03
6.402450e-03
6.071553e-03
6.824514e-03
7.557186e-03
7.039824e-03
7.819673e-03
8.326247e-03
8.352224e-03
9.101843e-03
9.699950e-03
8.945380e-03
8.804181e-03
9.739072e-03
1.042687e-02
1.044030e-02
9.580208e-03
9.938566e-03
1.024645e-02
1.102270e-02
1.115684e-02
1.095024e-02
1.029887e-02
1.065460e-02
1.153778e-02
1.137994e-02
1.136768e-02
1.133908e-02
1.069780e-02
1.135598e-02
1.174387e-02
1.184727e-02
1.182777e-02
1.131753e-02
1.136242e-02
1.153137e-02
1.194425e-02
1.190602e-02
1.171093e-02
1.170777e-02
1.193817e-02
1.204242e-02
1.210577e-02
1.210649e-02
1.196855e-02
1.188211e-02
1.187615e-02
1.187548e-02
1.203217e-02
1.213133e-02
1.211889e-02
1.200240e-02
1.206688e-02
1.218156e-02
1.219216e-02
1.217781e-02
1.215907e-02
1.204111e-02
1.211253e-02
1.217813e-02
1.219157e-02
1.218512e-02
1.219668e-02
1.223214e-02
1.224583e-02
1.226136e-02
1.226693e-02
1.229055e-02
1.234500e-02
1.231829e-02
1.231742e-02
1.227459e-02
