0.000000e+00
2.137266e-81
1.653826e-74
-1.190824e-72
3.595105e-69
-2.637394e-63
1.382754e-57
-1.383365e-52
-1.395825e-46
1.849266e-40
2.260711e-34
6.015064e-29
3.537211e-11
7.950968e-11
1.546417e-10
3.592085e-10
9.654055e-10
1.783648e-09
3.184210e-09
5.156842e-09
1.394932e-08
2.129701e-08
3.493994e-08
7.520468e-08
1.217808e-07
2.453329e-07
8.125495e-07
1.216526e-06
1.723811e-06
3.963390e-06
6.747144e-06
9.037894e-06
1.946635e-05
4.051260e-05
3.993853e-05
3.936446e-05
5.639594e-05
7.189014e-05
1.669747e-04
2.184494e-04
2.507973e-04
2.609941e-04
2.695837e-04
4.717047e-04
6.448805e-04
7.799044e-04
6.033949e-04
1.055932e-03
1.657592e-03
1.180028e-03
1.928265e-03
2.590087e-03
2.617811e-03
3.955029e-03
5.285658e-03
3.570751e-03
3.318066e-03
5.364174e-03
7.426458e-03
7.445854e-03
4.914904e-03
5.870869e-03
6.804970e-03
9.660277e-03
1.020749e-02
9.296536e-03
6.917722e-03
8.172874e-03
1.199978e-02
1.116554e-02
1.111068e-02
1.098267e-02
8.265309e-03
1.105898e-02
1.303063e-02
1.360098e-02
1.348071e-02
1.082106e-02
1.104973e-02
1.188543e-02
1.415743e-02
1.394401e-02
1.279133e-02
1.275695e-02
1.403413e-02
1.469035e-02
1.504605e-02
1.504681e-02
1.422331e-02
1.370199e-02
1.365131e-02
1.364568e-02
1.455933e-02
1.526237e-02
1.516110e-02
1.441705e-02
1.483744e-02
1.552893e-02
1.556028e-02
1.545244e-02
1.537232e-02
1.465035e-02
1.507860e-02
1.548034e-02
1.556945e-02
1.550091e-02
1.566716e-02
1.570013e-02
1.576800e-02
1.578968e-02
1.579475e-02
1.581097e-02
1.585683e-02
1.580469e-02
1.580369e-02
1.574527e-02
