0.000000e+00
1.466444e-86
2.141384e-80
1.125907e-78
4.620350e-75
9.662410e-69
9.186962e-64
-2.806580e-58
1.663953e-53
6.842278e-47
1.818773e-40
-2.227797e-34
9.781875e-29
4.914166e-11
1.017362e-10
2.345354e-10
6.435208e-10
1.234011e-09
2.234148e-09
3.693683e-09
9.839165e-09
1.524202e-08
2.466879e-08
5.322764e-08
8.398904e-08
1.659974e-07
4.866037e-07
7.045706e-07
9.453589e-07
1.947924e-06
3.055872e-06
4.010320e-06
7.829417e-06
1.517594e-05
1.515767e-05
1.513940e-05
2.153823e-05
2.682447e-05
6.430632e-05
8.567404e-05
9.891181e-05
1.031933e-04
1.076861e-04
1.976245e-04
2.801339e-04
3.470763e-04
2.643170e-04
4.968762e-04
8.293199e-04
5.676756e-04
9.932430e-04
1.394362e-03
1.427240e-03
2.315341e-03
3.237993e-03
2.063485e-03
1.891747e-03
3.315063e-03
4.861118e-03
4.891471e-03
3.015468e-03
3.707632e-03
4.401716e-03
6.667381e-03
7.143535e-03
6.413678e-03
4.527591e-03
5.518446e-03
8.688861e-03
8.007242e-03
7.958156e-03
7.843614e-03
5.613121e-03
7.902501e-03
9.613111e-03
1.013666e-02
1.003911e-02
7.751224e-03
7.945297e-03
8.649170e-03
1.067424e-02
1.048767e-02
9.475942e-03
9.424654e-03
1.056500e-02
1.117547e-02
1.149941e-02
1.150421e-02
1.076155e-02
1.030502e-02
1.024829e-02
1.024199e-02
1.107462e-02
1.172356e-02
1.162230e-02
1.096813e-02
1.133769e-02
1.198699e-02
1.201969e-02
1.191351e-02
1.184733e-02
1.119350e-02
1.158225e-02
1.194967e-02
1.204344e-02
1.198267e-02
1.213151e-02
1.216400e-02
1.223789e-02
1.226136e-02
1.226693e-02
1.229055e-02
1.234500e-02
1.231829e-02
1.231742e-02
1.227459e-02
