7.351964e-07
9.874287e-07
1.478223e-06
1.817486e-06
2.609145e-06
3.996906e-06
5.252060e-06
7.294174e-06
1.159059e-05
1.671826e-05
2.087891e-05
3.076230e-05
5.012910e-05
6.764750e-05
8.748808e-05
1.193363e-04
1.729798e-04
2.189179e-04
2.723344e-04
3.268835e-04
4.697896e-04
5.495264e-04
6.542148e-04
8.553540e-04
1.008622e-03
1.269988e-03
1.831348e-03
2.055541e-03
2.263866e-03
2.823778e-03
3.213939e-03
3.458563e-03
4.112123e-03
4.810081e-03
4.806519e-03
4.802957e-03
5.188977e-03
5.444233e-03
6.466738e-03
6.849051e-03
7.036657e-03
7.096660e-03
7.154271e-03
7.978984e-03
8.479509e-03
8.800249e-03
8.403066e-03
9.309976e-03
1.018349e-02
9.573065e-03
1.049576e-02
1.109033e-02
1.112319e-02
1.199208e-02
1.268006e-02
1.181605e-02
1.165370e-02
1.272829e-02
1.351067e-02
1.352730e-02
1.255075e-02
1.295988e-02
1.331000e-02
1.418690e-02
1.433871e-02
1.410792e-02
1.337389e-02
1.377659e-02
1.476838e-02
1.459344e-02
1.457984e-02
1.454811e-02
1.382934e-02
1.456771e-02
1.500115e-02
1.511729e-02
1.509614e-02
1.452847e-02
1.457878e-02
1.476731e-02
1.522847e-02
1.518635e-02
1.497025e-02
1.496651e-02
1.522293e-02
1.533946e-02
1.540993e-02
1.541112e-02
1.525873e-02
1.516342e-02
1.515689e-02
1.515616e-02
1.533025e-02
1.544076e-02
1.542716e-02
1.529883e-02
1.537019e-02
1.549811e-02
1.550998e-02
1.549425e-02
1.547397e-02
1.534395e-02
1.542350e-02
1.549733e-02
1.551455e-02
1.550820e-02
1.552325e-02
1.556369e-02
1.558136e-02
1.560049e-02
1.560717e-02
1.564573e-02
1.573327e-02
1.570810e-02
1.570717e-02
1.566222e-02
