0.000000e+00
9.212633e-75
1.228403e-68
-3.457096e-67
4.923452e-63
6.509274e-58
2.063301e-51
3.513510e-46
3.946056e-42
-5.426082e-35
1.729084e-28
5.447940e-11
1.774233e-10
3.620294e-10
6.777213e-10
1.385462e-09
3.299614e-09
5.787056e-09
9.651513e-09
1.489832e-08
3.466913e-08
5.064134e-08
7.664073e-08
1.491623e-07
2.214686e-07
3.993868e-07
1.012626e-06
1.392699e-06
1.792974e-06
3.337384e-06
4.886900e-06
6.150616e-06
1.078984e-05
1.879344e-05
1.879410e-05
1.879475e-05
2.535116e-05
3.044471e-05
6.486016e-05
8.352567e-05
9.478013e-05
9.841681e-05
1.022066e-04
1.767649e-04
2.433431e-04
2.966588e-04
2.303561e-04
4.139333e-04
6.723306e-04
4.687330e-04
7.977038e-04
1.103814e-03
1.127582e-03
1.800906e-03
2.497558e-03
1.608273e-03
1.477285e-03
2.551911e-03
3.713135e-03
3.734102e-03
2.322515e-03
2.842777e-03
3.363782e-03
5.059323e-03
5.412663e-03
4.865837e-03
3.452804e-03
4.193647e-03
6.559211e-03
6.048795e-03
6.012120e-03
5.926540e-03
4.259095e-03
5.969899e-03
7.242015e-03
7.628424e-03
7.554845e-03
5.850520e-03
5.995100e-03
6.520332e-03
8.021047e-03
7.881805e-03
7.129572e-03
7.094299e-03
7.940915e-03
8.391091e-03
8.632005e-03
8.635134e-03
8.082733e-03
7.742655e-03
7.701856e-03
7.697324e-03
8.314607e-03
8.792543e-03
8.718393e-03
8.231182e-03
8.506197e-03
8.986440e-03
9.011511e-03
8.933757e-03
8.882496e-03
8.395434e-03
8.684869e-03
8.957049e-03
9.023597e-03
8.978496e-03
9.085272e-03
9.113776e-03
9.166060e-03
9.183929e-03
9.188497e-03
9.199746e-03
9.226500e-03
9.199748e-03
9.198942e-03
9.159035e-03
