2.070382e-08
3.048747e-08
5.106924e-08
6.691307e-08
1.038842e-07
1.746394e-07
2.424588e-07
3.592899e-07
6.243894e-07
9.566498e-07
1.254893e-06
1.988920e-06
3.615473e-06
5.262252e-06
7.344050e-06
1.098322e-05
1.807358e-05
2.498660e-05
3.384942e-05
4.379202e-05
7.360235e-05
9.243262e-05
1.194144e-04
1.778307e-04
2.272880e-04
3.217749e-04
5.601383e-04
6.684404e-04
7.745247e-04
1.086231e-03
1.325928e-03
1.484577e-03
1.940383e-03
2.474821e-03
2.471744e-03
2.468667e-03
2.783782e-03
2.999559e-03
3.924226e-03
4.288850e-03
4.473507e-03
4.532605e-03
4.589649e-03
5.443220e-03
5.986840e-03
6.344020e-03
5.900161e-03
6.932601e-03
7.974909e-03
7.235494e-03
8.359477e-03
9.115378e-03
9.160964e-03
1.031519e-02
1.125637e-02
1.006959e-02
9.854222e-03
1.132528e-02
1.244375e-02
1.246611e-02
1.107305e-02
1.164999e-02
1.215135e-02
1.344304e-02
1.367108e-02
1.332243e-02
1.224208e-02
1.283176e-02
1.432979e-02
1.405728e-02
1.403652e-02
1.398806e-02
1.290576e-02
1.401594e-02
1.468625e-02
1.486951e-02
1.483618e-02
1.395399e-02
1.403109e-02
1.432038e-02
1.504902e-02
1.498508e-02
1.463967e-02
1.462740e-02
1.502764e-02
1.521917e-02
1.532678e-02
1.532885e-02
1.508941e-02
1.493822e-02
1.492374e-02
1.492213e-02
1.519695e-02
1.538544e-02
1.535987e-02
1.515551e-02
1.527048e-02
1.547191e-02
1.548623e-02
1.545831e-02
1.543249e-02
1.522732e-02
1.535142e-02
1.546680e-02
1.549482e-02
1.548115e-02
1.551416e-02
1.555438e-02
1.558037e-02
1.560049e-02
1.560717e-02
1.564573e-02
1.573327e-02
1.570810e-02
1.570717e-02
1.566222e-02
