1.711917e-08
2.434913e-08
3.969585e-08
5.103605e-08
7.749804e-08
1.264275e-07
1.713571e-07
2.451686e-07
4.018019e-07
5.955674e-07
7.438265e-07
1.123372e-06
1.883594e-06
2.589215e-06
3.392935e-06
4.790228e-06
7.307310e-06
9.582591e-06
1.244781e-05
1.555174e-05
2.503068e-05
3.080582e-05
3.934313e-05
5.782283e-05
7.411091e-05
1.053041e-04
1.908315e-04
2.300503e-04
2.713859e-04
3.965026e-04
4.984998e-04
5.630837e-04
7.709878e-04
1.030779e-03
1.024924e-03
1.019070e-03
1.171925e-03
1.285552e-03
1.765585e-03
1.959788e-03
2.063015e-03
2.095289e-03
2.120314e-03
2.611371e-03
2.930605e-03
3.143576e-03
2.859496e-03
3.491337e-03
4.142111e-03
3.657211e-03
4.377054e-03
4.870706e-03
4.882915e-03
5.656914e-03
6.303363e-03
5.468676e-03
5.321704e-03
6.330926e-03
7.117825e-03
7.123938e-03
6.132296e-03
6.535411e-03
6.890191e-03
7.810689e-03
7.965450e-03
7.703407e-03
6.926307e-03
7.343062e-03
8.424348e-03
8.213731e-03
8.198525e-03
8.163042e-03
7.374118e-03
8.180819e-03
8.667497e-03
8.795073e-03
8.766128e-03
8.110113e-03
8.166257e-03
8.380401e-03
8.903628e-03
8.854082e-03
8.593813e-03
8.588990e-03
8.881424e-03
9.016732e-03
9.094867e-03
9.093368e-03
8.912565e-03
8.796357e-03
8.786537e-03
8.785446e-03
8.985347e-03
9.120185e-03
9.100981e-03
8.942415e-03
9.028572e-03
9.170067e-03
9.179506e-03
9.158284e-03
9.135626e-03
8.979530e-03
9.070766e-03
9.153405e-03
9.165018e-03
9.152962e-03
9.171316e-03
9.198424e-03
9.208682e-03
9.218053e-03
9.221471e-03
9.215731e-03
9.211950e-03
9.167663e-03
9.166813e-03
9.119207e-03
