0.000000e+00
-1.143993e-80
3.171201e-74
1.176177e-72
1.528599e-68
1.167005e-62
5.590757e-57
7.122370e-52
-3.612723e-46
-6.453596e-40
-1.807440e-34
1.492919e-28
8.162319e-11
1.759008e-10
3.390362e-10
7.416743e-10
1.891158e-09
3.418952e-09
5.915491e-09
9.367034e-09
2.349739e-08
3.511430e-08
5.505793e-08
1.123889e-07
1.727958e-07
3.249667e-07
9.053300e-07
1.279692e-06
1.700684e-06
3.429750e-06
5.333737e-06
6.881997e-06
1.332108e-05
2.556386e-05
2.538789e-05
2.521191e-05
3.539824e-05
4.399215e-05
1.006655e-04
1.317794e-04
1.509903e-04
1.571295e-04
1.629826e-04
2.881068e-04
3.981500e-04
4.856401e-04
3.746203e-04
6.718161e-04
1.079730e-03
7.574778e-04
1.271029e-03
1.735369e-03
1.765154e-03
2.746948e-03
3.739686e-03
2.466173e-03
2.276487e-03
3.808883e-03
5.403873e-03
5.425726e-03
3.478008e-03
4.204934e-03
4.922479e-03
7.186893e-03
7.640653e-03
6.916509e-03
5.029267e-03
6.021700e-03
9.111394e-03
8.444103e-03
8.397553e-03
8.288928e-03
6.102671e-03
8.348032e-03
9.972583e-03
1.045400e-02
1.035680e-02
8.175262e-03
8.361246e-03
9.039386e-03
1.093199e-02
1.075581e-02
9.802449e-03
9.764140e-03
1.082867e-02
1.138645e-02
1.168481e-02
1.168717e-02
1.099656e-02
1.056715e-02
1.051778e-02
1.051230e-02
1.128193e-02
1.187596e-02
1.178639e-02
1.117157e-02
1.151699e-02
1.210599e-02
1.213505e-02
1.204044e-02
1.197566e-02
1.136815e-02
1.172806e-02
1.206552e-02
1.214598e-02
1.208784e-02
1.222324e-02
1.225393e-02
1.231465e-02
1.233484e-02
1.233968e-02
1.235078e-02
1.238298e-02
1.234227e-02
1.234141e-02
1.229223e-02
