3.317326e-18
1.021662e-17
4.558648e-17
1.379264e-16
3.533987e-16
1.562356e-15
3.905355e-15
1.153953e-14
4.879342e-14
1.479450e-13
2.744869e-13
8.755013e-13
3.560410e-12
8.284489e-12
1.653581e-11
3.962395e-11
1.099003e-10
2.067848e-10
3.744601e-10
6.130946e-10
1.678032e-09
2.567942e-09
4.204695e-09
8.915875e-09
1.418707e-08
2.743299e-08
7.978760e-08
1.123308e-07
1.499573e-07
2.936622e-07
4.416814e-07
5.537422e-07
9.805138e-07
1.677001e-06
1.668646e-06
1.660291e-06
2.182054e-06
2.579288e-06
4.973899e-06
6.169534e-06
6.854895e-06
7.074815e-06
7.291719e-06
1.171936e-05
1.572820e-05
1.918367e-05
1.486189e-05
2.999523e-05
6.149964e-05
3.326160e-05
8.779107e-05
1.986705e-04
2.138104e-04
8.820238e-04
2.212282e-03
5.771739e-04
4.581188e-04
2.416695e-03
7.752972e-03
7.920870e-03
1.838993e-03
3.494621e-03
5.992080e-03
1.313757e-03
1.578655e-03
1.180458e-03
6.661016e-03
9.955003e-03
2.793667e-03
2.212940e-03
2.182183e-03
2.110413e-03
1.352017e-02
2.191969e-03
3.847891e-03
4.497751e-03
4.392051e-03
2.121878e-03
2.323657e-03
2.961581e-03
5.465611e-03
5.195608e-03
3.884588e-03
3.881450e-03
5.452640e-03
6.446400e-03
7.069443e-03
7.132753e-03
5.904939e-03
5.222193e-03
5.195020e-03
5.192002e-03
6.580931e-03
7.877943e-03
7.773835e-03
6.561600e-03
7.335456e-03
8.844117e-03
8.961111e-03
8.816215e-03
8.723359e-03
7.409929e-03
8.271612e-03
9.184597e-03
9.556226e-03
9.467302e-03
1.004239e-02
1.023977e-02
1.061606e-02
1.086035e-02
1.092557e-02
1.215608e-02
1.517624e-02
1.749334e-02
1.750536e-02
1.884735e-02
