2.389285e-09
3.591775e-09
6.200332e-09
8.259803e-09
1.306551e-08
2.235461e-08
3.121023e-08
4.636509e-08
7.991245e-08
1.206973e-07
1.556394e-07
2.384796e-07
4.071441e-07
5.625317e-07
7.488264e-07
1.042433e-06
1.566039e-06
2.037316e-06
2.596643e-06
3.190477e-06
4.822619e-06
5.802424e-06
7.106757e-06
9.937003e-06
1.217602e-05
1.645658e-05
2.720805e-05
3.225778e-05
3.718608e-05
5.327195e-05
6.657211e-05
7.557690e-05
1.056357e-04
1.469396e-04
1.464208e-04
1.459020e-04
1.734808e-04
1.931043e-04
2.954387e-04
3.405386e-04
3.651975e-04
3.729998e-04
3.798114e-04
5.143626e-04
6.118739e-04
6.812627e-04
5.905785e-04
8.070002e-04
1.056766e-03
8.651992e-04
1.156216e-03
1.377010e-03
1.386459e-03
1.781760e-03
2.138200e-03
1.676779e-03
1.598558e-03
2.154583e-03
2.644234e-03
2.648907e-03
2.038348e-03
2.276023e-03
2.495222e-03
3.117431e-03
3.230507e-03
3.044092e-03
2.519210e-03
2.796253e-03
3.573266e-03
3.415278e-03
3.403494e-03
3.375998e-03
2.813241e-03
3.387941e-03
3.762035e-03
3.864530e-03
3.841902e-03
3.336733e-03
3.379188e-03
3.539797e-03
3.953642e-03
3.913825e-03
3.705996e-03
3.699705e-03
3.933351e-03
4.045528e-03
4.109400e-03
4.108316e-03
3.959631e-03
3.865653e-03
3.856118e-03
3.855059e-03
4.018892e-03
4.132521e-03
4.115076e-03
3.984808e-03
4.055470e-03
4.174075e-03
4.181622e-03
4.162824e-03
4.144481e-03
4.014750e-03
4.089558e-03
4.157072e-03
4.166225e-03
4.154416e-03
4.169087e-03
4.186834e-03
4.193293e-03
4.197830e-03
4.199702e-03
4.178207e-03
4.132085e-03
4.083517e-03
4.082794e-03
4.038036e-03
