1.610521e-10
2.638730e-10
5.201960e-10
7.577322e-10
1.312015e-09
2.575282e-09
3.909565e-09
6.380449e-09
1.244158e-08
2.105733e-08
2.829373e-08
4.879499e-08
9.544240e-08
1.433336e-07
2.015907e-07
3.085566e-07
5.131226e-07
7.069284e-07
9.562485e-07
1.232235e-06
2.083520e-06
2.614176e-06
3.394222e-06
5.139147e-06
6.681826e-06
9.766111e-06
1.880400e-05
2.335443e-05
2.827635e-05
4.497741e-05
6.027582e-05
7.075957e-05
1.088870e-04
1.654470e-04
1.641197e-04
1.627923e-04
2.006719e-04
2.304381e-04
3.797397e-04
4.475840e-04
4.860969e-04
4.981682e-04
5.077755e-04
7.159506e-04
8.686461e-04
9.775794e-04
8.325615e-04
1.173967e-03
1.569036e-03
1.264203e-03
1.725607e-03
2.079582e-03
2.090549e-03
2.716620e-03
3.283120e-03
2.549046e-03
2.428522e-03
3.308261e-03
4.081280e-03
4.087063e-03
3.122559e-03
3.499987e-03
3.848353e-03
4.826437e-03
5.000715e-03
4.706095e-03
3.882979e-03
4.319068e-03
5.538716e-03
5.287069e-03
5.269401e-03
5.228173e-03
4.346053e-03
5.248013e-03
5.832498e-03
5.992280e-03
5.956568e-03
5.165268e-03
5.232356e-03
5.485004e-03
6.132297e-03
6.070673e-03
5.743803e-03
5.734862e-03
6.098399e-03
6.273932e-03
6.372321e-03
6.370677e-03
6.140325e-03
5.992946e-03
5.978945e-03
5.977389e-03
6.231178e-03
6.411871e-03
6.384629e-03
6.180296e-03
6.292338e-03
6.475479e-03
6.485637e-03
6.456715e-03
6.429796e-03
6.229495e-03
6.346102e-03
6.451801e-03
6.468212e-03
6.449860e-03
6.480007e-03
6.500830e-03
6.512818e-03
6.519119e-03
6.521453e-03
6.500747e-03
6.463182e-03
6.411175e-03
6.410355e-03
6.362506e-03
