2.916092e-11
4.931117e-11
1.014289e-10
1.521521e-10
2.705131e-10
5.528055e-10
8.598902e-10
1.441717e-09
2.910787e-09
5.059716e-09
6.893207e-09
1.218530e-08
2.448547e-08
3.733652e-08
5.312154e-08
8.231342e-08
1.384870e-07
1.920967e-07
2.609677e-07
3.373490e-07
5.698556e-07
7.141202e-07
9.227112e-07
1.381364e-06
1.774141e-06
2.537754e-06
4.583072e-06
5.551264e-06
6.532578e-06
9.701742e-06
1.237337e-05
1.421501e-05
2.075640e-05
3.162865e-05
3.145929e-05
3.128993e-05
4.025131e-05
4.842069e-05
1.118488e-04
1.538845e-04
1.841073e-04
1.938333e-04
2.036509e-04
4.418371e-04
7.035836e-04
9.447717e-04
6.525019e-04
1.574592e-03
3.119869e-03
1.880290e-03
4.049249e-03
6.562144e-03
6.794980e-03
1.312238e-02
1.364398e-03
1.145404e-02
1.038913e-02
1.418901e-03
2.233650e-03
2.259401e-03
1.286870e-03
1.648982e-03
2.037125e-03
3.364753e-03
3.670557e-03
3.239850e-03
2.147109e-03
2.749471e-03
4.825245e-03
4.388853e-03
4.368729e-03
4.321770e-03
2.893196e-03
4.440809e-03
5.676356e-03
6.092407e-03
6.056468e-03
4.473631e-03
4.642881e-03
5.181594e-03
6.819908e-03
6.690030e-03
5.957363e-03
5.992897e-03
6.948712e-03
7.475990e-03
7.814169e-03
7.881308e-03
7.316788e-03
6.985325e-03
7.006187e-03
7.008504e-03
7.765987e-03
8.427411e-03
8.436275e-03
7.901160e-03
8.314980e-03
9.124920e-03
9.212311e-03
9.197753e-03
9.188863e-03
8.622192e-03
9.062624e-03
9.532649e-03
9.795981e-03
9.801253e-03
1.013969e-02
1.034392e-02
1.062808e-02
1.086035e-02
1.092557e-02
1.215608e-02
1.517624e-02
1.749334e-02
1.750536e-02
1.884735e-02
