6.849867e-15
1.595404e-14
4.986757e-14
1.057953e-13
2.363010e-13
7.321579e-13
1.471329e-12
3.345112e-12
1.007329e-11
2.372108e-11
3.822315e-11
9.309717e-11
2.746450e-10
5.274246e-10
9.033010e-10
1.777454e-09
3.938006e-09
6.463731e-09
1.029579e-08
1.517326e-08
3.354710e-08
4.702002e-08
6.935202e-08
1.263736e-07
1.834018e-07
3.115431e-07
7.420178e-07
9.810110e-07
1.243756e-06
2.180771e-06
3.070073e-06
3.708953e-06
6.044412e-06
9.646380e-06
9.594469e-06
9.542557e-06
1.214863e-05
1.411169e-05
2.572828e-05
3.147549e-05
3.483306e-05
3.590000e-05
3.686866e-05
5.840301e-05
7.708318e-05
9.200439e-05
7.264575e-05
1.250581e-04
2.008429e-04
1.387599e-04
2.379754e-04
3.360712e-04
3.417251e-04
5.817805e-04
8.512645e-04
5.028900e-04
4.552390e-04
8.654685e-04
1.369254e-03
1.373577e-03
7.644209e-04
9.763258e-04
1.201058e-03
2.000623e-03
2.171481e-03
1.889901e-03
1.225685e-03
1.565013e-03
2.757326e-03
2.474313e-03
2.455169e-03
2.410498e-03
1.577442e-03
2.431508e-03
3.116109e-03
3.324994e-03
3.279045e-03
2.348302e-03
2.425663e-03
2.705461e-03
3.524437e-03
3.441710e-03
3.015297e-03
3.000819e-03
3.473290e-03
3.724228e-03
3.863696e-03
3.862605e-03
3.538681e-03
3.339733e-03
3.318801e-03
3.316476e-03
3.666309e-03
3.938089e-03
3.896100e-03
3.603522e-03
3.765115e-03
4.038189e-03
4.051607e-03
4.006579e-03
3.971606e-03
3.681986e-03
3.850225e-03
4.007841e-03
4.037648e-03
4.008326e-03
4.065541e-03
4.081158e-03
4.102269e-03
4.107567e-03
4.109071e-03
4.081763e-03
4.026955e-03
3.975883e-03
3.975148e-03
3.930808e-03
