2.978642e-15
7.353534e-15
2.404961e-14
5.333747e-14
1.216798e-13
3.907541e-13
8.040457e-13
1.895612e-12
6.004373e-12
1.423214e-11
2.389293e-11
5.868095e-11
1.767417e-10
3.427764e-10
6.047582e-10
1.184640e-09
2.648166e-09
4.410842e-09
7.057927e-09
1.047289e-08
2.291218e-08
3.228007e-08
4.718412e-08
8.619159e-08
1.236416e-07
2.093438e-07
4.820523e-07
6.355867e-07
7.933534e-07
1.358799e-06
1.871485e-06
2.255942e-06
3.542489e-06
5.401963e-06
5.412578e-06
5.423193e-06
6.794774e-06
7.695028e-06
1.324177e-05
1.586004e-05
1.726898e-05
1.772996e-05
1.825581e-05
2.732053e-05
3.536201e-05
4.220417e-05
3.393802e-05
6.133730e-05
1.117498e-04
6.900993e-05
1.476292e-04
2.690601e-04
2.853170e-04
2.847068e-04
3.317772e-04
6.044075e-04
5.146685e-04
3.423609e-04
6.261983e-04
6.325532e-04
2.974102e-04
4.044043e-04
5.329376e-04
1.106865e-03
1.260055e-03
1.032846e-03
5.598566e-04
8.023544e-04
1.880563e-03
1.604847e-03
1.589110e-03
1.552387e-03
8.272203e-04
1.596601e-03
2.371054e-03
2.652589e-03
2.612906e-03
1.571687e-03
1.668833e-03
1.983084e-03
3.084294e-03
2.979324e-03
2.431770e-03
2.433047e-03
3.104903e-03
3.508376e-03
3.757749e-03
3.791616e-03
3.320039e-03
3.050392e-03
3.043822e-03
3.043092e-03
3.615100e-03
4.135167e-03
4.109081e-03
3.650567e-03
3.964486e-03
4.585566e-03
4.641314e-03
4.600259e-03
4.578626e-03
4.079554e-03
4.430271e-03
4.805654e-03
4.990994e-03
4.972654e-03
5.235306e-03
5.350301e-03
5.551601e-03
5.699744e-03
5.740344e-03
6.575887e-03
8.898124e-03
1.092287e-02
1.093486e-02
1.223488e-02
