7.271133e-15
1.733012e-14
5.421479e-14
1.153338e-13
2.579529e-13
7.925891e-13
1.587133e-12
3.621119e-12
1.098922e-11
2.524597e-11
4.160981e-11
9.884189e-11
2.859937e-10
5.415123e-10
9.366292e-10
1.790602e-09
3.890960e-09
6.368093e-09
1.002511e-08
1.467653e-08
3.125663e-08
4.353652e-08
6.280862e-08
1.124856e-07
1.594649e-07
2.654349e-07
5.954207e-07
7.784238e-07
9.650803e-07
1.627630e-06
2.221200e-06
2.663325e-06
4.131331e-06
6.231533e-06
6.243662e-06
6.255792e-06
7.795265e-06
8.800168e-06
1.497594e-05
1.788538e-05
1.945621e-05
1.996988e-05
2.055365e-05
3.076786e-05
4.000705e-05
4.799453e-05
3.834422e-05
7.070353e-05
1.309340e-04
7.989193e-05
1.738619e-04
3.171469e-04
3.360154e-04
3.197821e-04
3.596568e-04
7.035818e-04
6.023391e-04
3.710955e-04
6.681382e-04
6.748669e-04
3.235095e-04
4.371004e-04
5.720431e-04
1.159931e-03
1.314422e-03
1.085714e-03
6.006753e-04
8.505193e-04
1.934077e-03
1.661575e-03
1.646074e-03
1.609902e-03
8.782680e-04
1.655112e-03
2.419560e-03
2.695124e-03
2.657194e-03
1.632508e-03
1.728972e-03
2.041248e-03
3.120545e-03
3.019235e-03
2.486569e-03
2.488957e-03
3.145013e-03
3.536113e-03
3.777927e-03
3.811922e-03
3.358046e-03
3.097587e-03
3.092443e-03
3.091872e-03
3.647233e-03
4.150269e-03
4.127244e-03
3.686895e-03
3.991275e-03
4.593348e-03
4.648210e-03
4.610935e-03
4.591548e-03
4.112874e-03
4.452170e-03
4.815409e-03
4.997673e-03
4.982069e-03
5.238082e-03
5.353307e-03
5.551942e-03
5.699744e-03
5.740344e-03
6.575887e-03
8.898124e-03
1.092287e-02
1.093486e-02
1.223488e-02
