6.238150e-11
1.087103e-10
2.257427e-10
3.412785e-10
6.108777e-10
1.253719e-09
1.963003e-09
3.337001e-09
6.917188e-09
1.187613e-08
1.681133e-08
2.937687e-08
5.921052e-08
9.058643e-08
1.326874e-07
2.035437e-07
3.452988e-07
4.882989e-07
6.692978e-07
8.763840e-07
1.485078e-06
1.887918e-06
2.449797e-06
3.763778e-06
4.872727e-06
7.184845e-06
1.359777e-05
1.697129e-05
2.035240e-05
3.211795e-05
4.271631e-05
5.056020e-05
7.740413e-05
1.175315e-04
1.172576e-04
1.169836e-04
1.455852e-04
1.667381e-04
2.835596e-04
3.381789e-04
3.687190e-04
3.784802e-04
3.877989e-04
5.596030e-04
6.899218e-04
7.845699e-04
6.643100e-04
9.634572e-04
1.321763e-03
1.049594e-03
1.471632e-03
1.805054e-03
1.824627e-03
2.437060e-03
3.000486e-03
2.278993e-03
2.160414e-03
3.036950e-03
3.832186e-03
3.844372e-03
2.861424e-03
3.244047e-03
3.600881e-03
4.633166e-03
4.828243e-03
4.519852e-03
3.654467e-03
4.114675e-03
5.426507e-03
5.162120e-03
5.142647e-03
5.097208e-03
4.155796e-03
5.119798e-03
5.763067e-03
5.946087e-03
5.909914e-03
5.049477e-03
5.122908e-03
5.396117e-03
6.121428e-03
6.054799e-03
5.696136e-03
5.681803e-03
6.087570e-03
6.290438e-03
6.401775e-03
6.402167e-03
6.146770e-03
5.986511e-03
5.969148e-03
5.967219e-03
6.253995e-03
6.462379e-03
6.431185e-03
6.207946e-03
6.332542e-03
6.546216e-03
6.558901e-03
6.525750e-03
6.498679e-03
6.276554e-03
6.407812e-03
6.528684e-03
6.553491e-03
6.534083e-03
6.572146e-03
6.595691e-03
6.615299e-03
6.625321e-03
6.628503e-03
6.622321e-03
6.608771e-03
6.567316e-03
6.566518e-03
6.521262e-03
