6.311510e-04
7.726508e-04
1.016912e-03
1.151679e-03
1.466154e-03
1.905228e-03
2.240906e-03
2.702547e-03
3.482557e-03
4.244671e-03
4.760626e-03
5.795789e-03
7.358476e-03
8.488740e-03
9.583275e-03
1.106151e-02
1.309613e-02
1.456047e-02
1.605198e-02
1.740694e-02
2.039449e-02
2.184998e-02
2.354275e-02
2.643900e-02
2.836445e-02
3.130370e-02
3.655897e-02
3.841240e-02
3.998604e-02
4.392019e-02
4.636936e-02
4.784255e-02
5.143635e-02
5.489974e-02
5.490162e-02
5.490350e-02
5.672989e-02
5.785947e-02
6.217781e-02
6.370992e-02
6.442386e-02
6.465424e-02
6.489182e-02
6.789301e-02
6.962831e-02
7.072663e-02
6.942589e-02
7.241016e-02
7.516672e-02
7.329513e-02
7.613079e-02
7.787274e-02
7.799503e-02
8.044101e-02
8.231855e-02
7.998641e-02
7.953005e-02
8.246911e-02
8.450913e-02
8.456082e-02
8.200680e-02
8.309830e-02
8.401188e-02
8.624227e-02
8.662713e-02
8.605666e-02
8.419710e-02
8.522864e-02
8.769377e-02
8.727763e-02
8.724587e-02
8.717175e-02
8.538698e-02
8.722053e-02
8.827648e-02
8.855867e-02
8.850934e-02
8.714086e-02
8.726420e-02
8.772231e-02
8.883774e-02
8.874156e-02
8.822565e-02
8.821704e-02
8.882502e-02
8.910754e-02
8.927569e-02
8.927999e-02
8.892008e-02
8.870339e-02
8.867988e-02
8.867726e-02
8.908807e-02
8.935373e-02
8.932239e-02
8.902145e-02
8.918244e-02
8.948148e-02
8.950534e-02
8.946530e-02
8.942601e-02
8.911845e-02
8.931003e-02
8.951014e-02
8.959230e-02
8.959099e-02
8.967130e-02
8.978129e-02
8.986333e-02
8.994431e-02
8.996804e-02
9.027047e-02
9.093003e-02
9.078567e-02
9.078366e-02
9.061398e-02
