1.674410e-11
2.826322e-11
5.802024e-11
8.687764e-11
1.542155e-10
3.143265e-10
4.880396e-10
8.159586e-10
1.640222e-09
2.843601e-09
3.863115e-09
6.802299e-09
1.358535e-08
2.063332e-08
2.922770e-08
4.506581e-08
7.526133e-08
1.038685e-07
1.403727e-07
1.806349e-07
3.018004e-07
3.761881e-07
4.830801e-07
7.144805e-07
9.106722e-07
1.286546e-06
2.266326e-06
2.720147e-06
3.174462e-06
4.595810e-06
5.737184e-06
6.503796e-06
8.924040e-06
1.203722e-05
1.203005e-05
1.202288e-05
1.408213e-05
1.539864e-05
2.267127e-05
2.580135e-05
2.741505e-05
2.793625e-05
2.847750e-05
3.791882e-05
4.518667e-05
5.068670e-05
4.383194e-05
6.282547e-05
9.021149e-05
6.823438e-05
1.054602e-04
1.487888e-04
1.538902e-04
2.906820e-04
2.166354e-04
2.486606e-04
2.243508e-04
2.202418e-04
3.289971e-04
3.309929e-04
1.999362e-04
2.446892e-04
2.935080e-04
4.819229e-04
5.272785e-04
4.594506e-04
3.023702e-04
3.837027e-04
6.970683e-04
6.234811e-04
6.190285e-04
6.086385e-04
3.922542e-04
6.210951e-04
8.250964e-04
8.952579e-04
8.860228e-04
6.146177e-04
6.407255e-04
7.262952e-04
1.005772e-03
9.804344e-04
8.464567e-04
8.491452e-04
1.018925e-03
1.116096e-03
1.178668e-03
1.189097e-03
1.077741e-03
1.013554e-03
1.014869e-03
1.015015e-03
1.157686e-03
1.284474e-03
1.283881e-03
1.176241e-03
1.256302e-03
1.418721e-03
1.436517e-03
1.432601e-03
1.430088e-03
1.311593e-03
1.402620e-03
1.502132e-03
1.559605e-03
1.561024e-03
1.638261e-03
1.686015e-03
1.755593e-03
1.814755e-03
1.831719e-03
2.194591e-03
3.395992e-03
4.654978e-03
4.662952e-03
5.564167e-03
