1.373484e-16
3.778105e-16
1.397430e-15
3.484799e-15
8.355610e-15
3.033588e-14
6.753434e-14
1.747052e-13
6.292155e-13
1.611379e-12
2.911261e-12
7.733779e-12
2.582821e-11
5.344581e-11
1.010185e-10
2.088600e-10
5.022001e-10
8.852466e-10
1.480681e-09
2.290081e-09
5.317825e-09
7.751471e-09
1.168697e-08
2.248145e-08
3.309128e-08
5.870828e-08
1.425024e-07
1.925299e-07
2.434462e-07
4.281657e-07
5.979511e-07
7.346620e-07
1.167475e-06
1.790490e-06
1.803875e-06
1.817259e-06
2.287821e-06
2.584293e-06
4.463953e-06
5.343798e-06
5.794805e-06
5.945564e-06
6.142667e-06
8.866477e-06
1.101778e-05
1.261195e-05
1.079005e-05
1.603267e-05
2.297070e-05
1.777417e-05
2.631068e-05
3.379763e-05
3.500663e-05
5.418148e-05
7.600234e-05
4.828878e-05
4.408352e-05
7.785273e-05
1.281902e-04
1.293777e-04
6.983564e-05
8.817828e-05
1.093502e-04
2.142375e-04
2.451954e-04
1.998213e-04
1.135006e-04
1.553873e-04
3.674428e-04
3.067608e-04
3.022877e-04
2.918496e-04
1.547608e-04
2.949561e-04
4.632899e-04
5.280385e-04
5.144141e-04
2.815878e-04
2.993311e-04
3.595153e-04
5.992779e-04
5.707832e-04
4.400740e-04
4.334972e-04
5.806740e-04
6.748569e-04
7.301171e-04
7.305025e-04
6.071163e-04
5.402130e-04
5.314749e-04
5.305042e-04
6.566077e-04
7.674695e-04
7.490196e-04
6.356519e-04
6.972847e-04
8.171567e-04
8.240533e-04
8.035098e-04
7.895154e-04
6.692342e-04
7.382178e-04
8.078218e-04
8.247732e-04
8.117770e-04
8.397680e-04
8.481134e-04
8.616634e-04
8.664837e-04
8.677791e-04
8.706218e-04
9.127146e-04
1.009252e-03
1.009904e-03
1.112384e-03
