1.814965e-15
4.187221e-15
1.256971e-14
2.575311e-14
5.651617e-14
1.666280e-13
3.252423e-13
7.198717e-13
2.098401e-12
4.681159e-12
7.578077e-12
1.744748e-11
4.858349e-11
8.986925e-11
1.523953e-10
2.844079e-10
6.003715e-10
9.646364e-10
1.492403e-09
2.153113e-09
4.447731e-09
6.112020e-09
8.681186e-09
1.514838e-08
2.114012e-08
3.434078e-08
7.384433e-08
9.510466e-08
1.165066e-07
1.898974e-07
2.534159e-07
3.004229e-07
4.489161e-07
6.504836e-07
6.526215e-07
6.547593e-07
7.971256e-07
8.864493e-07
1.410679e-06
1.642483e-06
1.759422e-06
1.798015e-06
1.844653e-06
2.519417e-06
3.023122e-06
3.383104e-06
2.958786e-06
4.109619e-06
5.536961e-06
4.474642e-06
6.173371e-06
7.538460e-06
7.750184e-06
1.090929e-05
1.418128e-05
1.000011e-05
9.285710e-06
1.443774e-05
2.103566e-05
2.121318e-05
1.328785e-05
1.584523e-05
1.857745e-05
3.101437e-05
3.463747e-05
2.957452e-05
1.915464e-05
2.421284e-05
4.804532e-05
4.155963e-05
4.099934e-05
3.969192e-05
2.412630e-05
3.985703e-05
5.863107e-05
6.608076e-05
6.451070e-05
3.843225e-05
4.031162e-05
4.681461e-05
7.412228e-05
7.077994e-05
5.586817e-05
5.482036e-05
7.163757e-05
8.295638e-05
8.958883e-05
8.957810e-05
7.464899e-05
6.692149e-05
6.559908e-05
6.545219e-05
8.042924e-05
9.378035e-05
9.129100e-05
7.775745e-05
8.483176e-05
9.968378e-05
1.006157e-04
9.784818e-05
9.602141e-05
8.106529e-05
8.937328e-05
9.794394e-05
1.000126e-04
9.828323e-05
1.012093e-04
1.025229e-04
1.040522e-04
1.045584e-04
1.047096e-04
1.031872e-04
1.004835e-04
9.947498e-05
9.943203e-05
9.771402e-05
