3.869099e-08
5.031584e-08
7.256173e-08
8.662202e-08
1.194313e-07
1.718369e-07
2.152521e-07
2.800699e-07
4.031985e-07
5.375613e-07
6.343969e-07
8.518456e-07
1.229733e-06
1.536078e-06
1.860882e-06
2.342755e-06
3.100602e-06
3.711650e-06
4.385433e-06
5.051467e-06
6.730967e-06
7.638957e-06
8.787880e-06
1.105822e-05
1.272446e-05
1.562084e-05
2.198256e-05
2.461916e-05
2.705954e-05
3.437939e-05
3.974970e-05
4.318552e-05
5.381654e-05
6.720024e-05
6.714583e-05
6.709140e-05
7.597669e-05
8.198233e-05
1.155819e-04
1.314678e-04
1.406428e-04
1.436282e-04
1.469041e-04
2.004733e-04
2.447411e-04
2.802895e-04
2.405643e-04
2.070255e-04
2.572377e-04
2.186716e-04
2.779133e-04
3.236808e-04
3.266034e-04
4.137437e-04
4.954687e-04
3.917477e-04
3.744594e-04
5.030225e-04
6.241725e-04
6.278129e-04
4.798801e-04
5.388622e-04
5.955692e-04
7.616632e-04
7.965986e-04
7.495106e-04
6.117890e-04
6.894289e-04
9.178954e-04
8.771161e-04
8.752476e-04
8.708875e-04
7.118226e-04
8.860979e-04
1.007857e-03
1.047754e-03
1.046567e-03
8.982650e-04
9.162367e-04
9.715595e-04
1.130924e-03
1.120186e-03
1.058522e-03
1.066911e-03
1.159506e-03
1.208289e-03
1.244139e-03
1.255048e-03
1.209472e-03
1.184733e-03
1.192344e-03
1.193190e-03
1.267272e-03
1.332840e-03
1.343005e-03
1.302176e-03
1.346322e-03
1.443633e-03
1.458852e-03
1.467017e-03
1.472370e-03
1.427629e-03
1.476606e-03
1.534026e-03
1.581734e-03
1.592115e-03
1.647284e-03
1.695769e-03
1.756718e-03
1.814755e-03
1.831719e-03
2.194591e-03
3.395992e-03
4.654978e-03
4.662952e-03
5.564167e-03
