1.832706e-05
2.535103e-05
3.994244e-05
4.995257e-05
7.331090e-05
1.140047e-04
1.496934e-04
2.043422e-04
3.104983e-04
4.368040e-04
5.214229e-04
7.339488e-04
1.103754e-03
1.410832e-03
1.720741e-03
2.211667e-03
2.957098e-03
3.529358e-03
4.172605e-03
4.787001e-03
6.341516e-03
7.125283e-03
8.147961e-03
9.941203e-03
1.128718e-02
1.339326e-02
1.772679e-02
1.928616e-02
2.079241e-02
2.458697e-02
2.715790e-02
2.862983e-02
3.272175e-02
3.697730e-02
3.688277e-02
3.678823e-02
3.898308e-02
4.055159e-02
4.616591e-02
4.822904e-02
4.927278e-02
4.959834e-02
4.984455e-02
5.427078e-02
5.688994e-02
5.854290e-02
5.632956e-02
6.104761e-02
6.548481e-02
6.227288e-02
6.696877e-02
6.994879e-02
7.000537e-02
7.424659e-02
7.758860e-02
7.329758e-02
7.252350e-02
7.774694e-02
8.147661e-02
8.150918e-02
7.678384e-02
7.877291e-02
8.046545e-02
8.458921e-02
8.524490e-02
8.411994e-02
8.065125e-02
8.254954e-02
8.719742e-02
8.632147e-02
8.626236e-02
8.612443e-02
8.272997e-02
8.621034e-02
8.820888e-02
8.873303e-02
8.861746e-02
8.593486e-02
8.617266e-02
8.706630e-02
8.919832e-02
8.900473e-02
8.796266e-02
8.793722e-02
8.910877e-02
8.965392e-02
8.996315e-02
8.995824e-02
8.925416e-02
8.879899e-02
8.876278e-02
8.875875e-02
8.954113e-02
9.009064e-02
9.001563e-02
8.939493e-02
8.973260e-02
9.028322e-02
9.030934e-02
9.023213e-02
9.015210e-02
8.954798e-02
8.992067e-02
9.027265e-02
9.036888e-02
9.033430e-02
9.048039e-02
9.058022e-02
9.067278e-02
9.074121e-02
9.076042e-02
9.100651e-02
9.154415e-02
9.131441e-02
9.131169e-02
9.109177e-02
