4.829487e-11
8.071300e-11
1.589028e-10
2.308794e-10
3.988344e-10
7.750979e-10
1.172571e-09
1.909670e-09
3.733405e-09
6.141312e-09
8.455055e-09
1.407551e-08
2.664807e-08
3.921691e-08
5.549347e-08
8.154171e-08
1.310040e-07
1.789066e-07
2.369137e-07
3.012910e-07
4.781186e-07
5.902525e-07
7.389478e-07
1.069010e-06
1.328826e-06
1.840816e-06
3.069341e-06
3.659918e-06
4.195328e-06
5.898647e-06
7.210033e-06
8.166973e-06
1.087624e-05
1.423568e-05
1.431016e-05
1.438464e-05
1.670947e-05
1.801746e-05
2.597076e-05
2.934310e-05
3.098724e-05
3.153344e-05
3.222145e-05
4.179225e-05
4.887099e-05
5.398109e-05
4.794408e-05
6.428663e-05
8.477503e-05
6.919647e-05
9.392712e-05
1.144917e-04
1.168526e-04
1.643359e-04
2.141851e-04
1.499121e-04
1.395630e-04
2.169753e-04
3.090641e-04
3.104423e-04
1.988248e-04
2.370560e-04
2.770085e-04
4.254707e-04
4.593084e-04
4.069777e-04
2.825682e-04
3.452157e-04
5.716625e-04
5.187620e-04
5.146567e-04
5.050771e-04
3.467156e-04
5.083740e-04
6.434774e-04
6.859078e-04
6.769860e-04
4.936174e-04
5.084874e-04
5.624681e-04
7.273097e-04
7.102116e-04
6.250523e-04
6.215005e-04
7.184229e-04
7.704015e-04
8.004405e-04
8.005249e-04
7.325697e-04
6.922188e-04
6.875118e-04
6.869889e-04
7.608618e-04
8.167029e-04
8.082705e-04
7.479905e-04
7.812091e-04
8.417658e-04
8.459379e-04
8.366694e-04
8.286732e-04
7.663095e-04
8.026614e-04
8.370508e-04
8.439001e-04
8.381536e-04
8.481767e-04
8.568956e-04
8.626941e-04
8.664837e-04
8.677791e-04
8.706218e-04
9.127146e-04
1.009252e-03
1.009904e-03
1.112384e-03
