2.521359e-04
3.204021e-04
4.433631e-04
5.155029e-04
6.838388e-04
9.324742e-04
1.130085e-03
1.411060e-03
1.905553e-03
2.407791e-03
2.757445e-03
3.481464e-03
4.619568e-03
5.471876e-03
6.315941e-03
7.486534e-03
9.144541e-03
1.036789e-02
1.163746e-02
1.280938e-02
1.545656e-02
1.677202e-02
1.832291e-02
2.102692e-02
2.285341e-02
2.569055e-02
3.088186e-02
3.274540e-02
3.434429e-02
3.838807e-02
4.094101e-02
4.248575e-02
4.629950e-02
5.003003e-02
5.002870e-02
5.002736e-02
5.201293e-02
5.324419e-02
5.800232e-02
5.969258e-02
6.049189e-02
6.074947e-02
6.101226e-02
6.438193e-02
6.634792e-02
6.758959e-02
6.610905e-02
6.950738e-02
7.267329e-02
7.052175e-02
7.378002e-02
7.579446e-02
7.593715e-02
7.878972e-02
8.097658e-02
7.824595e-02
7.771749e-02
8.115278e-02
8.356635e-02
8.361628e-02
8.061700e-02
8.189102e-02
8.296818e-02
8.561043e-02
8.606584e-02
8.538689e-02
8.319038e-02
8.440616e-02
8.733484e-02
8.682954e-02
8.679201e-02
8.670443e-02
8.458292e-02
8.676265e-02
8.801970e-02
8.835711e-02
8.830110e-02
8.666431e-02
8.681048e-02
8.735761e-02
8.869694e-02
8.858370e-02
8.796267e-02
8.794220e-02
8.866519e-02
8.901777e-02
8.921134e-02
8.921273e-02
8.878555e-02
8.851713e-02
8.849580e-02
8.849343e-02
8.898432e-02
8.931338e-02
8.926899e-02
8.890609e-02
8.910411e-02
8.946224e-02
8.949056e-02
8.944028e-02
8.939325e-02
8.902727e-02
8.925551e-02
8.948669e-02
8.957914e-02
8.957425e-02
8.966519e-02
8.977519e-02
8.986281e-02
8.994431e-02
8.996804e-02
9.027047e-02
9.093003e-02
9.078567e-02
9.078366e-02
9.061398e-02
